c(43.005895, 43.005895, 43.005895, 43.005895, 43.005895, 43.005895, 40.922326, 40.922326, 18.180103, 18.363285, 18.448619, 18.498987, 18.465162, 18.182151, 18.256995, 18.142002, 18.288319, 18.279531, 18.449732, 18.458093, 18.429675, 17.96977, 18.426748, 18.455499, 18.185463, 18.003125, 18.08643, 18.055399, 18.232109, 18.235003, 18.435246, 18.186739, 18.194527, 18.111528, 18.262902, 18.113284, 18.073078, 18.308139, 18.176094, 18.077197, 18.268896, 18.341254, 18.049577, 18.308508, 18.442798, 17.964529, 
18.333038, 18.363331, 18.457453, 17.992112, 17.979518, 17.976371, 18.038866, 18.254137, 18.432956, 18.139108, 18.150829, 18.478855, 18.212565, 18.044224, 18.228952, 18.017819, 18.288418, 18.241343, 18.1789, 18.426137, 18.37956, 18.336121, 18.442334, 18.205232, 18.219023, 18.208402, 18.092807, 18.332595, 18.31708, 18.40415, 18.495369, 18.419666, 18.440667, 18.443109, 18.06547, 18.246205, 17.970112, 18.12942, 18.014505, 17.987288, 18.003492, 17.999066, 18.004303, 18.22048, 18.294571, 18.217827, 18.364161, 
18.023196, 18.233927, 18.212965, 18.23, 18.013353, 18.35615, 18.022626, 18.077329, 18.021781, 18.019331, 17.999499, 18.258444, 18.112895, 18.102967, 18.32265, 18.16984, 18.331711, 18.160755, 18.264872, 18.206329, 18.366213, 18.069474, 18.326732, 17.993803, 18.493745, 18.15633, 17.98631, 18.265445, 18.420218, 18.452175, 18.452084, 18.125664, 18.126023, 18.072752, 18.030715, 18.092813, 18.18744, 18.427674, 18.361344, 18.311149, 18.224088, 18.258628, 18.068538, 18.223348, 18.304874, 17.984137, 18.018822, 
18.128092, 18.147257, 18.138029, 18.204294, 18.036253, 18.322285, 18.322285, 18.322285, 18.322285, 18.322285, 17.734211, 17.734211, 17.734211, 17.734211, 17.734211, 18.32816, 18.32816, 17.734211, 17.734211, 17.734211, 17.734211, 18.465426, 18.410462, 18.46454, 18.451131, 18.410462, 18.442282, 18.410462, 18.45009, 18.445946, 18.450907, 18.410462, 18.436995, 18.410462, 18.422263, 18.417668, 18.410462, 18.41242, 18.394019, 18.410462, 18.410681, 18.401917, 18.400006, 18.361363, 18.39184, 18.410462, 18.410462, 
18.410462, 18.410462, 18.410462, 18.413511, 18.410462, 18.410462, 18.410462, 18.410462, 18.410462, 18.410462, 18.433173, 18.457761, 18.457761, 18.429218, 18.36802, 18.358939, 18.410462, 18.34216, 18.369674, 18.34487, 18.387063, 18.34487, 18.412462, 18.437683, 18.443217, 18.431453, 18.398507, 18.408479, 18.366981, 18.359143, 18.329688, 18.410462, 18.346767, 18.337004, 18.337004, 18.431885, 18.410462, 18.409345, 18.414408, 18.393355, 18.374896, 18.393355, 18.372228, 18.393355, 42.07061, 42.377651, 
42.369562, 42.384494, 42.412094, 42.278424, 42.174313, 42.206092, 42.126038, 42.271442, 42.390836, 42.161492, 42.170731, 42.175992, 42.170731, 42.196666, 42.465041, 42.27279, 42.066795, 42.175896, 42.070774, 42.33071, 42.45792, 42.254563, 42.086224, 42.35549, 42.064703, 42.374202, 42.375155, 42.381475, 42.201891, 42.170731, 42.290209, 42.353105, 42.479839, 42.174893, 42.089269, 42.369562, 42.324539, 42.369562, 42.324232, 42.317939, 42.406697, 42.349769, 42.176401, 42.515853, 42.165931, 42.486027, 
42.223885, 42.375998, 42.234891, 42.05283, 42.192892, 42.180563, 42.058024, 42.270611, 42.20468, 42.379807, 42.133642, 42.173428, 42.388831, 42.112793, 42.170731, 42.210777, 42.442673, 42.358201, 42.12531, 42.415236, 42.161743, 42.399054, 42.170731, 42.170731, 42.103294, 42.130343, 42.096644, 42.050395, 42.120193, 42.084094, 42.116277, 42.170731, 42.170731, 42.102894, 42.170731, 42.093144, 42.128442, 42.095344, 42.121031, 42.170731, 42.170731, 42.170731, 42.101796, 42.153926, 42.170731, 42.1, 42.119943, 
42.45384, 42.3929, 42.3929, 42.619727, 42.057496, 42.314449, 42.3929, 42.551731, 42.476575, 42.516145, 42.279292, 42.189715, 42.153001, 42.433661, 42.266874, 42.557346, 42.299263, 42.36237, 42.336557, 42.356088, 42.139104, 42.180659, 42.696064, 42.198648, 42.198403, 42.374711, 42.088973, 42.592506, 42.102694, 42.103122, 42.0645, 42.286586, 42.283216, 42.3929, 42.224905, 42.328535, 42.689962, 42.443726, 42.605524, 42.522178, 42.521131, 42.579931, 42.678023, 42.569498, 42.626858, 42.673371, 42.508313, 
42.542322, 42.642666, 42.607051, 42.669255, 42.556558, 42.5737, 42.712257, 42.534976, 42.522178, 42.485899, 42.682285, 42.599614, 42.474718, 42.694883, 42.671012, 42.522178, 42.603447, 42.472734, 42.636459, 42.449978, 42.609425, 42.667152, 42.547274, 42.594455, 42.459814, 42.578689, 42.286575, 42.658768, 42.672005, 42.549821, 42.53, 42.608903, 42.563367, 42.575355, 42.364807, 42.609887, 42.505928, 42.477515, 42.526523, 42.540052, 42.582839, 42.665686, 42.559289, 42.488666, 42.557796, 42.658738, 42.446396, 
42.446396, 42.446396, 42.544622, 42.669408, 42.675441, 42.364807, 42.20361, 42.380562, 42.028147, 42.338392, 42.200374, 42.135142, 42.109748, 42.364807, 42.418836, 42.212777, 42.061437, 42.364807, 42.12515, 42.201674, 42.338962, 42.054676, 42.369658, 42.473131, 42.238942, 42.364807, 42.364807, 42.196144, 42.036396, 42.317121, 42.321917, 42.140741, 42.267274, 42.231444, 42.170846, 42.364807, 42.117527, 42.451569, 42.194793, 42.380877, 42.286643, 42.364807, 42.070827, 42.177462, 42.443539, 42.247212, 
42.436875, 42.104581, 42.17382, 42.064978, 42.047728, 42.049864, 42.364807, 42.269845, 42.364807, 42.359842, 42.242965, 42.364807, 42.114195, 42.131028, 42.265275, 42.272359, 42.240526, 42.255393, 42.286543, 42.311342, 42.229543, 42.261343, 42.271743, 42.248493, 42.238449, 42.307591, 42.293316, 42.364807, 42.364807, 42.069484, 42.364807, 42.364807, 42.364807, 42.318695, 42.283995, 42.446396, 42.446396, 42.446396, 42.519739, 42.486259, 42.477142, 42.257956, 42.496679, 42.459085, 42.437086, 42.5286, 
42.457201, 42.295544, 42.196065, 42.125536, 42.220447, 42.389813, 42.273817, 42.350909, 42.430781, 42.092006, 42.149176, 42.290763, 42.231025, 42.297643, 42.425537, 42.423882, 42.38532, 42.345583, 42.446396, 42.484545, 42.506362, 42.446396, 42.446396, 42.446396, 42.446396, 42.646942, 42.647191, 42.446396, 42.446396, 42.540779, 42.54805, 42.446396, 42.800429, 42.595491, 42.677772, 42.671356, 42.78519, 42.771095, 42.781357, 42.729437, 42.750691, 42.757767, 42.706941, 42.71159, 42.635443, 42.691091, 
42.73004, 42.683841, 42.655791, 42.630915, 42.634112, 42.446396, 42.649758, 42.641779, 42.834246, 42.573592, 42.634199, 42.583436, 42.446396, 42.446396, 42.52585, 42.601684, 42.671589, 42.501345, 42.635443, 42.592086, 42.558576, 42.446396, 42.571633, 42.451945, 42.635443, 42.461246, 42.469946, 42.635443, 42.490421, 42.464879, 42.462796, 42.474409, 42.427096, 42.454796, 42.854423, 42.560995, 42.677869, 42.76087, 42.569756, 42.631753, 42.624015, 42.635443, 42.635443, 42.635443, 42.682965, 42.527895, 
42.580033, 42.497146, 42.642845, 42.602278, 42.809891, 42.780141, 42.85048, 42.534045, 42.635443, 42.558113, 42.659936, 42.716708, 42.516845, 42.635443, 42.616643, 42.642471, 42.600518, 42.790736, 41.970474, 42.075122, 42.081825, 42.166776, 42.241908, 42.244609, 42.180048, 41.817398, 42.23888, 41.998799, 42.153912, 42.061427, 42.089104, 41.970474, 42.069642, 42.225708, 41.970474, 42.286347, 42.142836, 42.019982, 42.109763, 42.151202, 42.185571, 42.151526, 42.166398, 41.970474, 42.111836, 41.970474, 
41.970474, 42.15243, 42.185974, 42.097219, 42.205038, 42.113749, 42.180048, 42.101406, 42.125432, 42.145237, 42.075995, 42.212949, 42.0597, 42.370567, 42.338947, 42.338947, 42.338947, 42.338947, 42.354318, 42.338947, 42.357903, 42.361477, 42.356532, 42.349838, 42.338947, 42.365028, 42.361792, 42.34308, 42.349622, 42.338947, 42.338724, 42.324511, 42.332099, 42.307448, 42.296298, 42.338947, 42.28713, 42.316852, 42.272098, 42.33499, 42.378297, 42.378619, 42.309998, 42.284678, 42.279432, 42.338947, 42.355147, 
42.348418, 42.252198, 42.338947, 42.379146, 42.364347, 42.393327, 42.370519, 42.362297, 42.381929, 42.399546, 42.390846, 42.308198, 42.180048, 42.428549, 42.409916, 42.396382, 42.416247, 42.373047, 42.446396, 42.388938, 42.419846, 42.446396, 42.173933, 42.353696, 42.316097, 42.446396, 42.446396, 42.331896, 42.367946, 42.446396, 42.446396, 42.346146, 42.320797, 42.446396, 42.250739, 42.267049, 42.284498, 42.372596, 42.446396, 42.417695, 42.446396, 42.459045, 42.446396, 42.446396, 42.446396, 42.480145, 
42.300596, 42.209555, 42.180048, 42.253074, 42.180048, 42.212866, 42.2112, 42.1711, 42.242749, 42.180048, 42.446396, 42.292547, 42.446396, 42.338947, 42.34713, 42.338947, 42.361094, 42.361485, 42.338947, 42.350334, 42.338947, 42.338947, 42.338947, 42.338947, 42.347974, 42.338947, 42.446396, 42.346997, 42.338947, 42.338947, 42.367797, 42.35, 42.446396, 42.446396, 42.338947, 42.446396, 42.446396, 42.338947, 42.180048, 42.446396, 42.446396, 42.338947, 42.338947, 42.338947, 42.338947, 42.338947, 42.34, 
42.0794, 42.08715, 41.970474, 41.970474, 41.970474, 42.121932, 41.979501, 41.98725, 42.040708, 41.873697, 41.970474, 42.031371, 42.029083, 42.023528, 42.022225, 41.999851, 42.12867, 42.11, 42.059434, 42.148351, 41.970474, 41.888198, 41.889582, 41.835094, 41.970474, 41.970474, 42.018525, 42.119534, 41.916918, 42.058507, 42.064499, 41.805219, 42.065554, 41.894676, 41.970474, 41.970474, 41.959094, 41.993102, 41.854063, 41.968987, 42.173417, 41.662531, 42.129513, 42.029749, 42.02195, 41.931602, 42.08235, 
42.079399, 42.0863, 41.970474, 41.970474, 41.970474, 42.136086, 42.452895, 42.439295, 42.324397, 42.344747, 42.180048, 42.393029, 42.392496, 42.370446, 42.356719, 42.39, 42.446396, 42.180048, 42.354727, 42.321197, 42.352996, 42.31883, 42.331646, 42.311997, 42.351046, 42.345833, 42.321997, 42.325247, 42.446396, 42.371296, 42.419496, 42.446396, 42.416745, 42.446396, 42.391546, 42.446396, 42.313329, 42.300096, 42.278247, 42.358663, 42.29813, 42.446396, 41.751841, 41.66566, 41.345578, 41.578992, 41.733837, 
41.782915, 41.380479, 41.56105, 41.799312, 41.665605, 41.526791, 41.621779, 41.453321, 41.379836, 41.67336, 41.276758, 41.6403, 41.417376, 41.746424, 41.694132, 41.770254, 41.793263, 41.735645, 41.273949, 41.799312, 41.79197, 41.451263, 41.751554, 41.379836, 41.603946, 41.378807, 41.776042, 41.277794, 41.381585, 41.654741, 41.640528, 41.700327, 41.746647, 41.658718, 41.686534, 41.799312, 41.625037, 41.799312, 41.701438, 41.736684, 41.661115, 41.734713, 41.844087, 41.784308, 41.683462, 41.707332, 
41.669219, 41.63275, 41.667689, 41.613743, 41.702265, 41.824264, 42.02889, 41.777647, 41.543967, 41.632935, 42.053355, 41.678628, 41.712338, 41.675799, 41.756694, 41.800531, 41.670981, 41.992804, 41.922412, 41.70631, 41.673635, 41.659749, 41.665589, 41.636077, 41.656883, 41.703205, 41.792192, 41.928099, 41.756214, 41.429673, 41.756214, 41.811514, 41.765934, 41.876249, 41.634152, 41.716952, 41.685452, 41.756214, 41.691369, 41.684152, 41.721652, 41.754828, 41.999346, 41.706599, 41.654776, 41.634754, 
41.756214, 41.619557, 41.697015, 41.610754, 41.692806, 41.659336, 41.637916, 41.59156, 41.975495, 41.756214, 42.011848, 41.967949, 41.851557, 41.969185, 41.934586, 41.756214, 41.835067, 41.760783, 41.84345, 41.741551, 41.825252, 41.904888, 41.522877, 41.756214, 41.487831, 41.602517, 41.519104, 41.530131, 41.954098, 41.430068, 41.830469, 41.746834, 41.171389, 41.402009, 41.6842, 41.46603, 41.385256, 41.896002, 41.777861, 41.69105, 41.625874, 41.649733, 41.563937, 41.7312, 42.000248, 41.785151, 41.982417, 
41.695419, 41.870799, 41.879298, 41.976659, 41.73865, 41.511414, 41.470822, 41.520312, 41.448844, 41.518038, 41.968698, 41.948108, 41.488002, 41.498977, 41.511739, 41.589701, 41.375317, 41.83902, 41.96186, 41.964896, 41.872099, 41.881632, 41.86125, 41.889863, 41.949099, 41.905666, 41.603929, 41.707119, 41.519922, 41.515135, 41.447642, 41.998398, 41.5289, 41.629413, 41.423601, 41.375317, 41.481001, 41.432452, 41.375317, 41.726184, 41.705478, 41.682455, 41.74805, 41.706814, 41.354881, 41.50155, 41.70375, 
41.444078, 42.001731, 41.988166, 41.51495, 41.82275, 41.81835, 41.8208, 41.859199, 41.7883, 41.83635, 41.79855, 41.839296, 41.8191, 41.776867, 41.853699, 41.826737, 41.8124, 41.7695, 41.84325, 41.894499, 41.841499, 41.825132, 41.7715, 41.76435, 41.871766, 43.001762, 42.749988, 42.854886, 43.000345, 42.742587, 43.048372, 42.967823, 43.141746, 42.886486, 43.005895, 43.005895, 43.045076, 42.976901, 42.986119, 43.037495, 43.102146, 42.935709, 42.747024, 42.739909, 42.759821, 42.85059, 42.880481, 42.858053, 
42.831686, 42.899434, 42.798995, 42.748888, 42.952124, 42.724822, 42.770738, 42.774171, 42.978267, 42.753726, 43.005895, 42.734182, 43.031491, 42.792456, 42.902259, 42.81949, 42.830184, 42.805194, 43.319125, 43.269137, 42.989984, 42.990684, 42.967684, 43.006033, 42.952124, 43.058785, 42.952124, 42.952124, 42.972584, 42.942551, 42.952124, 43.951304, 43.444702, 43.705061, 43.338347, 43.459555, 43.256053, 43.615799, 43.887682, 43.346137, 43.354005, 43.721094, 43.802936, 43.204192, 43.506405, 43.466172, 
43.967542, 43.423484, 43.228594, 43.444456, 43.42975, 43.967542, 43.568328, 43.713794, 43.173469, 43.521669, 43.119417, 43.737831, 43.557153, 43.588972, 43.555878, 44.051981, 43.468562, 43.644559, 43.712184, 43.32582, 43.60768, 43.418863, 43.255881, 43.880005, 43.356838, 43.216633, 44.0285, 43.30368, 43.753837, 43.806365, 43.388571, 43.523175, 43.203614, 43.310279, 43.317257, 43.967542, 43.152469, 43.446729, 43.283838, 43.938224, 43.173046, 43.080986, 43.874357, 43.501755, 43.93, 43.430018, 43.496372, 
43.115874, 43.179984, 43.967542, 43.524872, 43.524872, 43.213705, 43.310279, 43.283796, 43.144614, 43.2134, 43.31773, 43.01428, 43.89715, 42.946418, 42.947098, 42.921791, 43.060424, 42.791069, 43.005429, 42.871815, 42.899874, 43.009728, 42.870578, 42.754744, 43.055293, 42.975105, 42.941175, 42.797633, 42.827096, 42.932177, 43.125523, 43.025227, 42.884919, 42.749835, 42.913966, 43.078658, 42.822155, 42.899338, 42.971069, 42.890804, 42.87341, 42.775629, 42.74513, 45.085717, 44.313606, 44.463337, 43.28616, 
44.28177, 44.695648, 44.893888, 44.101208, 44.789296, 44.200124, 44.386557, 44.610605, 44.376866, 44.483756, 44.225864, 44.23, 44.695648, 44.608332, 44.695648, 44.719769, 45.085547, 44.37, 44.271516, 44.695648, 44.378771, 43.242719, 43.142384, 43.249468, 42.947098, 43.231807, 43.195329, 43.075411, 43.142254, 43.822389, 43.630276, 43.827375, 43.341381, 43.38807, 44.114163, 43.659172, 43.374562, 43.476337, 43.364504, 43.581769, 43.614847, 43.579573, 43.701003, 43.437503, 43.304058, 43.516383, 43.365618, 
43.719756, 43.967542, 43.444147, 44.037125, 43.642945, 43.823864, 43.786267, 43.525462, 44.281722, 43.358339, 44.08541, 43.908925, 43.976427, 44.029684, 43.53357, 43.381133, 43.649781, 44.133215, 43.070188, 43.005895, 42.92703, 43.005895, 43.285282, 43.478364, 43.478917, 42.836245, 44.081906, 44.041089, 43.767878, 43.256254, 43.685171, 43.878112, 43.966958, 42.927682, 43.190984, 43.326734, 43.326734, 43.17, 43.128085, 43.208136, 42.890357, 42.91574, 43.640621, 43.907045, 42.973783, 43.395688, 43.814201, 
43.435913, 44.116958, 43.267581, 43.038279, 42.880837, 42.93569, 43.005895, 42.923946, 44.086488, 44.166268, 43.883871, 42.923643, 43.930805, 43.707657, 43.422942, 43.500126, 43.642398, 43.068338, 43.443682, 43.03833, 43.072738, 42.871322, 42.861915, 44.035684, 43.1, 42.97778, 43.672636, 42.837189, 43.41176, 43.304163, 43.340581, 43.221234, 43.000003, 42.980639, 43.564008, 42.929588, 42.88439, 43.868287, 43.253783, 43.721239, 43.828696, 43.257919, 43.015756, 43.857079, 43.448064, 43.811782, 42.906495, 
43.596233, 43.589157, 43.908738, 43.29016, 43.216251, 43.135435, 43.101538, 43.08512, 43.327517, 43.247931, 43.234782, 43.159537, 43.211674, 43.155465, 43.548123, 43.490939, 43.730791, 43.365658, 43.480704, 43.436049, 43.45813, 44.023057, 44.059192, 43.938741, 43.8992, 44.408078, 43.365658, 43.952597, 44.180965, 43.736628, 43.696875, 43.773606, 43.798251, 43.969, 43.823849, 43.403349, 43.732391, 43.887356, 43.585861, 43.916912, 43.843778, 44.408078, 44.408078, 44.050856, 43.697118, 43.879576, 44.103892, 
43.871738, 43.611238, 43.38551, 43.399494, 43.755002, 43.682791, 43.733814, 43.692683, 44.172276, 44.408078, 43.276341, 43.959974, 43.658378, 44.408078, 43.643195, 43.810673, 43.504889, 43.514864, 44.540983, 43.763403, 43.833831, 43.912616, 43.576983, 43.917206, 43.527322, 43.426792, 43.583224, 43.796053, 43.553076, 43.910029, 43.820774, 43.797398, 44.566156, 44.408078, 43.467037, 43.761599, 43.770432, 43.94674, 43.56066, 44.190761, 43.320211, 43.824885, 43.682148, 43.660386, 43.406101, 43.642631, 
43.801773, 43.842797, 44.408078, 43.660525, 43.658632, 43.685882, 43.84649, 43.736732, 43.631549, 43.604739, 43.665177, 43.678339, 43.760369, 44.408078, 44.408078, 44.408078, 44.408078, 44.408078, 44.089173, 44.197009, 44.197009, 44.661894, 44.372129, 44.386951, 44.295264, 44.423658, 43.972505, 44.023873, 44.555583, 44.602705, 44.614134, 44.579135, 44.400997, 44.062672, 44.261562, 44.617509, 44.194404, 44.49281, 44.197418, 44.516475, 44.094773, 44.197009, 44.197009, 44.027509, 44.009827, 44.408579, 
44.470961, 44.35976, 44.10472, 44.556984, 44.154921, 44.231811, 43.957375, 44.570532, 45.063384, 44.283844, 44.281993, 44.357987, 44.566156, 44.223589, 44.114612, 44.264111, 44.498193, 44.049157, 44.727073, 44.53599, 44.377031, 44.56421, 44.119007, 44.235141, 44.266842, 44.197009, 44.349542, 44.697077, 44.40205, 44.048154, 44.197009, 44.325285, 44.494624, 44.040857, 44.38382, 44.602261, 44.209214, 44.09156, 44.344406, 44.414056, 44.414056, 44.315693, 44.414056, 44.258771, 44.07685, 44.414056, 44.26043, 
44.211491, 44.234914, 44.286802, 44.212785, 44.42977, 44.174052, 44.306955, 44.46599, 44.209878, 44.384901, 44.376802, 44.117232, 44.428911, 44.183266, 44.548458, 44.300247, 44.31842, 44.81777, 45.519867, 45.221933, 44.87332, 45.088295, 44.911733, 44.78696, 45.53866, 45.369216, 45.351184, 44.609813, 45.264114, 45.110336, 44.7896, 44.412968, 44.405928, 45.060941, 45.01895, 45.679453, 45.195052, 44.979986, 44.798289, 44.700606, 45.631824, 44.56801, 44.802184, 44.961913, 44.61165, 45.517693, 45.479835, 
45.245781, 44.735745, 45.241091, 44.999621, 44.921758, 45.548818, 45.184949, 45.002969, 45.333971, 44.876282, 45.368934, 45.518535, 45.638612, 44.956776, 45.646916, 45.241618, 45.303916, 45.961338, 45.519867, 44.951551, 45.002798, 45.909516, 44.560479, 44.889249, 44.721393, 45.191812, 44.444707, 45.704599, 45.129817, 45.792364, 45.792364, 45.386188, 44.891869, 44.922368, 45.426462, 45.002969, 45.002969, 45.247401, 45.484389, 44.657697, 45.733543, 43.900651, 44.084989, 44.021333, 43.907812, 43.85424, 
43.965125, 43.885681, 44.036533, 43.832642, 43.767018, 43.983665, 43.810548, 44.021333, 43.999618, 44.021333, 44.048714, 43.863028, 44.096194, 43.973476, 44.090471, 43.893848, 43.793136, 43.993356, 43.937468, 43.773312, 43.900856, 43.863902, 44.021333, 43.88261, 44.10637, 43.949672, 44.274007, 43.854534, 43.823008, 43.974367, 43.949901, 44.396951, 44.614885, 44.556073, 44.49569, 44.402596, 44.507801, 44.247391, 44.378868, 44.413056, 44.354477, 44.275325, 44.363587, 45.166045, 44.904789, 44.686731, 
44.695493, 44.428044, 44.248715, 44.673285, 44.221142, 44.894562, 44.414095, 44.753992, 44.913741, 44.617844, 44.124476, 45.185635, 44.524526, 44.322421, 44.599134, 44.641873, 44.058801, 44.258201, 44.663206, 44.554662, 44.286462, 44.818733, 44.248615, 44.802637, 44.632707, 44.641873, 44.971091, 44.512003, 44.34629, 44.291076, 44.528094, 44.641873, 44.975116, 44.972969, 45.188555, 44.408699, 45.076626, 44.430435, 44.305681, 44.295719, 44.298106, 44.333099, 44.482607, 44.278453, 44.510306, 44.168214, 
44.214927, 44.490635, 44.161589, 45.002969, 44.641873, 44.790082, 44.384841, 45.116525, 43.995965, 46.12672, 46.64005, 45.810781, 46.516166, 46.421799, 46.878869, 46.516166, 46.516166, 47.042226, 46.657001, 46.516166, 46.774757, 47.209541, 46.516166, 47.285196, 47.281126, 46.004523, 46.936616, 46.892918, 46.602477, 47.345936, 46.68619, 46.512409, 46.497891, 46.311845, 46.100442, 46.953804, 46.104734, 46.416656, 46.024219, 46.869762, 46.778192, 46.679321, 46.516166, 47.241717, 47.281953, 47.119796, 
46.516166, 45.864106, 45.880436, 47.165256, 46.164163, 47.163149, 45.519867, 47.049301, 47.14685, 46.78551, 46.574691, 46.516166, 44.210119, 44.108735, 44.086989, 44.218159, 44.131005, 44.232721, 44.305981, 44.325944, 44.478694, 43.856129, 43.764862, 44.154189, 44.065748, 44.032196, 44.180867, 44.008875, 44.024605, 43.999827, 43.9464, 44.082602, 44.240765, 44.061051, 44.135936, 44.192369, 44.554965, 44.549225, 44.513491, 44.78029, 44.949136, 44.445295, 44.493133, 44.414056, 45.07952, 44.554501, 44.667844, 
45.031691, 44.765617, 45.249363, 44.391167, 44.659486, 44.949001, 44.785927, 45.023476, 44.689677, 45.519867, 44.414056, 45.325768, 44.603329, 44.66776, 45.046491, 44.622563, 44.466012, 44.985047, 44.861365, 44.684737, 45.587713, 45.018122, 44.371109, 44.819206, 44.599607, 44.417725, 44.85549, 44.904101, 44.638255, 44.79781, 44.700173, 44.926344, 45.056328, 44.464439, 44.560495, 44.924121, 44.845899, 44.840352, 44.774328, 44.767975, 44.966701, 44.927382, 44.478694, 44.369557, 44.500622, 44.624515, 
44.782568, 44.624821, 44.940536, 44.499082, 45.137607, 44.822625, 44.688292, 45.380034, 44.555643, 44.678838, 44.60509, 44.398851, 44.662822, 43.662892, 43.592039, 43.410672, 43.735816, 43.811958, 43.994064, 43.577762, 43.608849, 44.02591, 43.461468, 43.989583, 44.026521, 44.070771, 43.966821, 44.213499, 43.795686, 43.919887, 44.254302, 43.672103, 43.566105, 43.592039, 44.46239, 44.075132, 43.598261, 43.714887, 43.852619, 43.735335, 43.531612, 43.884626, 43.649153, 43.954353, 43.928369, 43.485715, 
43.775807, 43.687515, 43.808623, 44.168111, 43.830375, 43.568095, 43.890244, 43.625216, 43.815621, 43.83178, 44.128666, 43.897183, 43.948258, 43.716375, 44.135828, 43.910089, 43.720826, 44.062646, 44.116731, 43.676947, 43.486791, 43.631076, 43.156451, 43.441399, 42.99467, 43.40422, 43.26449, 43.592039, 43.186044, 43.238921, 43.416827, 43.334787, 43.380411, 43.24283, 43.439302, 43.139961, 43.158484, 43.300126, 43.093695, 43.093972, 43.303613, 42.882231, 42.886696, 44.352579, 43.761499, 43.106492, 
43.266886, 43.065891, 43.243449, 43.162074, 43.172699, 42.936801, 42.797636, 42.776384, 42.977018, 44.6877, 44.627698, 42.849957, 42.99467, 42.99467, 42.99467, 43.15601, 42.952754, 42.781648, 43.103191, 42.851149, 43.003271, 43.02419, 42.779542, 42.934798, 42.765401, 43.04943, 42.768143, 43.034152, 42.952974, 42.957233, 42.77448, 43.149377, 43.028157, 42.782281, 42.9445, 42.886921, 43.061436, 44.484038, 44.442117, 44.451941, 44.494999, 44.442117, 44.442117, 44.442117, 44.48, 44.738007, 44.039878, 
44.49518, 44.966836, 44.772886, 44.755398, 44.129002, 44.645649, 44.309241, 44.541902, 44.824855, 44.751801, 44.442117, 44.885689, 44.50835, 44.501991, 44.442117, 44.693805, 44.801734, 44.204926, 44.961552, 44.712593, 44.941617, 44.974765, 44.332217, 44.304004, 44.866344, 44.636283, 44.486113, 44.362504, 44.641974, 44.240375, 44.824855, 44.874895, 44.121825, 44.255574, 44.831101, 44.970417, 44.392443, 44.807555, 44.824855, 44.824855, 44.388556, 44.884125, 44.905573, 44.645192, 44.224103, 44.930163, 
44.546538, 44.504656, 44.12753, 44.708468, 44.608283, 44.44524, 42.647191, 42.647191, 44.19906, 44.265633, 44.156554, 44.259518, 44.259518, 44.259518, 44.352339, 44.259518, 44.354296, 44.194307, 44.414576, 44.375726, 44.152477, 44.403899, 44.282269, 44.715079, 44.711083, 44.140716, 44.610931, 44.645219, 44.541415, 44.353823, 44.248198, 44.549391, 44.442001, 44.141056, 44.171238, 44.67307, 44.33865, 44.295577, 44.062311, 44.175744, 44.259518, 44.475387, 44.184704, 44.106922, 44.083457, 44.348486, 
44.375144, 44.158979, 44.109793, 44.551056, 44.457481, 44.383559, 43.617302, 43.412792, 43.416666, 43.687677, 43.644208, 43.810371, 43.987529, 43.640503, 43.602211, 43.735819, 43.507854, 43.341177, 43.97153, 43.592039, 43.441404, 43.666758, 43.68805, 43.592039, 43.785433, 43.999811, 43.926595, 43.619787, 43.659839, 43.225264, 44.006024, 43.477827, 43.452914, 43.553904, 43.801501, 43.357161, 43.768578, 43.719898, 43.521021, 43.657716, 43.981681, 43.876046, 43.026984, 43.914026, 43.892373, 43.761779, 
43.444268, 43.43357, 43.365073, 43.235771, 43.574326, 43.864419, 43.898246, 44.412413, 44.733624, 44.311706, 44.750509, 45.005783, 44.428537, 44.863351, 44.647068, 44.678879, 44.424043, 44.945925, 44.985004, 44.588911, 44.82446, 44.529915, 44.643171, 44.468494, 44.684488, 44.612521, 44.599177, 44.574196, 44.504593, 44.800462, 44.803005, 44.799008, 44.382103, 44.497557, 44.481915, 44.541352, 44.951093, 44.881758, 44.936237, 44.944231, 44.498374, 44.963802, 44.815511, 44.46239, 44.46239, 44.503403, 
44.562138, 44.632918, 44.653046, 44.902837, 44.673586, 44.865723, 44.411321, 44.876447, 44.722453, 44.91454, 44.680771, 45.008398, 44.972508, 44.413715, 44.682269, 44.458803, 44.959647, 44.95282, 43.476669, 41.789698, 41.832798, 41.879637, 41.682249, 41.791776, 41.758415, 41.909097, 42.02351, 41.834247, 41.864597, 42.027797, 41.832842, 41.612748, 42.010733, 41.688896, 41.935501, 42.002345, 41.859248, 41.909147, 41.791776, 41.948694, 41.725195, 41.707932, 41.791776, 41.959713, 41.619048, 41.951783, 
41.778888, 41.794681, 41.79, 41.771265, 41.791776, 41.791776, 41.666049, 41.666249, 41.659099, 41.686949, 41.852712, 41.986861, 41.937513, 42.012195, 41.874382, 41.671548, 41.926696, 41.791776, 41.961127, 41.841615, 41.660949, 42.014673, 41.866222, 41.874064, 41.995851, 41.976466, 41.660899, 41.836665, 41.81152, 41.979871, 41.991645, 41.985946, 42.032012, 41.948597, 41.907114, 41.987238, 41.791776, 41.87688, 41.749832, 41.757616, 41.908464, 41.839731, 41.953596, 42.002748, 41.861297, 42.019907, 41.896321, 
41.857303, 41.926997, 41.925967, 41.78007, 41.791776, 41.767049, 41.791776, 41.771166, 41.7469, 41.75275, 41.778316, 41.702049, 41.7313, 41.688899, 41.793299, 41.7387, 41.758849, 41.791399, 41.745349, 41.76255, 41.784794, 41.791776, 41.791776, 41.791776, 41.791776, 41.791776, 41.791776, 41.791776, 41.791776, 41.791776, 41.791776, 41.791776, 41.791776, 41.791776, 41.791776, 41.791776, 41.791776, 41.791776, 41.791776, 41.791776, 41.791776, 41.791776, 41.791776, 41.791776, 41.771499, 41.76928, 41.767949, 
41.766499, 41.766049, 41.791776, 41.791776, 41.791776, 41.763849, 41.927447, 41.714867, 41.847302, 41.629818, 41.737015, 41.831565, 41.782474, 41.809166, 41.702777, 41.778651, 41.799111, 41.850225, 41.90913, 41.844885, 41.984327, 42.019776, 41.971116, 41.767929, 41.683399, 41.618403, 41.768455, 41.799326, 41.609066, 41.989579, 41.758713, 41.889048, 41.876565, 41.913816, 42.022904, 41.839051, 41.693435, 41.81152, 41.670349, 41.943902, 41.806041, 41.80743, 41.972782, 41.895108, 41.896875, 41.697765, 
41.971403, 41.943199, 41.352498, 41.634556, 41.697123, 41.725694, 41.371913, 41.543559, 41.426775, 41.577198, 41.559873, 41.35, 41.449482, 41.345331, 41.39973, 41.644546, 41.604341, 41.452548, 41.71836, 41.360798, 41.319649, 41.456189, 41.533848, 41.509586, 41.464274, 41.339421, 41.388216, 41.678897, 41.684777, 41.401398, 41.294797, 41.730575, 41.351307, 41.375701, 41.566298, 41.457198, 41.601648, 41.5787, 41.347948, 41.464758, 41.744527, 41.344098, 41.559648, 41.261936, 41.34269, 41.432936, 41.165097, 
41.277763, 41.365709, 41.353453, 41.507049, 41.550097, 41.408775, 41.288599, 41.566668, 41.56033, 41.612046, 41.37934, 41.323005, 41.380594, 41.485469, 41.461639, 41.468451, 41.573008, 41.351598, 41.163445, 41.219093, 41.189646, 41.308873, 41.31353, 41.45307, 41.421198, 41.308873, 41.468654, 41.345099, 41.298648, 41.791776, 41.637066, 41.532048, 41.536048, 41.365709, 41.514383, 41.538017, 41.553672, 41.556463, 41.21953, 41.23, 41.565697, 41.336046, 41.506499, 41.398462, 41.332197, 41.399873, 41.378447, 
41.464758, 41.289348, 41.279547, 41.428163, 41.575847, 41.588297, 41.536643, 41.411536, 41.386584, 41.306396, 41.365709, 41.475263, 41.612298, 41.140646, 41.386646, 41.457711, 41.365709, 41.365709, 41.46, 41.207146, 41.289499, 41.365709, 41.365709, 41.365709, 41.304697, 41.305721, 41.365709, 41.365709, 41.365709, 41.365709, 41.306197, 41.317197, 41.276497, 41.315797, 41.357947, 41.327997, 41.272147, 41.348297, 41.413114, 41.295197, 41.365709, 41.365709, 41.417896, 41.352964, 41.365709, 41.365709, 
41.365709, 41.365709, 41.365709, 41.365709, 41.365709, 41.365709, 41.365709, 41.299647, 41.308873, 41.179846, 41.178696, 41.163596, 41.209496, 41.177646, 41.188746, 41.202091, 41.256129, 41.253946, 41.219246, 41.175947, 41.308873, 41.308873, 41.308873, 41.365709, 41.555846, 41.365709, 41.57693, 41.54903, 41.537896, 41.551601, 41.569496, 41.501856, 41.594785, 41.365709, 41.365709, 41.365709, 41.365709, 41.365709, 41.365709, 41.365709, 41.933257, 41.586368, 41.365709, 41.721024, 41.639235, 41.52599, 
41.828067, 41.786035, 41.655998, 41.836049, 41.729239, 41.739889, 41.754255, 41.532992, 41.693856, 41.493763, 41.581494, 41.697487, 41.694945, 41.592046, 41.669898, 41.662281, 41.557711, 41.566534, 41.69971, 41.676415, 41.677982, 41.820274, 41.754872, 41.77, 41.633422, 41.644096, 41.608196, 41.875075, 41.554112, 41.379978, 41.465811, 41.047627, 41.390194, 41.425594, 41.472227, 41.308873, 41.308873, 41.390625, 41.308873, 41.308873, 41.391956, 41.075663, 41.163879, 41.191685, 41.13, 41.25553, 41.03073, 
41.061296, 41.308873, 41.308873, 41.12, 41.150146, 41.147096, 41.124546, 41.134896, 41.308873, 41.066196, 41.092196, 41.100496, 41.111196, 41.308873, 41.110496, 41.308873, 41.308873, 41.033347, 41.308873, 41.032647, 41.297911, 41.034264, 41.308873, 41.140896, 41.308873, 41.216454, 41.308873, 41.141005, 41.142754, 41.301007, 41.201446, 41.051996, 41.047996, 41.132096, 41.308873, 41.081396, 41.069298, 41.096846, 41.039147, 41.308873, 41.308873, 41.308873, 41.308873, 41.308873, 41.049866, 41.051551, 
41.308873, 41.041197, 41.308873, 41.308873, 41.234395, 40.578996, 40.666552, 40.803, 40.879049, 40.912798, 40.848999, 40.79185, 40.582504, 40.855854, 40.82154, 40.879699, 40.847922, 40.868699, 40.834049, 41.011428, 40.656302, 40.770933, 40.75555, 40.79185, 40.830733, 40.827499, 40.816737, 40.641852, 40.849879, 40.879858, 40.650802, 40.80495, 40.745951, 40.744851, 40.791895, 40.763051, 40.674652, 40.881149, 40.923233, 40.633953, 40.788733, 40.728901, 40.724168, 40.81315, 40.844199, 40.832449, 40.906152, 
40.892021, 40.7946, 40.7683, 40.79185, 40.78865, 40.860149, 40.857384, 40.852931, 40.871299, 40.633652, 40.620102, 40.665651, 40.631252, 40.604252, 40.569504, 40.607103, 40.620336, 40.591653, 40.821799, 40.641207, 40.828922, 40.808416, 40.836555, 40.830158, 40.841668, 40.847638, 40.637152, 40.553971, 40.73915, 40.74765, 40.580703, 40.701801, 40.92241, 40.695401, 40.769796, 40.767751, 40.718401, 40.649202, 40.665651, 40.680301, 40.7895, 40.7885, 40.557104, 40.73276, 40.73276, 40.73276, 40.736101, 
40.735257, 40.738501, 40.767702, 40.725801, 40.742251, 40.760667, 40.722751, 40.7935, 40.8196, 40.725651, 40.711651, 40.707553, 40.718772, 40.79185, 40.79185, 40.79185, 40.79185, 40.79185, 40.79185, 40.79185, 40.79185, 40.79185, 40.79185, 40.79185, 40.79185, 40.79185, 40.669502, 40.652302, 40.653502, 40.665552, 40.695552, 40.653189, 40.665651, 40.673102, 40.664351, 40.729234, 40.721602, 40.73276, 40.716452, 40.701302, 40.733751, 40.748001, 40.73276, 40.73276, 40.731901, 40.73235, 40.72, 40.73235, 
41.031505, 41.014497, 40.99313, 40.905639, 40.933943, 41.11736, 41.010433, 41.232344, 41.156187, 41.026747, 41.173445, 41.180137, 41.001695, 40.886628, 40.875949, 41.181052, 41.077102, 40.99312, 41.045897, 41.028884, 41.029555, 41.080066, 40.946748, 40.99948, 40.964548, 41.058819, 40.983997, 40.948054, 40.961109, 41.096095, 40.990032, 41.054568, 41.091254, 41.229754, 41.193708, 41.013109, 41.052958, 40.943608, 41.011428, 41.011428, 41.102569, 40.998583, 40.948054, 40.948054, 40.912198, 40.918948, 
40.896798, 40.912148, 40.916165, 40.957498, 41.011428, 40.945198, 41.011428, 41.011428, 41.011428, 40.903348, 40.906598, 40.923648, 40.925778, 40.930398, 41.011428, 41.011428, 41.011428, 41.011428, 41.011428, 40.899873, 40.888678, 40.948054, 40.873876, 40.86289, 40.862685, 40.863699, 40.90503, 40.853723, 40.951348, 40.952814, 40.923748, 40.971956, 40.942074, 40.955603, 40.945173, 40.97514, 40.893343, 40.883749, 40.989357, 40.958573, 41.007389, 40.850621, 40.877999, 41.048997, 40.936211, 41.009414, 
40.994442, 40.953126, 40.845742, 40.947107, 40.948054, 41.034672, 40.832421, 40.856749, 40.927579, 40.906553, 40.904131, 40.890964, 40.92169, 40.99904, 40.989508, 41.025101, 40.948054, 40.85, 40.352953, 40.329128, 40.309121, 40.360581, 40.302718, 40.302718, 40.236916, 40.232713, 40.302718, 40.407958, 40.191809, 40.415902, 40.175357, 40.202113, 40.435961, 40.300226, 40.250104, 40.301979, 40.294244, 40.205367, 40.241036, 40.423298, 40.146597, 40.404474, 40.384832, 40.444407, 40.439714, 40.416772, 40.337374, 
40.33517, 40.297932, 40.316876, 40.411102, 40.410213, 40.332877, 40.361014, 40.402277, 40.208945, 40.302718, 40.263575, 40.211982, 40.318115, 40.427561, 40.369145, 40.153024, 40.302718, 40.289985, 40.302718, 40.302718, 40.302718, 40.889166, 40.867331, 40.878785, 40.867331, 41.162053, 40.869648, 40.966308, 41.139545, 40.82383, 40.96035, 41.177457, 41.300062, 40.878198, 40.84335, 40.723778, 40.739382, 40.92976, 40.895451, 40.886149, 40.84405, 41.12831, 40.886474, 41.12831, 40.861748, 40.863567, 40.940301, 
40.937206, 40.919658, 40.867331, 40.966266, 40.88038, 41.094159, 40.963959, 40.908198, 41.172968, 40.876349, 40.788599, 41.12831, 40.919498, 40.897398, 41.0714, 40.815107, 40.783175, 40.926798, 40.847649, 40.810362, 41.035384, 40.917054, 41.043858, 40.855549, 41.10289, 40.872866, 40.955934, 40.864844, 41.125646, 40.753753, 40.913298, 41.12831, 40.714501, 40.665651, 41.152239, 40.6789, 40.652301, 40.675112, 40.72344, 40.800353, 40.821149, 40.7332, 40.786549, 40.696601, 40.77835, 40.683934, 40.72265, 
40.739333, 40.820012, 40.655399, 40.566553, 40.75875, 40.782767, 40.672823, 40.842399, 40.733863, 40.79215, 40.77975, 40.867331, 40.867331, 40.631652, 40.813281, 40.698268, 40.733739, 40.707505, 40.642491, 40.713675, 40.672968, 40.821482, 40.867331, 40.728195, 40.867331, 39.559426, 39.932279, 39.879713, 39.769357, 39.759581, 39.75196, 39.868013, 39.614596, 39.779582, 40.058211, 39.978635, 39.784614, 39.803646, 39.960596, 40.06834, 39.574175, 39.80237, 39.777314, 39.800958, 39.810485, 40.079952, 39.683577, 
39.701526, 39.833847, 39.824159, 39.700008, 39.840463, 39.891113, 39.867013, 39.781264, 39.895213, 39.908613, 39.87913, 39.985662, 39.625291, 39.481009, 39.685445, 40.038339, 40.018503, 39.851969, 39.866513, 40.029011, 39.967013, 39.85478, 39.707575, 39.785785, 39.952212, 39.88488, 39.949446, 39.865272, 39.785219, 39.968962, 39.884263, 39.991562, 39.807684, 39.716939, 39.867158, 39.961921, 40.00278, 39.833156, 39.740353, 39.961183, 39.712593, 39.645377, 39.730964, 39.546172, 40.010461, 39.716194, 
40.029361, 39.862433, 39.997379, 39.850013, 39.549912, 39.74953, 39.741385, 39.842613, 39.829014, 39.753088, 39.849156, 39.59899, 39.871699, 39.722622, 39.799347, 39.807695, 39.658781, 39.861413, 39.647598, 39.656976, 39.830313, 39.816063, 39.637838, 39.779179, 39.80237, 39.949579, 39.936179, 39.918663, 39.949812, 39.892213, 39.908163, 39.915263, 39.949979, 39.966812, 39.457517, 39.092928, 39.401801, 38.963652, 39.471263, 39.081754, 38.936896, 39.509208, 39.056521, 39.548049, 39.575273, 39.056521, 
39.056521, 39.509208, 39.348616, 39.264412, 39.595957, 39.370083, 39.265371, 39.588665, 39.20877, 39.509208, 39.394616, 39.398172, 39.258089, 39.487717, 39.527903, 39.017837, 39.145755, 39.319901, 39.176208, 39.056521, 39.051289, 39.197394, 39.056521, 39.022256, 39.037404, 39.458714, 38.987556, 39.275059, 39.16076, 39.445164, 39.522686, 39.337205, 39.655964, 39.530314, 39.219301, 39.273214, 39.274714, 39.406518, 39.553504, 39.376099, 39.379906, 39.239649, 39.618222, 39.402763, 39.218484, 39.524179, 
39.254836, 39.572449, 39.285464, 39.478771, 39.379382, 39.241686, 39.437265, 39.517539, 39.50208, 39.633964, 39.562763, 39.28341, 39.562719, 39.499765, 39.314084, 39.25682, 39.490774, 39.475565, 39.458114, 39.492265, 39.464582, 39.271264, 39.862433, 39.364966, 39.329416, 39.314766, 39.509208, 39.509208, 39.342299, 40.164556, 40.460137, 40.425369, 40.132784, 40.18238, 40.050128, 40.306286, 40.134892, 40.14821, 40.11791, 40.262809, 40.386902, 40.162275, 40.11597, 40.377173, 40.375039, 40.075185, 40.32315, 
40.228497, 40.33371, 40.357439, 40.280531, 40.354424, 40.280531, 40.349206, 40.292358, 40.449171, 40.400406, 40.113883, 40.22142, 40.419965, 40.563654, 40.410155, 40.435878, 40.31049, 40.242009, 40.062215, 40.430006, 40.280531, 40.280531, 40.280531, 40.280531, 40.280531, 40.280531, 40.280531, 40.219158, 40.224441, 40.199859, 40.206959, 40.238258, 40.240558, 40.17296, 40.206709, 40.264708, 40.219358, 40.249908, 40.003861, 40.04492, 40.280531, 40.280531, 40.280531, 40.276782, 40.280531, 40.280531, 
40.280531, 40.225409, 40.207034, 40.280531, 40.082782, 40.14386, 39.902851, 39.931068, 40.042479, 40.087794, 40.108433, 39.848035, 39.942616, 40.017117, 39.862864, 39.982101, 40.120261, 40.025258, 40.000759, 39.925301, 39.934318, 40.081165, 40.133754, 39.948518, 39.920268, 39.974584, 40.000759, 40.010092, 39.787966, 39.975967, 39.784513, 39.943541, 39.907488, 40.624538, 40.661172, 40.563654, 40.652484, 40.567953, 40.588097, 40.737213, 40.639546, 40.372881, 40.594502, 40.434239, 40.516104, 40.430006, 
40.575503, 40.518578, 40.515645, 40.439412, 40.423055, 40.509998, 40.716332, 40.677404, 40.37594, 40.668594, 40.571504, 40.336508, 40.517855, 40.643314, 40.563654, 40.538903, 40.595552, 40.529355, 40.543354, 40.502477, 40.574552, 40.587606, 40.451105, 40.436394, 40.389428, 40.51057, 40.555355, 40.430006, 40.397507, 40.681694, 40.461851, 40.520105, 40.430006, 40.535304, 40.689123, 40.583035, 40.565493, 40.571302, 40.563654, 40.430006, 40.461605, 40.505253, 40.580918, 40.545853, 40.430006, 40.436865, 
40.469606, 40.553803, 40.445006, 40.39159, 40.576372, 40.694938, 40.525361, 40.619412, 40.612851, 40.536069, 40.566553, 40.520254, 40.488304, 40.453131, 40.513854, 40.500254, 40.430006, 40.430006, 40.482029, 40.430006, 40.430006, 40.430006, 40.430006, NA, NA, NA, NA, NA, NA, NA, NA, NA, NA, NA, NA, NA, NA, NA, NA, NA, NA, NA, NA, NA, NA, NA, NA, NA, NA, NA, NA, NA, NA, NA, NA, NA, NA, NA, NA, NA, NA, NA, NA, NA, NA, NA, NA, NA, NA, NA, NA, NA, NA, NA, NA, NA, NA, NA, NA, NA, NA, NA, NA, NA, NA, NA, 
NA, NA, NA, NA, NA, NA, NA, NA, NA, NA, NA, NA, NA, NA, NA, NA, NA, NA, NA, NA, NA, NA, NA, NA, NA, NA, NA, NA, NA, NA, NA, NA, NA, NA, NA, NA, NA, NA, NA, NA, NA, NA, NA, NA, NA, NA, NA, NA, NA, NA, NA, NA, NA, NA, NA, NA, NA, NA, NA, NA, NA, NA, NA, NA, NA, NA, -44.25, NA, NA, NA, NA, NA, NA, NA, NA, NA, NA, NA, NA, NA, NA, NA, NA, NA, NA, NA, NA, NA, NA, NA, NA, NA, NA, NA, NA, NA, NA, NA, NA, NA, NA, NA, NA, NA, NA, NA, NA, NA, NA, NA, NA, NA, NA, NA, NA, NA, NA, NA, NA, NA, NA, NA, NA, NA, NA, 
NA, NA, NA, NA, NA, NA, NA, NA, NA, NA, NA, NA, NA, NA, NA, NA, NA, NA, NA, NA, NA, NA, NA, NA, NA, NA, NA, NA, NA, NA, NA, NA, NA, NA, NA, NA, NA, NA, NA, NA, NA, NA, NA, NA, NA, NA, NA, NA, NA, NA, NA, NA, NA, NA, NA, NA, NA, NA, NA, NA, NA, NA, NA, NA, NA, NA, NA, NA, NA, NA, NA, NA, NA, NA, NA, NA, NA, NA, NA, NA, NA, NA, NA, NA, NA, NA, NA, NA, NA, NA, NA, NA, NA, NA, NA, NA, NA, NA, NA, NA, NA, NA, NA, NA, NA, NA, NA, NA, NA, NA, NA, NA, NA, NA, NA, NA, NA, NA, NA, NA, NA, NA, NA, NA, NA, NA, 
NA, NA, NA, NA, NA, NA, NA, NA, NA, NA, NA, NA, NA, NA, NA, NA, NA, NA, NA, NA, NA, NA, NA, NA, NA, NA, NA, NA, NA, NA, NA, NA, NA, NA, NA, NA, NA, NA, NA, NA, NA, NA, NA, NA, NA, NA, NA, NA, NA, NA, NA, NA, NA, NA, NA, NA, NA, NA, NA, NA, NA, NA, NA, NA, NA, NA, NA, NA, NA, NA, NA, NA, NA, NA, NA, NA, NA, NA, NA, NA, NA, NA, NA, NA, NA, NA, NA, NA, NA, NA, NA, NA, NA, NA, NA, NA, NA, NA, NA, NA, NA, NA, NA, NA, NA, NA, NA, NA, NA, NA, NA, NA, NA, NA, NA, NA, 40.750742, 40.71704, 40.732509, 40.699226, 
40.706019, 40.707904, 40.714754, 40.780751, 40.727093, 40.739022, 40.741012, 40.72596, 40.720666, 40.734718, 40.780751, 40.74618, 40.752159, 40.755101, 40.765714, 40.758667, 40.76842, 40.759015, 40.776099, 40.786387, 40.798502, 40.802853, 40.812665, 40.776777, 40.791586, 40.818151, 40.826201, 40.840686, 40.848764, 40.867653, 40.802395, 40.759511, 40.813385, 40.709677, 40.826181, 40.858704, 40.703042, 40.780751, 40.762174, 40.70859, 40.780751, 40.780751, 40.712086, 40.780751, 40.780751, 40.76, 40.775477, 
40.780751, 40.77, 40.780751, 40.780751, 40.780751, 40.780751, 40.780751, 40.780751, 40.780751, 40.748181, 40.780751, 40.748181, 40.780751, 40.780751, 40.780751, 40.760915, 40.760943, 40.762808, 40.765243, 40.766429, 40.780751, 40.780751, 40.753987, 40.759235, 40.759291, 40.780751, 40.780751, 40.810906, 40.780751, 40.780751, 40.748998, 40.750824, 40.750629, 40.74964, 40.751757, 40.751489, 40.780751, 40.780751, 40.780751, 40.781894, 40.780751, 40.780751, 40.780751, 40.780751, 40.780751, 40.780751, 
40.780751, 40.780751, 40.763419, 40.758611, 40.763742, 40.757986, 40.761104, 40.780751, 40.780751, 40.749435, 40.780751, 40.780751, 40.780751, 40.769334, 40.780751, 40.780751, 40.752354, 40.754591, 40.754862, 40.751933, 40.754463, 40.752859, 40.756099, 40.755494, 40.754302, 40.751656, 40.754305, 40.75557, 40.755345, 40.751378, 40.780751, 40.780751, 40.780751, 40.780751, 40.780751, 40.750308, 40.77, 40.780751, 40.780751, 40.780751, 40.780751, 40.780751, 40.780751, 40.709387, 40.780751, 40.780751, 
40.780751, 40.780751, 40.780751, 40.780751, 40.780751, 40.780751, 40.780751, 40.706925, 40.708669, 40.780751, 40.780751, 40.780751, 40.780751, 40.780751, 40.780751, 40.715721, 40.713062, 40.707467, 40.714643, 40.717179, 40.71533, 40.714231, 40.780751, 40.631775, 40.631127, 40.629448, 40.60787, 40.599021, 40.569394, 40.508274, 40.551353, 40.529749, 40.63212, 40.605245, 40.543117, 40.564393, 40.606337, 40.828279, 40.819729, 40.838745, 40.853017, 40.805968, 40.815559, 40.829676, 40.846745, 40.864166, 
40.825432, 40.84095, 40.842917, 40.842173, 40.881086, 40.857017, 40.825727, 40.89095, 40.872265, 40.867107, 40.868643, 40.900629, 40.900819, 40.830409, 40.818514, 40.81321, 40.878522, 40.851549, 41.289939, 41.011324, 41.024855, 41.129908, 41.33431, 41.195778, 41.236931, 41.41362, 41.146297, 41.260283, 41.444833, 41.167455, 41.440695, 41.300561, 41.269072, 41.34598, 41.215541, 41.234256, 41.012729, 41.057089, 41.363063, 41.294561, 41.319026, 40.972667, 41.025114, 41.103664, 41.039005, 41.331173, 41.265478, 
41.337335, 40.933089, 41.333398, 41.372419, 41.372581, 40.952892, 41.119008, 41.199502, 41.314676, 41.248359, 41.204027, 40.907607, 41.119008, 40.924195, 40.909288, 41.119008, 41.119008, 41.119008, 41.32797, 41.176837, 41.288258, 41.300813, 41.132367, 41.119008, 41.119008, 41.010376, 41.212954, 41.037203, 41.3252, 41.390356, 40.976579, 41.119008, 40.98845, 40.997751, 41.328737, 41.330178, 41.331587, 41.256639, 41.080196, 41.119008, 41.120025, 41.083848, 41.254823, 41.289162, 41.296874, 41.032489, 
41.119008, 41.053182, 41.045387, 41.01002, 41.024107, 41.041191, 41.119008, 41.119008, 41.119008, 41.119008, 41.013696, 40.943525, 41.119008, 40.956546, 40.920273, 40.917281, 40.992084, 40.958689, 40.939049, 40.953849, 40.96555, 41.358899, 40.915845, 40.948274, 40.902221, 40.946805, 40.897783, 41.125695, 41.386195, 41.160945, 41.387822, 41.062779, 41.464867, 41.555634, 41.451074, 41.322344, 41.35648, 41.525781, 41.149245, 41.332519, 41.334557, 41.204544, 41.38928, 41.211794, 41.299334, 41.196044, 
41.360336, 41.35805, 41.126395, 41.485227, 41.365286, 41.449364, 41.478028, 41.387822, 41.507236, 41.33, 41.323547, 41.116162, 41.409284, 41.100182, 41.145495, 41.308218, 41.384738, 41.387822, 41.089746, 41.047996, 41.475197, 41.011464, 41.063329, 41.040623, 41.295568, 41.192394, 41.391172, 41.156095, 41.246428, 41.028647, 41.116795, 41.182344, 41.231408, 41.323172, 41.160945, 41.025897, 41.208327, 41.580793, 41.271543, 41.197123, 41.314931, 41.119788, 41.259896, 41.428269, 41.207594, 41.097529, 
41.160945, 41.376109, 41.387822, 41.334034, 40.7232, 40.754757, 40.700529, 40.742944, 40.756983, 40.701702, 40.771082, 40.787068, 40.754757, 40.798839, 40.812887, 40.754757, 40.754757, 40.754757, 40.796752, 40.742901, 40.754757, 40.760128, 40.754757, 40.754757, 40.833246, 40.754757, 40.754757, 40.754757, 40.754757, 40.754757, 40.618206, 40.754757, 40.745341, 40.771286, 40.762968, 40.743796, 40.774686, 40.762012, 40.651378, 40.651378, 40.695286, 40.645099, 40.649059, 40.618944, 40.694214, 40.702348, 
40.670874, 40.672666, 40.62327, 40.627946, 40.71209, 40.662191, 40.670937, 40.598994, 40.667508, 40.680398, 40.68209, 40.644552, 40.632449, 40.641436, 40.691234, 40.726302, 40.598142, 40.576589, 40.662892, 40.645256, 40.617563, 40.599256, 40.622994, 40.6788, 40.655481, 40.676938, 40.618561, 40.583803, 40.640527, 40.703355, 40.680145, 40.645848, 40.645099, 40.645099, 40.645099, 40.645099, 40.645099, 40.645099, 40.645099, 40.645099, 40.645099, 40.645099, 40.645099, 40.645099, 40.645099, 40.645099, 
40.658825, 40.75945, 40.781703, 40.651378, 40.651378, 40.767969, 40.749463, 40.785462, 40.784453, 40.760522, 40.79278, 40.780386, 40.763177, 40.759686, 40.772636, 40.746718, 40.738983, 40.726137, 40.728614, 40.747106, 40.762854, 40.763015, 40.772072, 40.750146, 40.736076, 40.724945, 40.720535, 40.742869, 40.724096, 40.716028, 40.651378, 40.651378, 40.703069, 40.651378, 40.651378, 40.651378, 40.651378, 40.693538, 40.697188, 40.670138, 40.658188, 40.706903, 40.683301, 40.675534, 40.698485, 40.688688, 
40.673138, 40.69087, 40.662538, 40.714261, 40.651378, 40.651378, 40.732239, 40.728235, 40.719981, 40.708833, 40.650519, 40.686903, 40.714144, 40.696538, 40.674888, 40.700068, 40.674146, 40.722008, 40.651378, 40.651378, 40.651378, 40.747188, 40.769942, 40.589538, 40.654112, 40.750132, 40.627386, 40.679845, 40.639575, 40.653935, 40.725257, 40.754757, 40.754757, 40.754757, 40.864757, 40.823957, 40.828143, 40.813187, 40.754757, 40.702271, 40.754757, 40.6949, 40.703502, 40.7143, 40.754757, 40.754757, 
40.639534, 40.603159, 40.61579, 40.881957, 40.588154, 40.665202, 40.656974, 40.754757, 40.675249, 40.666575, 40.787368, 40.593996, 40.663935, 40.754757, 40.636286, 40.679413, 40.793839, 40.785642, 40.846388, 40.673, 40.651733, 40.754757, 40.754757, 40.754757, 40.756287, 40.621753, 40.754757, 40.754757, 40.754757, 40.758283, 40.754757, 40.633103, 40.607574, 40.651378, 40.60002, 40.592939, 40.596959, 40.57649, 40.651378, 40.651378, 40.560167, 40.6851, 40.687649, 40.733398, 40.719249, 40.74485, 40.729098, 
40.922326, 40.922326, 40.907277, 40.673438, 40.771447, 40.740662, 40.74897, 40.770042, 40.783954, 40.720746, 40.780058, 40.868946, 40.890598, 40.784874, 40.865731, 40.841522, 40.680892, 40.884895, 40.760698, 40.72921, 40.865998, 40.848766, 40.932053, 40.725968, 40.754757, 40.754757, 40.83469, 40.922326, 40.862565, 40.799706, 40.810606, 40.867498, 40.922326, 40.821698, 40.791593, 40.922326, 40.922326, 40.734212, 40.754386, 40.786544, 40.888497, 40.855402, 40.724883, 40.690049, 40.68085, 40.810246, 
40.68505, 40.820786, 40.946506, 40.88889, 40.929242, 40.842962, 40.905647, 40.736011, 40.643951, 40.868882, 40.770898, 40.754757, 40.754757, 40.922326, 40.911082, 40.946103, 40.954093, 40.818826, 40.884394, 40.739869, 40.679752, 40.869274, 40.94993, 40.853343, 40.819266, 40.955586, 40.906174, 40.815215, 40.953261, 40.676649, 40.922326, 40.713459, 40.731954, 40.813801, 40.752098, 40.763355, 40.754757, 40.779911, 40.765378, 40.922326, 40.754757, 40.754757, 40.754757, 40.754757, 40.754757, 40.926595, 
40.985301, 40.922326, 40.939075, 40.933429, 40.797772, 41.012868, 40.995384, 41.128923, 40.806287, 40.824658, 40.84867, 41.103838, 40.875897, 40.943323, 40.961916, 40.855861, 40.80481, 40.763634, 40.994649, 40.886267, 41.03831, 40.805789, 40.991836, 41.151826, 41.03687, 40.825411, 40.803923, 40.89609, 40.937683, 40.99628, 41.060843, 41.07815, 40.794317, 40.904348, 40.922326, 40.941363, 41.059209, 40.8204, 40.922326, 40.947419, 40.919693, 40.81819, 40.816142, 40.832858, 42.482455, 42.853043, 42.698692, 
42.940644, 42.279649, 42.910206, 42.323565, 42.62742, 42.916343, 43.006309, 42.681107, 42.610306, 42.494981, 43.07681, 42.912175, 42.932315, 42.399159, 42.770985, 43.158567, 42.534631, 42.722477, 42.546034, 42.346758, 42.646742, 42.543326, 42.403719, 42.696926, 42.474135, 42.475609, 42.773777, 42.317154, 42.353773, 42.74891, 42.749499, 42.614979, 42.614852, 42.767853, 42.959229, 42.350557, 42.621933, 42.41956, 42.593047, 42.525531, 42.559697, 42.615422, 42.853676, 42.784091, 42.561226, 42.953913, 
42.945701, 42.970827, 42.565907, 42.896974, 42.592287, 43.068203, 42.305793, 42.425405, 42.600551, 43.069562, 42.59362, 42.772624, 42.430684, 42.698231, 42.694777, 42.981745, 42.434883, 42.866666, 42.888816, 42.691779, 42.496939, 42.899334, 43.014523, 42.6464, 42.388394, 42.660046, 43.525388, 42.74964, 42.614852, 42.469991, 42.538589, 43.146907, 42.915904, 42.456127, 42.851106, 42.558318, 42.522197, 42.444198, 42.474028, 42.724978, 42.442592, 42.482123, 42.466061, 42.926121, 43.21892, 42.437594, 
42.862695, 42.760049, 43.40276, 42.693228, 42.731771, 42.46915, 42.63738, 42.518386, 42.842133, 42.63119, 42.876756, 42.932326, 42.638579, 42.925765, 42.587708, 42.479967, 42.668825, 42.539822, 42.646978, 42.757815, 42.521038, 42.513906, 43.515611, 42.317959, 42.831683, 42.414519, 42.552127, 42.57612, 42.975154, 42.285749, 42.377829, 42.343986, 42.559096, 42.393192, 42.95002, 42.71144, 42.731628, 42.738678, 42.785887, 42.743289, 42.426901, 42.884779, 42.638481, 42.624507, 42.80535, 42.729278, 43.43305, 
42.413742, 42.515818, 42.529042, 42.479384, 42.631625, 42.610314, 42.685311, 42.614852, 42.640129, 42.678112, 42.683727, 42.713328, 42.669645, 42.653979, 42.654978, 42.640813, 42.656679, 42.705345, 42.716774, 42.614852, 42.614852, 42.692909, 42.614852, 42.614852, 42.614852, 42.614852, 42.614852, 42.614852, 42.614852, 42.614852, 42.614852, 42.614852, 42.614852, 42.614852, 42.614852, 42.614852, 42.614852, 42.614852, 42.614852, 42.614852, 42.614852, 42.614852, 42.614852, 42.614852, 42.614852, 42.647079, 
42.614852, 42.614852, 42.614852, 42.614852, 42.614852, 42.614852, 42.614852, 42.614852, 42.614852, 42.614852, 42.614852, 42.614852, 42.833261, 42.862193, 42.769009, 42.779026, 42.814476, 42.793326, 42.804076, 42.820909, 42.800276, 42.833261, 42.833261, 41.932315, 41.878801, 41.811322, 42.320081, 42.130111, 42.321453, 42.061841, 42.114646, 41.87916, 42.001351, 42.307982, 42.223002, 42.105611, 41.907604, 42.357579, 41.852449, 41.674288, 42.249541, 42.390291, 42.378679, 42.240343, 42.167622, 41.727588, 
41.816628, 42.183262, 42.361838, 41.949795, 42.000093, 42.368009, 41.725808, 42.19551, 42.183045, 42.302596, 41.801696, 41.878801, 42.222061, 41.92674, 42.260634, 41.790385, 42.039355, 42.073259, 41.993639, 42.157937, 42.281117, 42.223407, 42.098698, 42.280261, 42.151449, 42.034256, 42.038539, 41.802898, 42.227987, 42.406464, 41.912356, 42.174411, 42.081269, 42.136293, 41.905004, 42.297725, 42.442592, 42.284773, 41.83962, 41.846938, 42.260709, 42.285644, 42.017632, 42.085634, 42.142121, 41.974857, 
42.270559, 41.663895, 41.850294, 42.199479, 41.831082, 41.855761, 41.757766, 42.108689, 41.998199, 42.209414, 41.805576, 41.961316, 42.080232, 42.326918, 42.037356, 41.852959, 42.086628, 42.045941, 42.035434, 41.759905, 42.005984, 41.505993, 41.643599, 41.759905, 41.759905, 41.552793, 42.220962, 41.874183, 41.681096, 42.112895, 42.144585, 41.434476, 41.442589, 42.176216, 41.738853, 42.080964, 41.537232, 41.691524, 42.123977, 41.520249, 41.713682, 42.204681, 42.210991, 41.519085, 41.573253, 42.22948, 
41.582437, 41.779541, 41.656933, 42.142068, 41.603333, 41.484988, 42.259623, 41.785109, 41.961002, 41.656805, 41.664239, 41.520396, 41.521593, 41.387822, 41.387822, 41.46359, 41.387822, 41.507368, 41.751566, 41.483689, 41.570328, 42.24862, 41.61134, 41.997807, 41.641207, 41.746469, 41.614667, 42.002691, 41.930983, 41.915068, 41.478722, 41.433856, 41.803384, 41.854465, 41.89187, 41.549525, 42.060034, 41.464073, 41.721384, 41.563701, 41.878801, 41.615036, 41.59466, 41.782781, 42.243991, 41.646584, 
41.701443, 41.759905, 41.67086, 41.759905, 44.776061, 41.653071, 41.818926, 41.480326, 41.66023, 41.564426, 41.719016, 41.769427, 41.858278, 41.926119, 41.694153, 41.657225, 41.475235, 41.545318, 41.732505, 41.734913, 41.848244, 41.48397, 41.648888, 41.437427, 41.85304, 41.838672, 41.720235, 41.53481, 41.762944, 41.436732, 41.752458, 41.774223, 41.6896, 41.729581, 41.679152, 41.677243, 41.798476, 44.842975, 41.900542, 41.920201, 41.780299, 41.901849, 41.676676, 41.690795, 41.588604, 41.845381, 41.815316, 
41.719016, 41.864326, 41.651453, 41.44515, 41.374734, 41.614218, 41.94836, 41.562141, 41.65974, 41.705649, 41.429425, 41.719016, 41.881485, 41.736523, 41.676139, 41.518125, 41.649008, 41.80854, 41.784477, 41.708062, 41.592087, 41.807694, 41.522825, 41.736963, 43.312104, 43.288818, 43.330471, 43.246117, 42.425733, 43.758733, 43.229054, 43.484741, 43.62422, 43.865351, 43.582318, 43.703484, 43.039226, 43.638919, 43.583211, 43.47181, 43.461692, 43.248892, 43.178983, 43.50964, 42.973468, 43.414017, 43.253125, 
43.12943, 43.174566, 43.376197, 43.128878, 43.095447, 43.292593, 43.750773, 43.500423, 43.345875, 43.316622, 43.642332, 43.761451, 43.569961, 43.495335, 43.41928, 43.329851, 43.97643, 43.100123, 43.433107, 43.092312, 43.841369, 43.972307, 43.683067, 43.452517, 43.996303, 43.722082, 43.795443, 43.888754, 43.182144, 43.719612, 43.74531, 43.675377, 43.067531, 43.667618, 43.200351, 43.080399, 43.835376, 43.088919, 44.145678, 43.11595, 43.685475, 43.618466, 43.426652, 44.145678, 43.858226, 43.088397, 
43.538744, 43.638462, 43.547822, 44.693271, 44.683468, 44.879986, 44.530527, 44.466008, 44.421547, 44.927856, 44.552725, 44.830736, 44.915973, 44.692862, 44.965887, 44.901543, 44.88821, 44.224185, 44.948894, 44.706561, 44.953782, 44.220971, 43.95037, 44.847709, 44.731571, 44.212623, 44.881962, 44.865972, 44.83218, 44.259479, 44.972087, 41.773053, 44.552725, 44.3919, 44.25462, 44.171625, 44.483465, 44.360566, 44.292147, 44.746861, 44.322102, 44.715159, 44.813419, 44.787489, 44.088275, 44.833996, 44.958106, 
44.951443, 44.025573, 44.061849, 44.711769, 44.129094, 44.698253, 44.812315, 44.784144, 44.711622, 44.454639, 44.563323, 44.234289, 44.041901, 44.526437, 44.552725, 44.145678, 44.664956, 44.990606, 44.63091, 44.617642, 44.324736, 44.589583, 44.220344, 44.329473, 44.519178, 44.819829, 44.195201, 44.805681, 44.373007, 44.145678, 44.08267, 42.823968, 42.922273, 43.163364, 43.163364, 42.758088, 43.165134, 43.279405, 43.225081, 43.164297, 43.039916, 43.086439, 43.182054, 42.912846, 42.938816, 43.299689, 
43.059992, 43.171707, 42.560795, 43.1835, 43.252084, 43.042044, 43.28547, 42.591109, 42.870698, 42.728977, 42.483348, 43.165514, 42.677155, 43.074266, 43.025843, 42.859332, 42.484414, 42.847248, 43.431311, 42.822662, 43.028516, 42.505075, 43.32347, 42.677418, 42.763823, 42.591961, 43.317683, 43.354706, 42.680693, 42.973991, 43.07446, 42.667102, 43.099547, 43.647881, 42.883503, 42.706981, 43.105917, 43.02143, 43.152017, 42.643214, 43.431311, 42.593363, 42.554215, 43.339851, 42.987329, 43.457798, 42.979467, 
42.891595, 43.258952, 43.105771, 43.089111, 43.468092, 43.397671, 43.077067, 43.002267, 42.755698, 42.97446, 42.950501, 43.483379, 42.837642, 43.236407, 42.639288, 43.449201, 42.712735, 43.415157, 43.262012, 42.216968, 42.968619, 43.235916, 42.607076, 43.157653, 42.89274, 42.742057, 43.049797, 42.7707, 43.559926, 43.235909, 43.560754, 43.653475, 43.09986, 42.774714, 42.924166, 42.718259, 42.897167, 42.991112, 43.134425, 42.662648, 43.337718, 43.209147, 42.717801, 42.802031, 42.832007, 43.18852, 43.078461, 
43.088699, 42.911377, 43.056292, 43.309645, 43.02143, 43.045066, 43.061116, 43.048966, 43.010916, 43.069866, 43.020116, 43.074566, 43.081324, 43.037166, 43.098917, 43.128534, 43.038099, 42.996804, 43.02143, 43.02143, 43.041566, 43.123415, 43.02143, 43.041866, 43.02143, 43.04, 43.037716, 43.02143, 43.02143, 43.050966, 43.02143, 43.02143, 43.075066, 43.419132, 43.499843, 43.368235, 43.242724, 43.818705, 43.236303, 43.484783, 42.88821, 43.689564, 42.87896, 42.832184, 42.728271, 43.377083, 42.86749, 
42.937739, 43.029669, 42.772775, 43.090027, 42.969624, 43.049536, 43.317064, 43.570028, 42.703091, 43.932489, 42.9843, 43.11545, 43.822824, 42.752447, 42.843048, 42.83917, 42.694896, 42.743186, 43.506153, 42.943602, 43.046471, 43.036802, 42.64743, 43.743932, 43.818705, 42.820826, 42.708284, 43.038149, 43.328187, 43.392434, 43.261526, 42.81488, 42.992323, 43.744906, 42.902922, 42.980334, 43.311975, 42.954541, 43.053176, 43.794492, 43.637104, 43.606444, 42.839697, 43.267243, 42.90777, 43.162119, 43.818705, 
43.137624, 42.970099, 42.923334, 42.967906, 42.937863, 42.626177, 43.067169, 42.590419, 43.178528, 43.102469, 42.852808, 43.707331, 43.079635, 43.158258, 42.964774, 43.562757, 42.923583, 43.21574, 43.580184, 43.305156, 43.807314, 43.572876, 43.349682, 42.852372, 43.217069, 43.164312, 43.239274, 42.637549, 43.239274, 42.69983, 43.021223, 43.436919, 43.222171, 42.916235, 43.005669, 42.775805, 42.774077, 42.680051, 43.070808, 42.687757, 42.954541, 42.843002, 43.220075, 43.180412, 43.346517, 43.460951, 
43.654278, 42.870799, 43.079233, 43.035057, 43.141727, 43.053769, 42.922823, 42.704333, 43.399851, 42.854631, 42.766057, 43.338878, 42.680906, 43.453661, 43.106801, 42.862696, 43.11627, 43.421597, 43.524904, 43.110619, 43.087669, 43.114519, 43.101869, 43.136033, 43.087169, 43.026416, 44.465307, 42.595426, 43.239274, 43.976735, 44.03803, 44.030204, 43.807654, 43.871728, 44.328698, 44.243007, 43.818705, 43.778046, 44.003136, 44.864624, 44.54141, 44.005613, 44.030831, 44.58249, 44.114183, 43.981245, 
43.90707, 44.850439, 44.0958, 44.440171, 44.230421, 44.537321, 43.859025, 43.818705, 43.885519, 44.494708, 43.818705, 44.139501, 44.469527, 44.015332, 44.314998, 43.75965, 44.091494, 44.021094, 44.268403, 44.318866, 44.207681, 44.319897, 44.014698, 44.533125, 44.444242, 44.608735, 44.168224, 44.921678, 43.82212, 43.870842, 44.436004, 44.563604, 44.98184, 44.194126, 44.035703, 44.744462, 43.743998, 44.758378, 43.714545, 44.937212, 44.585561, 44.055436, 44.533125, 44.823502, 44.752355, 44.683636, 44.210178, 
44.308475, 44.4987, 44.160785, 43.73345, 44.277365, 44.651265, 44.673438, 44.828685, 44.323952, 44.593588, 44.414762, 43.842808, 44.533125, 44.353607, 43.936173, 44.501065, 43.951666, 44.161058, 44.216969, 44.289833, 44.064999, 44.866754, 44.140791, 44.69563, 44.755383, 43.775216, 44.496564, 42.232991, 42.152105, 42.059433, 42.292692, 42.063671, 42.306877, 42.080494, 42.567313, 42.364673, 42.274238, 42.213965, 42.250715, 42.173775, 42.261923, 42.505122, 42.0553, 42.206745, 42.473691, 42.424859, 42.187835, 
42.302716, 42.076427, 42.086268, 42.018923, 42.411895, 42.583518, 42.113974, 42.206745, 42.206745, 42.206745, 42.155346, 41.965435, 42.333285, 42.457398, 42.254154, 42.336771, 42.426583, 42.18942, 41.985839, 42.431068, 42.445257, 42.197905, 42.368357, 42.125725, 42.509167, 42.402816, 42.056312, 42.540359, 42.335102, 42.504765, 42.255624, 42.453663, 42.215297, 42.183045, 42.606209, 42.532969, 42.392104, 42.609579, 42.222777, 42.024157, 42.163814, 42.603574, 42.541733, 42.469761, 42.417489, 42.112127, 
42.120274, 42.428818, 42.650584, 42.185196, 42.536475, 42.396659, 42.183045, 42.304177, 42.236762, 42.039512, 42.419896, 42.376254, 42.533274, 42.603506, 42.065842, 42.344248, 42.183045, 42.214705, 42.343576, 42.075874, 42.206745, 42.182237, 42.367765, 42.183045, 42.488953, 42.328284, 42.437964, 42.298203, 42.070228, 42.142575, 42.105375, 42.077258, 42.110927, 42.121443, 43.114669, 43.024559, 42.998052, 42.898709, 42.906765, 42.633375, 43.318768, 42.582693, 42.768413, 42.844962, 43.337798, 43.074578, 
42.996507, 42.998052, 42.579516, 42.627312, 42.941025, 42.57075, 43.326155, 42.474283, 42.562386, 42.981558, 43.019908, 42.655098, 42.498791, 42.49064, 42.974083, 42.814667, 42.947259, 42.829129, 42.891116, 42.408583, 42.474779, 42.904958, 42.694598, 42.479471, 43.025217, 42.770859, 42.903676, 42.554206, 42.991173, 42.651776, 43.091886, 42.834159, 42.443406, 42.594627, 42.450845, 42.425683, 43.158013, 42.483508, 42.619549, 43.20258, 43.02534, 42.601635, 42.453234, 43.011823, 42.734051, 42.640351, 
42.573552, 42.661838, 42.676913, 42.718308, 42.904258, 42.535917, 43.169055, 43.160857, 43.32684, 43.338755, 42.393206, 42.838643, 43.217155, 43.199665, 43.32684, 43.264406, 43.32684, 42.768413, 42.593148, 42.691742, 42.672162, 43.048156, 43.077433, 43.330443, 42.759917, 42.469165, 42.543108, 43.237855, 43.140056, 42.489129, 42.534854, 42.488983, 42.535276, 42.372077, 42.716919, 42.807159, 42.516248, 42.977828, 43.199494, 42.720756, 43.001907, 42.768413, 42.4511, 42.750175, 42.509271, 42.767333, 
42.692304, 42.426278, 43.307288, 42.524691, 43.247054, 42.896407, 42.886357, 42.880107, 42.884008, 42.768413, 42.880105, 42.94722, 42.914307, 42.913257, 42.866708, 42.907358, 42.894758, 42.916057, 42.941407, 42.934757, 42.949707, 42.968707, 42.821008, 42.790708, 42.845758, 42.977456, 42.917657, 42.972207, 42.836858, 42.929891, 42.968057, 42.881372, 43.023347, 42.768413, 42.768413, 42.768413, 42.938258, 42.768413, 42.768413, 42.768413, 42.885568, 42.768413, 42.768413, 42.768413, 42.768413, 42.768413, 
42.75495, 42.768413, 42.768413, 43.096555, 43.32684, 43.086355, 43.091106, 43.115355, 43.195261, 43.244034, 43.222735, 42.899233, 42.757486, 43.067831, 42.834813, 42.605481, 43.214261, 43.079217, 42.937589, 42.85297, 42.985007, 42.63529, 43.079181, 43.381027, 43.286024, 42.965372, 43.07351, 42.706781, 42.576771, 42.684588, 42.900966, 43.111663, 43.235369, 43.091714, 43.381027, 43.010908, 42.798159, 42.853039, 42.855029, 42.808127, 42.681361, 42.796578, 43.319027, 42.787276, 43.048663, 43.289787, 
42.868609, 43.221689, 42.762059, 42.964593, 42.933105, 43.339304, 43.341512, 42.589281, 43.241502, 42.837786, 42.780121, 42.979887, 42.558227, 42.879208, 42.915297, 42.809908, 42.729839, 43.076715, 43.08786, 42.970621, 43.160635, 42.999201, 42.702921, 43.381027, 42.692608, 43.002612, 42.628515, 43.052126, 43.122386, 43.257819, 43.197378, 42.589984, 42.931873, 43.227921, 43.348369, 42.699637, 43.063858, 42.876222, 43.145342, 42.664079, 42.535363, 42.724075, 42.964535, 42.846509, 43.071131, 42.54523, 
43.033002, 43.283582, 42.834327, 42.75147, 43.144795, 42.98723, 42.75606, 42.664904, 43.030313, 42.808127, 42.97342, 42.692874, 42.669499, 43.226024, 43.269332, 42.729839, 43.041606, 42.855409, 43.189862, 42.674773, 42.815171, 43.348369, 42.980323, 43.134783, 42.739447, 43.34653, 42.569876, 43.220991, 42.901162, 43.040271, 42.683451, 43.24816, 43.234753, 42.829405, 42.875685, 43.286024, 43.286024, 43.161613, 43.156963, 43.167563, 43.168062, 43.149863, 43.155568, 43.175113, 43.142259, 43.147563, 43.256462, 
43.182163, 43.155863, 43.204695, 43.232312, 43.223213, 43.116713, 43.136363, 43.132474, 43.185163, 43.21543, 43.087613, 43.127195, 43.143663, 43.214613, 43.127513, 43.286024, 43.286024, 43.286024, 43.286024, 43.286024, 43.286024, 43.286024, 43.286024, 43.286024, 43.286024, 43.286024, 43.286024, 43.286024, 43.286024, 43.286024, 43.286024, 43.286024, 43.286024, 43.286024, 42.09179, 42.081657, 42.342529, 42.342529, 42.10143, 42.073739, 42.016108, 42.339925, 42.098227, 42.319654, 42.170787, 42.279786, 
42.076186, 42.390802, 42.37074, 42.343265, 42.329183, 42.105907, 41.999435, 42.187468, 42.316386, 42.066681, 42.251075, 42.213216, 42.258967, 42.382899, 42.174736, 42.286037, 42.229098, 42.128469, 42.456047, 42.130247, 42.335628, 42.0385, 42.192384, 42.230692, 42.220602, 42.120512, 42.203691, 42.426885, 42.4777, 42.154315, 42.130224, 42.098657, 42.298328, 42.352416, 42.035792, 42.020028, 42.249436, 42.19815, 42.226149, 42.342529, 42.076574, 42.357543, 42.043339, 42.372864, 42.047063, 42.737181, 42.160787, 
42.114385, 42.254906, 42.260012, 42.385744, 42.270112, 42.168508, 42.160982, 42.265234, 42.100539, 42.326844, 42.155693, 42.12267, 42.327029, 42.062125, 42.104389, 42.255694, 42.258793, 42.321173, 42.366682, 42.157534, 42.410387, 42.560553, 42.419988, 42.351281, 42.286649, 42.238994, 42.150834, 42.383304, 42.177039, 42.368, 42.444243, 42.20928, 42.192615, 42.235058, 42.442261, 42.250187, 42.265328, 42.043018, 42.484672, 42.178527, 42.140881, 42.145265, 42.523195, 42.502293, 42.177019, 42.129806, 
42.453547, 42.521501, 42.595985, 42.331062, 42.160717, 42.181584, 42.542056, 42.614518, 42.449454, 42.460721, 42.445074, 42.447373, 42.50632, 42.135945, 42.374218, 42.515233, 42.03128, 42.116615, 42.590355, 42.074742, 42.451569, 42.271938, 42.352725, 42.354851, 42.341316, 42.173481, 42.048032, 42.218224, 42.525335, 42.527075, 42.429721, 42.060154, 42.451153, 42.330602, 42.170951, 42.39534, 42.564191, 42.234865, 42.473556, 42.041973, 42.51432, 42.399371, 42.212809, 42.374828, 42.023442, 42.474143, 
42.01359, 42.094855, 42.034218, 42.065376, 42.091924, 42.147285, 42.129274, 42.072024, 42.087824, 42.147285, 40.603966, 40.593917, 40.341487, 40.641066, 40.630894, 40.652311, 40.695281, 40.763899, 40.140248, 40.608403, 40.635147, 40.351802, 40.266358, 40.417545, 40.238657, 40.383884, 40.136537, 40.569723, 40.292974, 40.508376, 40.663816, 40.297336, 40.583218, 40.347826, 40.434436, 40.176375, 40.350519, 40.384223, 40.214896, 40.258438, 40.251586, 40.682566, 40.582316, 40.631011, 40.326919, 40.558477, 
40.434436, 40.555627, 40.557889, 40.565907, 40.665001, 40.379884, 40.363006, 40.304019, 40.565367, 40.357286, 40.649081, 40.368154, 40.677132, 40.154271, 40.196694, 40.352897, 40.628522, 40.73998, 40.207526, 40.571108, 40.360223, 40.420319, 40.13848, 40.708166, 40.586408, 40.61517, 40.602535, 40.357926, 40.574634, 40.378997, 40.237582, 40.61357, 40.386968, 40.661431, 40.186047, 40.272901, 40.211895, 40.617016, 40.434436, 40.434436, 40.434436, 40.570915, 40.324535, 40.404743, 40.404119, 40.500665, 
40.369969, 40.399436, 40.533806, 40.395336, 40.366177, 40.434436, 40.454423, 40.434436, 40.289752, 40.434436, 40.341469, 40.341919, 40.332502, 40.434436, 40.306819, 40.471618, 40.380219, 40.519518, 40.405768, 40.379549, 40.561091, 40.543053, 40.408218, 40.431034, 40.498218, 40.394268, 40.588257, 40.434436, 40.471468, 40.502918, 40.426211, 40.455118, 40.436618, 40.468968, 40.399355, 40.455168, 40.492618, 40.409219, 40.428369, 40.460669, 40.443269, 40.479469, 40.497701, 40.400319, 40.430919, 40.424336, 
40.443819, 40.430822, 40.438035, 40.447036, 40.503768, 40.463463, 40.513778, 40.394002, 40.377869, 40.372802, 40.518368, 40.434436, 40.434436, 40.454018, 40.455919, 40.369619, 40.459518, 40.342869, 40.552768, 40.518701, 40.482655, 40.434436, 40.329619, 40.434436, 40.372669, 40.434436, 40.476524, 40.434436, 40.434436, 40.434436, 40.434436, 40.434436, 40.434436, 40.434436, 40.434436, 40.434436, 40.434436, 40.434436, 40.434436, 40.434436, 40.434436, 40.434436, 40.434436, 40.434436, 40.434436, 40.434436, 
40.434436, 40.37, 40.434436, 40.44952, 40.434436, 40.434436, 40.434436, 40.434436, 40.434436, 40.434436, 40.434436, 40.434436, 40.434436, 40.44, 40.44, 40.434436, 40.43, 40.420019, 40.170663, 39.792529, 40.042851, 40.264217, 40.065384, 40.127951, 39.760868, 39.743424, 40.26819, 39.883336, 40.322872, 39.976531, 40.114204, 40.10012, 39.94821, 39.754889, 40.030707, 40.178679, 40.105887, 40.250299, 40.010135, 39.809756, 40.260141, 39.943552, 39.809161, 40.301838, 40.290375, 39.82644, 40.241854, 39.92757, 
40.019657, 39.935562, 40.214331, 39.988369, 39.741865, 40.292528, 39.877676, 39.748534, 39.961767, 39.870635, 40.055216, 39.942802, 40.05604, 39.880073, 40.08708, 40.32826, 39.748302, 40.251054, 39.956204, 40.16113, 40.110068, 40.261394, 40.015501, 39.892235, 40.101254, 39.976027, 40.27758, 40.240402, 39.874975, 39.89822, 39.918848, 39.751296, 40.100345, 39.987842, 39.980787, 39.932084, 40.01933, 40.063977, 39.958894, 39.845088, 39.979032, 40.082073, 39.817148, 40.024138, 40.061044, 40.060912, 40.007062, 
40.040653, 39.968368, 40.117368, 39.968503, 40.079185, 39.950123, 39.821336, 39.793095, 40.093982, 39.771324, 39.72974, 40.013397, 39.927312, 40.011146, 39.876251, 40.028267, 39.945514, 40.134792, 39.963622, 40.00666, 39.737104, 39.863666, 39.998299, 39.923495, 39.879185, 39.757928, 39.804674, 39.847077, 40.061931, 39.882521, 39.926509, 39.932084, 40.075617, 39.932084, 39.936535, 40.006624, 39.854144, 39.9783, 39.916995, 40.080727, 39.74419, 39.964486, 39.869675, 40.079169, 39.791113, 40.148576, 
39.987054, 40.062849, 40.081257, 39.89615, 39.816608, 40.034355, 39.976316, 39.955933, 40.077289, 40.120876, 40.091655, 40.02847, 40.046023, 39.963306, 40.112153, 40.188405, 39.998096, 39.937504, 40.173782, 39.766617, 39.989224, 39.904209, 39.825578, 39.951222, 40.003997, 39.863486, 40.128089, 39.798343, 40.053525, 39.863543, 40.134685, 39.776675, 40.14376, 40.159054, 40.101106, 40.020764, 40.003724, 39.886916, 39.805436, 39.983808, 40.121392, 40.091429, 39.935728, 39.742872, 40.058077, 40.017182, 
40.096406, 39.746182, 40.099003, 39.729896, 40.003476, 40.298765, 40.360223, 40.360223, 40.138405, 40.3044, 40.136883, 40.560849, 40.358962, 40.360223, 40.26974, 40.528929, 40.360223, 40.321426, 40.360223, 40.038201, 40.366748, 40.362739, 40.267005, 40.409992, 40.339547, 40.108585, 40.598412, 40.847829, 40.090582, 40.430632, 40.355049, 40.324588, 40.351619, 40.359353, 40.261878, 40.26106, 40.201398, 40.22615, 40.631729, 40.325902, 40.322965, 40.329238, 40.087243, 40.344319, 40.299646, 40.202095, 
40.63071, 40.247351, 40.245378, 40.319956, 40.333489, 40.244753, 40.310772, 40.333339, 40.150143, 40.451664, 40.408295, 40.356055, 40.231003, 40.593301, 40.2071, 40.330326, 40.243195, 40.175368, 40.287869, 40.17462, 40.521015, 40.500852, 40.847829, 40.103791, 40.463572, 40.196455, 40.608969, 40.134658, 40.172199, 40.219344, 40.612649, 40.294021, 40.332063, 40.253086, 40.195407, 40.279151, 40.238134, 40.217118, 40.626307, 40.640031, 40.632966, 41.00232, 40.786561, 40.56265, 40.662676, 40.969945, 40.472335, 
40.446361, 40.529238, 40.813203, 40.600375, 40.70673, 40.734783, 40.518067, 40.55027, 40.674994, 40.710407, 41.040903, 40.500385, 40.721516, 40.98415, 40.717399, 40.694906, 40.607635, 40.693633, 40.677609, 41.141079, 40.804018, 40.816706, 40.916407, 40.621037, 40.767854, 40.763402, 40.529621, 40.482783, 40.640031, 40.541589, 40.801942, 40.558928, 40.570149, 40.890039, 40.640031, 40.771687, 40.652164, 40.625962, 40.596681, 40.906164, 40.986389, 40.592854, 40.954059, 40.999588, 40.827315, 40.877189, 
40.628368, 40.657804, 40.642174, 41.013546, 40.700574, 40.965989, 40.416334, 40.91719, 40.964542, 40.601789, 41.027404, 41.125563, 40.332173, 41.328011, 41.415878, 41.254038, 41.241861, 41.160579, 41.293237, 41.34149, 41.173044, 41.304782, 41.379949, 41.517738, 41.160521, 41.254727, 41.497219, 41.337926, 41.08434, 41.031691, 41.201892, 41.095493, 41.420778, 41.082722, 41.4376, 41.345663, 41.370716, 41.012739, 41.108591, 41.049353, 41.023829, 41.283012, 41.587333, 41.027511, 40.325374, 40.309087, 
40.289442, 40.302374, 40.348973, 40.325374, 40.36344, 40.484487, 40.460191, 40.319561, 40.484487, 40.372103, 40.123213, 40.408989, 40.097937, 40.543153, 40.23741, 40.467684, 40.294347, 40.498793, 40.280875, 40.212192, 40.156538, 40.208983, 40.42026, 40.506799, 40.402861, 40.474488, 40.371165, 40.356723, 40.384718, 40.491089, 40.401076, 40.338615, 40.298625, 40.206435, 40.414654, 40.324295, 40.358541, 40.536405, 40.381332, 40.267975, 40.49963, 40.47535, 40.380188, 40.228222, 40.388921, 40.098721, 
40.877664, 40.818663, 40.921145, 40.726206, 40.921145, 40.921145, 40.921145, 41.10936, 40.921145, 41.057142, 40.796809, 40.739587, 40.947245, 40.818096, 40.97717, 40.877703, 41.135335, 40.789672, 40.868261, 41.106327, 41.141525, 40.821535, 41.152347, 40.921145, 41.098857, 41.009219, 40.85062, 40.695658, 41.04719, 41.097836, 41.028275, 40.953141, 40.898789, 40.808934, 41.160944, 40.713078, 40.732393, 41.047157, 41.202325, 40.702289, 41.005075, 40.783001, 40.700423, 40.992023, 40.970991, 40.989662, 
41.038205, 40.989662, 40.989662, 41.508647, 41.518256, 40.976839, 41.280779, 41.402438, 40.802863, 41.025132, 40.857663, 40.875943, 41.211606, 40.821528, 41.329301, 41.403462, 41.169987, 41.443741, 41.549671, 41.00745, 41.274408, 41.506801, 40.834903, 41.234591, 41.098098, 40.853014, 41.135063, 41.096535, 41.385019, 41.230106, 41.232543, 41.266185, 41.443244, 41.335391, 41.330028, 41.074943, 41.097672, 40.889241, 41.174066, 40.93156, 41.200389, 41.119992, 40.809467, 40.885328, 40.640031, 40.7532, 
41.125693, 41.199396, 40.847829, 40.847829, 41.344067, 40.923894, 41.202325, 41.202325, 40.8739, 40.954782, 41.045243, 41.202325, 40.747985, 40.76172, 40.711528, 41.020621, 41.230562, 41.361473, 41.127485, 41.323424, 40.780619, 40.786362, 41.496544, 41.035602, 41.007757, 40.796406, 41.007679, 40.793823, 41.039668, 40.779271, 40.776212, 40.95557, 41.255691, 41.115411, 40.854736, 41.202325, 41.221629, 40.90764, 41.41229, 40.847829, 40.839519, 40.801244, 40.755638, 41.439658, 41.407066, 41.452879, 41.935848, 
41.773848, 41.517339, 41.607955, 41.526679, 41.321298, 41.581586, 41.626321, 41.407366, 41.362104, 41.61792, 41.666057, 41.821327, 41.306317, 41.378962, 41.732284, 41.316316, 41.637502, 41.826878, 41.560056, 41.335938, 41.410693, 41.471398, 41.954896, 41.378236, 41.676904, 41.977253, 41.680467, 41.764498, 41.493473, 41.622203, 41.562679, 41.684627, 41.391383, 41.445871, 41.369406, 41.853225, 41.811682, 41.811682, 41.811682, 41.811682, 41.569732, 41.860809, 41.199578, 41.195768, 41.252823, 41.202325, 
41.659552, 41.883648, 41.972884, 41.79637, 41.727069, 41.94208, 41.746056, 41.919028, 41.922138, 41.981289, 41.875896, 42.182748, 41.785249, 42.035523, 41.81426, 41.979, 41.700333, 42.169106, 41.661068, 42.019394, 41.63471, 41.992528, 41.87504, 42.195488, 41.999881, 41.666057, 41.732434, 41.803172, 41.817144, 41.860822, 41.87487, 41.774575, 41.93958, 42.029506, 41.942171, 42.182748, 42.182748, 42.122957, 42.110757, 42.127807, 42.110156, 42.100307, 42.072606, 42.132707, 42.097856, 42.074056, 42.126956, 
42.156157, 42.030201, 42.182748, 42.182748, 42.182748, 42.182748, 42.182748, 42.182748, 42.182748, 42.182748, 42.182748, 42.182748, 42.182748, 42.182748, 42.182748, 42.182748, 42.182748, 42.182748, 42.182748, 42.182748, 40.526319, 40.50217, 40.50177, 40.561651, 40.554187, 40.262311, 40.770522, 40.601566, 40.684811, 40.8376, 40.211299, 40.336064, 40.274021, 40.578804, 40.290914, 40.753504, 40.521778, 40.464754, 40.282346, 40.160858, 40.205819, 40.419572, 40.612642, 40.34068, 40.335188, 40.687083, 
40.711195, 40.487413, 40.717845, 40.798959, 40.670162, 40.40537, 40.439272, 40.132345, 40.827635, 40.498403, 40.402523, 40.235, 40.792727, 40.341859, 40.16478, 40.402523, 40.841761, 40.306709, 40.789079, 40.174807, 40.393223, 40.85258, 40.173012, 40.63949, 40.627047, 40.25915, 40.800186, 40.160825, 40.328843, 40.196898, 40.671181, 40.807219, 40.221352, 40.163172, 40.75212, 40.792825, 40.271645, 40.662087, 40.636691, 40.273559, 40.666444, 40.092488, 40.080393, 40.757085, 40.456531, 40.167018, 40.217753, 
40.989115, 40.484487, 41.943791, 41.613244, 41.747898, 41.902256, 41.816833, 41.976763, 41.415878, 41.96192, 41.811926, 41.957479, 41.850657, 41.713565, 41.619029, 41.628726, 41.833762, 41.734498, 41.809546, 41.883626, 41.925564, 41.800699, 41.940288, 41.801302, 41.876559, 41.791063, 40.792011, 40.806956, 40.802661, 40.972229, 40.972229, 40.771122, 40.908997, 40.989115, 41.092339, 40.91255, 40.98169, 41.059172, 40.78267, 40.828679, 41.053528, 41.026239, 40.847255, 40.948433, 41.033239, 40.904645, 
41.104737, 40.945702, 40.977104, 41.004152, 40.924438, 41.021843, 41.001993, 40.896662, 41.131415, 40.994188, 41.010409, 40.972358, 40.989115, 40.809461, 40.92744, 40.942533, 40.891594, 40.998733, 40.929263, 41.004198, 41.0448, 40.954583, 40.87713, 40.914286, 41.105537, 40.722897, 40.893028, 40.726405, 40.801396, 41.177156, 40.966199, 40.989115, 41.034029, 40.833229, 40.960106, 40.721787, 40.943755, 40.962566, 41.018168, 40.918517, 41.736343, 41.77197, 41.664117, 41.676922, 41.86401, 41.800278, 41.739613, 
41.936663, 41.989863, 41.74103, 41.678935, 41.93668, 41.950785, 41.702935, 41.958059, 41.954314, 41.973095, 41.557848, 41.796032, 41.811139, 41.86292, 41.951518, 41.969218, 41.564177, 41.677577, 41.978436, 41.993777, 41.961001, 41.84992, 41.77197, 41.924013, 41.759353, 41.869812, 41.895838, 40.21604, 40.510176, 40.347757, 40.597698, 40.602475, 40.325136, 40.14789, 40.167091, 40.637663, 40.280149, 40.236139, 40.136687, 40.203458, 40.478716, 40.238207, 40.273968, 40.644085, 40.385623, 40.093968, 40.401114, 
40.354433, 40.160793, 40.560414, 40.413024, 40.28807, 40.45253, 40.153656, 40.402578, 40.551431, 40.608245, 40.406766, 40.48358, 40.277923, 40.208591, 40.4305, 40.270367, 40.436607, 40.434998, 40.300505, 40.333508, 40.220907, 40.31977, 40.247189, 40.595359, 40.586914, 40.358015, 40.365242, 40.592398, 40.64686, 40.249543, 40.458618, 40.338058, 40.333185, 40.495979, 40.215939, 40.478716, 40.201341, 40.53526, 40.582815, 40.453498, 40.550027, 40.5565, 40.735551, 40.24793, 40.114682, 40.373421, 40.389502, 
40.409544, 40.454175, 40.22004, 40.406766, 40.233164, 40.308675, 40.482257, 40.39213, 40.616926, 40.406144, 40.304156, 40.64043, 40.202404, 40.508563, 40.277603, 40.67845, 40.277076, 40.675983, 40.375621, 40.299051, 40.269738, 40.332785, 40.136687, 40.310088, 40.574018, 40.573636, 40.581422, 40.641204, 40.261839, 40.272839, 40.274389, 40.258972, 40.278498, 40.292664, 40.297031, 40.308638, 40.290439, 40.300738, 40.264389, 40.343261, 40.23299, 40.265689, 40.294396, 40.249845, 40.267518, 40.26746, 40.266221, 
40.26179, 40.261516, 40.389865, 40.261516, 40.270222, 40.30864, 40.298988, 39.931123, 39.92, 40.171667, 39.742192, 39.81231, 40.243335, 39.736626, 40.079326, 40.225168, 40.228687, 40.195365, 40.0724, 39.897287, 40.062255, 39.957564, 39.792122, 39.995374, 40.070337, 39.859432, 40.105495, 39.942589, 39.857218, 39.793293, 39.840491, 39.847933, 40.130231, 40.147267, 40.172412, 40.242121, 40.076657, 40.049118, 39.799481, 40.242927, 39.736395, 40.112652, 39.913537, 40.210859, 39.969722, 40.152486, 39.783391, 
40.053308, 40.298547, 39.833095, 40.153677, 39.724825, 40.190713, 40.035958, 40.086522, 39.798516, 39.766281, 39.88745, 39.851731, 40.110585, 39.771372, 40.019915, 40.004885, 39.891548, 39.80954, 39.923644, 39.969711, 39.982466, 39.930756, 39.871433, 39.890605, 39.81667, 39.946739, 39.8989, 39.746811, 40.002696, 39.965131, 39.971506, 40.017597, 40.157382, 39.759356, 39.747204, 39.848832, 40.07501, 40.030925, 39.827337, 39.8948, 39.780323, 39.759126, 39.795301, 39.775037, 39.972985, 39.8, 39.8, 40.015656, 
40.138959, 39.748187, 39.853644, 39.871147, 39.805693, 40.067348, 40.079591, 40.067559, 39.753369, 39.874531, 39.761007, 39.876675, 39.82457, 39.756761, 39.90035, 39.972985, 39.84987, 39.765405, 39.853966, 39.765741, 39.92813, 40.052872, 39.92741, 40.002058, 40.120806, 39.900579, 40.003442, 39.8948, 39.962463, 39.976898, 39.952198, 39.962821, 40.008647, 40.002547, 39.882516, 39.95, 39.972985, 40.156472, 40.095995, 40.0185, 40.024047, 40.055467, 40.117326, 40.196641, 40.125278, 39.919072, 40.041911, 
40.037682, 39.938255, 40.234392, 39.811308, 40.141301, 40.098696, 40.204393, 40.174994, 40.008814, 40.043523, 40.0348, 39.859296, 40.233892, 40.036659, 40.000723, 39.840243, 39.988548, 40.091196, 40.096346, 40.164049, 40.168294, 40.064862, 40.154498, 40.072108, 39.994798, 40.109445, 40.040697, 40.126611, 40.102296, 39.915209, 39.981916, 39.767658, 40.0185, 39.902788, 39.872437, 40.209941, 39.9469, 40.264733, 40.129494, 40.003405, 40.0185, 40.064746, 40.038648, 40.0185, 40.226093, 39.9656, 40.116846, 
40.157565, 39.993398, 39.972349, 39.963866, 40.048398, 40.072246, 40.032664, 40.03263, 40.065096, 40.0185, 40.110201, 40.0185, 40.0185, 40.01, 40.04, 40.0185, 41.256736, 41.222128, 41.33275, 41.33275, 41.186545, 41.186038, 41.33275, 41.33275, 41.649813, 41.122741, 41.33275, 41.318934, 41.493592, 41.109525, 41.414864, 41.77197, 41.268721, 41.335148, 41.357921, 41.209389, 41.229164, 41.232059, 41.77197, 41.239046, 41.146432, 41.038555, 41.125166, 41.072139, 41.051654, 41.108454, 41.173254, 41.271098, 
41.208834, 41.241656, 41.349559, 41.218259, 41.404439, 41.280066, 41.505366, 41.351129, 41.592461, 41.084417, 41.544194, 41.33275, 41.43664, 41.104021, 41.220635, 41.239382, 41.36958, 41.096505, 41.290924, 41.187424, 41.254974, 40.856105, 41.117517, 40.739459, 40.768922, 41.241255, 41.013364, 40.916126, 40.985594, 40.967437, 40.720016, 40.848885, 40.769908, 40.761179, 40.889632, 40.900777, 40.690647, 40.834408, 40.80436, 40.802232, 40.792365, 40.88358, 40.706213, 40.965348, 41.020062, 40.769941, 
40.714443, 40.799235, 40.762675, 40.928666, 40.879182, 41.142069, 41.010754, 40.964676, 40.797899, 40.694161, 40.880509, 41.047295, 40.899361, 41.042106, 41.11533, 40.839093, 40.770921, 40.860555, 40.696064, 40.9921, 40.791328, 40.708236, 40.956916, 40.812047, 40.784453, 40.845896, 40.87897, 41.170314, 40.978059, 40.780982, 40.801614, 40.978059, 41.052616, 40.851747, 41.017937, 41.07552, 40.818443, 40.884501, 40.68514, 40.818731, 40.763568, 40.594185, 40.670753, 40.750666, 40.802567, 40.630557, 40.711162, 
40.782361, 40.649109, 40.602141, 40.79872, 40.793258, 40.750943, 40.658667, 40.677386, 40.722587, 40.763048, 40.672834, 40.777606, 40.809063, 40.813869, 40.794162, 40.679479, 40.759814, 40.727464, 40.690455, 40.592705, 40.731739, 40.700548, 40.645057, 40.558488, 40.710899, 40.698814, 40.722587, 40.859702, 40.63898, 40.718586, 40.614771, 40.696252, 40.820862, 40.632279, 40.560225, 40.584748, 40.632681, 40.771111, 40.643634, 40.909697, 40.693376, 40.665597, 40.693376, 40.693376, 40.496375, 40.811206, 
40.863124, 40.747742, 40.601261, 40.693376, 40.645665, 40.625444, 40.656498, 40.954484, 40.650883, 40.693376, 40.80116, 40.552042, 40.657089, 40.540398, 40.749545, 40.508855, 40.671538, 40.786431, 40.328645, 40.730182, 40.410224, 40.681798, 40.792804, 40.693376, 40.681531, 40.538843, 40.533597, 40.693376, 40.593153, 40.651751, 40.707516, 40.343587, 40.585649, 40.451369, 40.912421, 40.723681, 40.53484, 40.517304, 40.781918, 40.746849, 40.696738, 40.653037, 40.693818, 40.693376, 40.624592, 40.431982, 
40.820558, 40.857829, 40.388263, 40.316397, 40.375182, 40.576989, 40.675741, 40.744055, 40.739576, 40.556976, 40.754064, 40.327782, 40.740769, 40.734807, 40.549119, 40.760403, 40.835128, 40.465994, 40.633542, 40.693376, 40.693376, 40.602847, 40.607747, 40.595097, 40.601996, 40.693376, 40.569288, 40.693376, 41.010299, 40.585561, 40.57983, 40.958434, 40.969691, 41.000937, 40.749289, 40.784095, 40.811198, 40.931187, 40.822234, 40.988834, 40.839186, 41.004017, 41.030933, 41.272248, 41.015634, 40.98227, 
40.913283, 40.924427, 40.900995, 40.832477, 40.99303, 40.828682, 40.897038, 40.989783, 40.857175, 40.939035, 40.90757, 41.001683, 40.824403, 40.85315, 40.965379, 41.014808, 40.89707, 40.99118, 40.826908, 41.001956, 40.792315, 40.914664, 40.945334, 40.941585, 41.052199, 41.02, 41.071213, 41.012235, 40.923539, 41.198247, 41.141582, 41.205738, 41.154329, 40.982028, 41.241889, 40.969985, 40.913651, 41.093813, 40.898654, 41.075315, 41.050764, 41.368893, 41.320904, 41.411678, 40.999857, 41.145778, 40.889911, 
41.118465, 41.118226, 41.144565, 41.033755, 41.100236, 41.116737, 40.920622, 40.986265, 40.906654, 40.922005, 41.074757, 41.010333, 41.231091, 40.98314, 41.095437, 41.340936, 41.048423, 41.340936, 41.31514, 41.615989, 41.493381, 41.598906, 41.583517, 41.486527, 41.485845, 41.64872, 41.537933, 41.743598, 41.375602, 41.800226, 41.568872, 41.597115, 41.653139, 41.251286, 41.419116, 41.337195, 41.422497, 41.427945, 41.759285, 41.60032, 41.550591, 41.471937, 41.497511, 41.426197, 41.866271, 41.429411, 
41.825884, 41.551585, 41.663906, 41.656499, 41.344794, 41.286968, 41.64181, 41.47785, 41.46488, 41.615989, 41.404263, 41.48188, 41.75098, 41.615989, 41.880371, 41.606185, 41.471736, 41.408589, 41.515012, 41.255644, 41.938498, 41.8914, 41.376953, 41.414421, 41.839349, 41.19012, 41.694366, 41.722929, 41.527134, 41.579472, 41.525207, 41.401881, 41.350303, 41.41018, 41.414979, 41.39208, 41.35838, 41.439329, 41.42818, 41.40918, 41.427199, 41.401881, 41.403529, 41.391279, 41.369679, 41.46213, 41.401881, 
41.401881, 41.401881, 41.067712, 41.184986, 41.061356, 41.057574, 41.196076, 41.345579, 41.501249, 41.449135, 41.511462, 41.175582, 41.37649, 41.448101, 41.257193, 41.2044, 41.653217, 41.058352, 41.509364, 41.421281, 41.316584, 41.417231, 41.555944, 41.653604, 41.028617, 41.476652, 41.197908, 41.038241, 41.402035, 40.384588, 41.317242, 41.333035, 41.348939, 41.337585, 41.31943, 41.244281, 41.393881, 41.350053, 41.184223, 41.310649, 41.535917, 41.098371, 41.082188, 40.540232, 41.272248, 41.243181, 
41.236331, 41.242081, 41.274748, 41.268231, 41.209869, 41.133482, 41.305822, 41.28328, 41.272248, 41.272248, 41.016832, 41.272248, 41.272248, 41.272248, 41.272248, 41.272248, 41.244781, 41.272248, 41.272248, 41.272248, 41.272248, 41.272248, 41.830406, 41.949723, 41.964875, 41.753339, 41.782906, 41.77197, 41.747232, 41.875402, 41.909808, 41.803936, 41.977241, 41.951797, 41.784395, 41.708207, 41.822157, 41.738688, 41.963293, 41.786507, 41.837903, 41.957125, 41.899294, 41.702433, 41.5932, 41.853082, 
41.918757, 41.803273, 41.983801, 41.746871, 41.8237, 41.695782, 41.797851, 41.600392, 41.944334, 41.762543, 41.849392, 41.928722, 41.719942, 41.781522, 40.317473, 40.36, 40.339307, 40.328645, 40.328645, 40.309942, 40.376499, 40.282406, 40.272177, 40.328645, 40.37327, 40.320036, 40.500115, 40.328645, 40.328645, 40.346926, 40.308116, 40.282168, 40.39473, 40.324823, 40.335974, 40.256648, 40.537142, 40.328645, 40.289372, 40.328645, 40.349443, 40.328645, 40.223216, 40.354735, 40.246802, 40.466205, 40.268981, 
40.379029, 40.431382, 40.271104, 40.426391, 40.38805, 40.416516, 40.445203, 40.328645, 40.214652, 40.478742, 40.262783, 40.302945, 40.290357, 40.361206, 40.346017, 40.328645, 40.305176, 40.184745, 40.328645, 40.32635, 40.412771, 40.34698, 40.535227, 40.211241, 40.240295, 40.289939, 40.211896, 40.28083, 40.328645, 40.328645, 40.127907, 40.169608, 40.000861, 40.012862, 40.129509, 40.108943, 39.974378, 40.139539, 40.02371, 40.060304, 39.84697, 39.864761, 39.864929, 39.934047, 39.883911, 39.922862, 40.001811, 
40.10386, 40.093443, 39.862712, 39.916262, 40.149164, 39.949962, 40.072293, 39.934047, 39.866912, 40.175504, 40.107743, 39.893212, 39.890462, 40.13477, 40.042444, 39.902045, 39.934047, 40.10346, 39.88211, 40.178076, 40.012661, 39.899812, 40.184758, 40.09811, 40.173563, 40.173509, 40.328645, 39.939609, 39.894161, 40.148759, 40.166859, 40.149009, 40.151509, 40.142059, 40.328645, 40.328645, 39.84, 39.832762, 39.916078, 39.929511, 39.921061, 40.003762, 40.214661, 39.906312, 40.014541, 39.98451, 39.888312, 
40.11461, 39.884562, 39.877262, 39.903312, 40.043201, 39.897562, 39.958512, 39.978728, 40.038477, 39.888913, 40.058808, 39.934047, 40.043399, 40.145859, 39.934047, 40.001811, 40.001811, 39.874612, 40.08786, 39.992345, 39.895362, 40.001811, 40.001811, 39.952962, 39.952162, 39.961612, 40.001811, 39.951062, 39.952112, 39.959662, 39.949612, 39.950212, 40.057661, 39.895677, 39.874179, 40.064257, 40.09261, 40.117413, 40.07236, 40.053511, 40.033944, 39.981062, 39.977662, 39.964012, 40.017362, 39.978162, 
40.055411, 40.026626, 40.038944, 40.011562, 39.968262, 39.981112, 39.995412, 39.992862, 39.991712, 40.023611, 40.041111, 40.000262, 40.055861, 39.961812, 40.012212, 40.035778, 39.922612, 39.944162, 40.034111, 39.922262, 39.938512, 39.936562, 39.919812, 40.037711, 40.07226, 39.975929, 40.059611, 39.898985, 40.09146, 40.001811, 40.48586, 40.001811, 40.001811, 40.001811, 40.001811, 40.001811, 39.947321, 40.001811, 39.990562, 39.9, 40.001811, 40.001811, 40.001811, 40.001811, 40.001811, 40.001811, 40.001811, 
40.001811, 40.001811, 40.001811, 39.95, 40.001811, 39.951112, 40.001811, 40.001811, 39.95, 40.001811, 40.001811, 40.001811, 40.001811, 40.042252, 39.9451, 39.825643, 40.037958, 40.058565, 39.851803, 39.852406, 39.928663, 39.978456, 39.872123, 39.882274, 40.044858, 40.02342, 39.934047, 39.934047, 40.040505, 39.897677, 40.094621, 40.078045, 40.030536, 39.983153, 39.983153, 39.858137, 39.768218, 39.983153, 39.783675, 40.013158, 40.058173, 40.042957, 39.983153, 39.962256, 39.726143, 39.750999, 39.781938, 
39.961094, 39.983153, 39.964795, 39.985257, 39.983153, 39.983153, 39.997469, 39.899315, 39.830992, 39.901177, 39.983153, 39.983108, 39.983153, 39.940043, 39.94545, 39.96, 39.820841, 39.932821, 39.983153, 39.983153, 39.983153, 40.123708, 40.146069, 40.211896, 40.103208, 40.092941, 40.211896, 40.156555, 40.211896, 40.12, 40.152871, 40.138889, 40.157526, 40.21735, 40.211896, 40.089905, 40.185637, 40.077736, 40.211896, 40.185071, 40.079629, 40.330348, 40.201932, 40.183763, 40.270424, 40.278294, 40.211896, 
40.146549, 40.241004, 40.087297, 40.237206, 40.211896, 40.211896, 40.211896, 40.137922, 40.223524, 40.211896, 40.133355, 40.204252, 40.126271, 40.115959, 40.253496, 40.206057, 40.200347, 40.186707, 40.339207, 40.257069, 40.222343, 40.176858, 40.185934, 40.276511, 40.098032, 40.092269, 40.080323, 40.211896, 40.211896, 40.211896, 40.203291, 39.983153, 39.983153, 39.983153, 40.192881, 40.281036, 39.983153, 39.983153, 39.983153, 39.983153, 40.241588, 40.401044, 40.404892, 40.375925, 40.453886, 40.488558, 
40.267165, 40.444786, 40.48773, 40.338497, 40.486726, 40.407173, 40.273179, 40.317896, 40.157078, 40.447093, 40.203142, 40.248684, 40.311246, 40.545014, 40.625739, 40.535102, 40.435509, 40.574033, 40.335593, 40.480194, 40.569818, 40.497369, 40.250592, 40.479447, 40.260992, 40.167618, 40.418864, 40.340392, 40.254667, 40.385143, 40.407173, 40.580744, 40.456862, 40.357034, 40.513794, 40.494943, 40.613868, 40.492053, 40.407243, 40.502511, 40.526803, 40.327974, 40.373285, 40.348092, 40.329992, 40.388442, 
40.355092, 40.390943, 40.327741, 40.302492, 40.312842, 40.324694, 40.335023, 40.327792, 40.4389, 40.407173, 40.394884, 40.378451, 39.570322, 39.598203, 39.626297, 39.800945, 39.573744, 39.784014, 39.577567, 39.479602, 39.788562, 39.700561, 39.564499, 39.669211, 39.564499, 39.564499, 39.564499, 39.564499, 39.564499, 39.669219, 39.564499, 39.564499, 39.564499, 39.456484, 39.518164, 39.794496, 39.555794, 39.386601, 39.794396, 39.790911, 40.276386, 39.567092, 39.738563, 39.756213, 39.793962, 39.721062, 
39.745377, 39.758563, 39.787512, 39.734279, 39.771663, 39.817645, 39.713625, 40.318615, 39.564499, 40.088156, 39.564499, 39.564499, 39.564499, 39.564499, 39.564499, 39.564499, 39.564499, 39.564499, 39.564499, 39.564499, 39.564499, 39.564499, 39.564499, 39.564499, 39.564499, 39.734792, 39.16426, 39.131958, 39.10868, 39.161639, 39.10868, 39.15, 40.084337, 38.536354, 38.570238, 38.73635, 39.094699, 39.218448, 39.265066, 38.557501, 38.469655, 38.80136, 38.868387, 39.011387, 38.459314, 38.511469, 39.037803, 
38.676552, 38.818541, 38.682345, 38.916908, 39.150822, 38.909621, 39.227313, 38.549721, 38.746207, 38.855872, 39.166323, 39.06517, 38.922806, 39.098772, 38.601355, 38.54597, 38.772648, 38.725562, 38.55044, 38.711512, 38.643248, 38.463751, 39.29799, 39.0461, 39.07027, 38.542771, 38.907711, 38.901811, 38.881762, 38.895268, 38.904461, 38.897567, 38.913961, 38.934866, 38.919211, 38.933311, 38.95211, 38.97808, 38.893311, 38.96516, 38.94081, 38.937478, 38.928761, 38.891445, 38.863079, 38.91, 38.9, 38.880112, 
38.893311, 38.9, 38.893311, 38.893311, 38.836145, 38.893311, 38.893311, 38.906778, 38.900394, 38.893311, 38.893311, 38.893311, 38.893311, 38.893311, 38.893311, 38.893311, 38.896599, 38.893311, 38.893311, 38.895911, 38.893311, 38.893311, 38.90014, 38.893311, 38.901633, 38.893311, 38.893311, 38.893311, 38.893311, 38.918011, 38.893311, 38.900009, 38.905317, 38.933161, 38.883412, 38.893311, 38.893311, 38.893311, 38.893311, 38.893311, 38.893311, 38.897011, 38.893311, 38.893311, 38.893311, 38.893311, 38.893311, 
38.893311, 38.893311, 38.893311, 38.893311, 38.893311, 38.893311, 38.893311, 38.893311, 38.893311, 39.002125, 39.085309, 38.996242, 39.085309, 38.964054, 38.683116, 38.968321, 38.744685, 38.790202, 38.752269, 38.769697, 38.685117, 38.770864, 38.855848, 38.853723, 38.983902, 38.953454, 38.639283, 38.851221, 38.82571, 38.831813, 38.797424, 38.741639, 39.149032, 39.008532, 39.057952, 39.146479, 39.152187, 39.080229, 38.7475, 38.810629, 38.630238, 38.651558, 38.918124, 39.119917, 39.130665, 38.858613, 
38.918435, 39.085309, 39.041978, 39.020637, 39.085309, 38.889111, 38.90371, 38.831813, 38.803732, 38.721912, 39.137667, 39.133855, 39.098479, 39.085309, 39.011909, 39.044855, 39.004276, 39.085309, 38.721912, 38.860551, 38.977109, 38.931479, 38.831813, 39.080037, 39.138978, 39.158095, 39.072918, 39.261906, 38.69835, 38.700866, 38.997904, 38.992978, 38.707135, 38.735202, 38.765619, 38.9, 38.959673, 38.934709, 38.831813, 38.831813, 38.977362, 38.831813, 38.831813, 39.191333, 38.889848, 39.085309, 38.893311, 
38.893311, 38.905317, 38.893311, 38.893311, 38.893311, 38.896611, 38.893311, 38.893311, 38.893311, 38.893311, 38.893311, 38.893311, 38.891911, 38.893311, 38.893311, 38.893311, 38.893311, 38.893311, 38.893311, 38.893311, 38.893311, 38.893311, 38.893311, 38.893311, 38.893311, 38.893311, 38.893311, 38.900561, 38.893311, 38.915361, 38.88, 38.893311, 38.893311, 38.897143, 38.893311, 38.867812, 38.893311, 38.893311, 38.887323, 38.893311, 38.893311, 38.893311, 38.893311, 38.893311, 38.893311, 38.893311, 
38.893311, 38.893311, 38.893311, 38.893311, 38.893311, 38.889357, 38.893311, 38.893311, 38.893311, 38.893311, 38.893311, 38.928861, 38.931161, 38.893311, 38.866924, 38.893311, 38.829932, 38.847768, 38.893311, 38.893311, 38.893311, 38.893311, 38.9, 38.893311, 38.893311, 38.893311, 38.855522, 38.822713, 38.87, 38.893311, 38.872553, 38.893311, 38.893311, 38.893311, 38.893311, 38.893311, 38.893311, 38.893311, 38.893311, 38.893311, 38.893311, 38.893311, 38.899161, 38.893311, 38.893311, 38.893311, 38.893311, 
38.893311, 38.893311, 38.883962, 38.895261, 38.893311, 38.883962, 38.893311, 38.893311, 38.9, 38.904253, 38.893311, 38.903461, 38.893311, 38.893311, 38.893311, 38.893311, 38.893311, 38.893311, 38.893311, 38.893311, 38.893311, 38.898618, 38.899996, 38.893311, 38.899399, 38.895927, 38.902761, 38.893311, 38.913911, 38.923861, 38.895977, 38.893311, 38.884712, 38.897711, 38.893311, 38.898111, 38.876362, 38.893311, 38.893311, 38.893311, 38.893311, 38.893311, 38.894781, 38.89872, 38.89872, 38.900711, 38.893311, 
38.893311, 38.899364, 38.893311, 38.893311, 38.9, 38.893311, 38.97, 38.893311, 38.893217, 38.893311, 38.893217, 38.89449, 38.902414, 38.893311, 38.902217, 38.902933, 38.89, 38.89, 38.897561, 38.893761, 38.904486, 38.901102, 38.894075, 38.894097, 38.901211, 38.894097, 38.893311, 38.893311, 38.887405, 38.887405, 38.940761, 38.893311, 38.893311, 38.890976, 38.893311, 38.898111, 38.893311, 38.893311, 38.891995, 38.893311, 38.887333, 38.893311, 38.900011, 38.887405, 38.893311, 38.887405, 38.893311, 38.891941, 
38.897074, 38.899061, 38.900559, 38.893311, 38.893311, 38.893311, 38.893662, 38.900758, 38.893311, 38.904311, 38.893311, 38.893311, 38.893311, 38.902211, 38.74, 38.883962, 38.893311, 38.893311, 38.88494, 38.893311, 38.86, 38.893311, 38.634306, 38.598185, 38.631542, 38.509548, 38.250996, 38.672216, 38.564649, 38.268558, 38.444727, 38.463289, 38.511147, 38.676968, 38.416782, 38.639117, 38.55223, 38.270124, 38.303103, 38.226406, 38.330254, 38.458322, 38.748872, 38.330096, 38.262468, 38.229113, 38.276828, 
38.135718, 38.334336, 38.171834, 38.421787, 38.260846, 38.312112, 38.349517, 38.523408, 38.601648, 38.593095, 38.503876, 38.30126, 38.528103, 38.269283, 38.234838, 38.359274, 38.370044, 38.567465, 38.427328, 38.363994, 38.343591, 38.42029, 38.343729, 38.2176, 38.268636, 38.127843, 38.58215, 38.489163, 38.501493, 38.535116, 38.112419, 38.283551, 38.151666, 38.448869, 38.188796, 38.064947, 38.339176, 38.668765, 38.165432, 38.179764, 38.451267, 38.593202, 38.833563, 39.127708, 38.833563, 38.833563, 
39.044509, 38.964093, 39.098475, 39.0632, 38.833563, 38.941428, 38.80884, 38.941594, 38.711264, 38.979413, 38.93193, 38.833563, 38.833563, 38.833563, 38.986699, 38.917506, 38.939716, 39.134062, 39.101646, 38.833563, 38.833563, 38.833563, 38.670858, 38.801516, 38.753264, 38.694074, 38.96146, 38.833563, 38.99756, 38.833563, 38.833563, 38.886812, 38.756347, 38.80758, 38.839663, 38.855479, 38.822163, 38.833563, 38.833563, 38.786949, 38.833563, 38.833563, 38.746123, 39.105015, 38.833563, 38.731822, 39.147257, 
38.820546, 39.137307, 38.839015, 38.844097, 38.833563, 38.984107, 39.00391, 38.833563, 38.792281, 38.833563, 38.892456, 38.833563, 38.86313, 39.173104, 38.832265, 38.759196, 38.946746, 38.96401, 38.98941, 38.950528, 38.920111, 38.98707, 38.969434, 38.833563, 38.833563, 38.82, 39.144807, 38.833563, 38.833563, 38.97, 38.97, 38.97026, 39.143979, 38.999759, 38.97986, 38.958377, 38.996842, 38.97511, 39.143979, 39.143979, 39.143979, 39.15522, 38.698833, 39.155449, 39.183221, 39.128854, 39.221975, 39.1672, 
39.194497, 39.22086, 39.143979, 39.143979, 39.143979, 39.093408, 39.076608, 39.0509, 39.087409, 39.035028, 39.131705, 39.143979, 39.143979, 39.15283, 39.14827, 39.184019, 39.097243, 39.127028, 39.262598, 39.284185, 39.169859, 39.143979, 39.191769, 39.13975, 39.11755, 39.168656, 39.139535, 39.229652, 39.17, 39.143979, 39.187421, 39.178737, 39.143979, 39.143979, 39.002375, 39.143979, 39.027259, 39.035276, 39.143979, 39.143979, 39.140324, 39.020359, 39.040759, 39.014009, 39.069108, 39.104509, 39.07737, 
39.143979, 39.143979, 38.999992, 39.143979, 38.98236, 38.833563, 39.143979, 39.143979, 39.143979, 39.143979, 39.03, 39.143979, 39.508177, 39.487519, 39.539458, 39.473451, 39.473899, 39.344808, 39.049377, 39.508739, 39.536057, 39.532212, 39.476018, 39.509276, 39.521276, 39.397861, 39.532955, 39.438964, 39.559374, 39.198816, 39.477506, 39.487938, 39.04366, 39.638039, 38.931312, 39.24367, 38.921763, 39.427058, 39.236405, 39.276305, 39.254356, 39.21536, 39.207523, 39.175004, 39.521572, 39.506853, 39.574606, 
39.47044, 39.206108, 39.70172, 39.040159, 39.438964, 39.07566, 39.454943, 39.162225, 39.164158, 38.974203, 39.49, 39.472604, 39.613293, 39.197119, 39.167708, 39.157958, 39.554644, 39.534703, 39.470274, 39.610405, 39.432273, 39.444457, 39.534703, 39.209529, 39.438964, 39.435789, 39.438964, 38.974203, 39.685569, 39.359754, 39.712453, 38.971475, 39.099957, 39.575605, 39.079902, 39.012134, 39.419105, 39.656737, 39.125776, 38.974203, 39.400296, 39.466859, 39.504706, 39.696621, 39.376372, 39.470603, 39.438964, 
38.952412, 39.130224, 39.079059, 39.236405, 39.543905, 39.412905, 39.661905, 39.566103, 39.439935, 39.563901, 39.624705, 39.707377, 39.659671, 39.387307, 39.336855, 39.540072, 39.295306, 39.296507, 39.284707, 39.405606, 39.301157, 39.341107, 39.324406, 39.376879, 39.368974, 39.352496, 39.328957, 39.363456, 39.311474, 39.351857, 39.345456, 39.310006, 39.306306, 39.325956, 39.229258, 39.337798, 39.307737, 39.263162, 39.286556, 39.284607, 39.229507, 39.211758, 39.241957, 39.278056, 39.284856, 39.273107, 
39.288607, 39.284707, 39.385006, 39.284707, 39.389457, 39.33224, 39.36225, 39.142793, 39.284707, 39.338156, 39.258226, 39.438964, 39.388799, 39.284707, 39.3, 39.284707, 39.284707, 39.284707, 39.284707, 39.284707, 39.284707, 39.284707, 39.284707, 39.284707, 39.284707, 39.284707, 39.284707, 39.438964, 39.284707, 39.438964, 39.438964, 39.399639, 39.297457, 39.284707, 39.284707, 39.293256, 39.284707, 39.284707, 38.997511, 38.988506, 38.946462, 38.974203, 39.02801, 39.02, 38.974203, 38.974203, 39.580691, 
39.646587, 39.580691, 39.580691, 39.594043, 39.629925, 39.535862, 39.614779, 39.47965, 39.698332, 39.652187, 39.718905, 39.697548, 39.662458, 39.64612, 39.675393, 39.395674, 39.580942, 39.475166, 39.557364, 39.589842, 39.63664, 39.699489, 39.409861, 39.579649, 39.572452, 39.509856, 39.564946, 39.484412, 39.488146, 38.777863, 38.758525, 39.142967, 38.740562, 39.366193, 38.747964, 38.545285, 39.049697, 38.949536, 39.215278, 38.393669, 39.123235, 38.836142, 38.882856, 38.344103, 38.17656, 39.239132, 
38.871895, 38.589383, 38.705731, 38.288409, 39.349536, 39.026033, 38.954613, 38.971566, 39.07733, 38.920583, 38.641666, 39.094126, 39.328784, 38.80503, 38.485297, 39.122683, 39.311429, 39.254014, 38.795102, 38.750959, 38.690831, 38.747216, 39.034637, 38.945143, 38.963566, 38.57526, 38.954731, 39.137775, 38.709254, 38.783264, 38.609886, 38.754785, 38.942464, 39.335017, 39.201203, 38.458374, 38.88927, 38.708795, 38.277014, 38.662533, 38.286828, 38.796477, 38.510494, 39.295736, 38.925358, 38.88927, 
38.88927, 38.88927, 38.88927, 38.88927, 38.88927, 38.88927, 38.88927, 39.034637, 39.423344, 39.451934, 39.385165, 39.363415, 39.469961, 39.469961, 39.301647, 39.654773, 39.521507, 39.4203, 39.386893, 39.313666, 39.334864, 39.391459, 39.710433, 39.647296, 39.642537, 39.656474, 39.319271, 39.695328, 39.549752, 39.609846, 39.520696, 39.26574, 39.280106, 39.633946, 39.693944, 39.658897, 39.563787, 39.520696, 39.520696, 39.520696, 39.692614, 39.342096, 39.372496, 39.460534, 39.584616, 39.342991, 39.569426, 
39.484079, 39.534703, 39.337804, 39.65643, 39.697894, 39.446452, 39.354093, 39.381295, 39.528123, 39.408627, 39.564472, 39.529834, 39.275498, 39.610752, 39.431058, 39.677316, 39.56991, 39.454582, 39.655722, 39.39667, 39.665171, 39.604303, 39.254538, 39.5549, 39.469961, 39.484843, 39.297519, 39.600029, 39.335671, 39.540623, 38.369675, 38.388434, 38.388434, 38.359332, 38.292848, 38.343166, 38.431954, 38.302152, 37.985297, 38.158615, 38.284622, 37.991177, 38.322867, 38.097861, 38.407885, 38.416292, 
38.540293, 38.073294, 38.469332, 38.018482, 38.268651, 38.248485, 38.385457, 38.22309, 38.363057, 38.377713, 38.069322, 38.388434, 38.205272, 38.327156, 38.092718, 38.539817, 38.39893, 38.193683, 38.040265, 38.324259, 37.967803, 38.111688, 38.107572, 38.493753, 38.092718, 38.100727, 38.408973, 38.397611, 38.446894, 38.092718, 39.593813, 39.553014, 39.571003, 39.61881, 39.694974, 39.44474, 39.402919, 39.572476, 39.523096, 39.541512, 39.671671, 39.679246, 39.425542, 39.658943, 39.626736, 39.593612, 
39.365119, 38.691448, 38.830345, 38.831813, 38.788646, 38.6, 38.582319, 38.893921, 38.846212, 38.859675, 38.821753, 38.874879, 38.831813, 38.855715, 38.735114, 38.831813, 38.852849, 38.760747, 38.884177, 38.849136, 38.864669, 38.901311, 38.859645, 38.886311, 38.831813, 38.71299, 39.003809, 38.96451, 38.695915, 38.873861, 38.831813, 38.831813, 39.085309, 38.831813, 38.831813, 38.93276, 38.938664, 38.831813, 38.831813, 38.93, 38.93, 38.920165, 38.871469, 38.831813, 38.831813, 38.831813, 38.830912, 
38.831813, 38.88619, 38.683295, 38.503139, 38.721912, 38.778243, 38.803813, 38.775716, 38.745164, 38.831813, 38.831813, 38.831813, 38.831813, 38.807462, 38.557527, 38.894711, 38.896361, 38.922478, 38.831813, 38.831813, 38.831813, 38.63275, 38.678451, 38.646375, 38.721912, 38.721912, 38.831813, 38.885337, 38.856795, 38.874979, 38.860247, 38.88275, 38.843466, 38.903697, 38.893241, 38.880811, 38.878215, 38.880811, 38.894457, 38.880811, 38.880811, 38.880811, 38.880811, 38.880811, 38.880811, 38.861462, 
38.880811, 38.880811, 38.883358, 38.880811, 38.880811, 38.87972, 38.880811, 38.856623, 38.880811, 38.850879, 38.86045, 38.854522, 38.851773, 38.880811, 38.819863, 38.829512, 38.792863, 38.813013, 38.836779, 38.757214, 38.774863, 38.728464, 38.725214, 38.782013, 38.837312, 38.817362, 38.815762, 38.806163, 38.757924, 38.804413, 38.831813, 38.801342, 38.803142, 38.815762, 38.815762, 38.815762, 48.31, 38.103819, 38.301829, 38.299613, 38.417273, 38.298305, 38.317636, 38.387261, 38.271028, 38.236023, 38.184716, 
38.042346, 38.014536, 38.385704, 37.860549, 38.343691, 37.996825, 38.069014, 37.790946, 38.041706, 38.121793, 38.22653, 38.171755, 38.340124, 38.271077, 37.854791, 37.852316, 37.858952, 38.468432, 38.093956, 38.39933, 37.950511, 37.892668, 38.036866, 37.66871, 38.271077, 37.733327, 38.277837, 37.665713, 38.046358, 38.015899, 37.732696, 37.763552, 37.762848, 38.326624, 38.104829, 37.991772, 37.750261, 37.988674, 37.75028, 38.129822, 37.792761, 38.118186, 38.271077, 37.713175, 38.006793, 37.90938, 
38.08157, 38.164219, 38.22172, 37.854233, 38.296355, 38.271077, 38.508611, 37.95969, 38.271077, 37.825956, 38.17, 38.009438, 38.207275, 38.460395, 38.417273, 38.42, 38.121793, 37.916172, 38.137216, 38.233223, 37.947224, 37.957869, 37.680124, 38.067325, 37.64424, 37.807268, 38.095772, 38.121793, 39.179076, 39.158386, 39.267257, 39.167603, 38.112139, 38.822506, 39.156378, 39.061499, 39.2543, 38.853733, 39.26582, 39.345906, 38.980286, 38.765004, 38.926615, 39.247386, 39.236944, 38.814086, 38.808303, 
39.076317, 38.932178, 38.905106, 38.944011, 39.023035, 39.069682, 39.004774, 38.76592, 38.947215, 38.823987, 39.04494, 39.07814, 39.230131, 39.00127, 38.949013, 39.045019, 38.881558, 38.459521, 38.312548, 38.476275, 38.5593, 38.549388, 38.512989, 38.414359, 38.627135, 38.493501, 38.527816, 38.474222, 38.428509, 38.452043, 38.331957, 38.630345, 38.428509, 38.411845, 38.393351, 38.587503, 38.373645, 38.365699, 38.345179, 38.310141, 38.324175, 38.52916, 38.477063, 38.388311, 38.588409, 38.303414, 38.505945, 
38.636896, 38.442247, 38.456916, 38.509556, 38.638635, 38.725801, 38.372652, 38.629058, 38.426786, 38.477752, 38.51, 38.440898, 38.81913, 38.797789, 38.398049, 38.619654, 38.725738, 38.436873, 38.828628, 38.404364, 38.637545, 38.584516, 38.453741, 38.528361, 38.544652, 38.665615, 38.387721, 38.358334, 38.772409, 38.337507, 38.652274, 38.788499, 38.371616, 38.704494, 38.384681, 38.49696, 38.553225, 38.567459, 38.641556, 38.65845, 38.665568, 38.058102, 38.072402, 38.00847, 38.026342, 38.040101, 38.040101, 
38.040101, 38.040101, 38.040101, 38.024474, 38.040101, 38.07735, 37.987812, 37.69474, 38.167465, 38.000289, 37.890917, 38.116217, 38.254105, 38.150083, 37.79922, 37.85583, 38.104457, 38.197583, 38.125214, 38.039928, 38.065383, 37.855103, 38.025346, 38.349795, 37.780882, 37.969657, 38.428509, 37.790887, 38.221405, 37.905649, 37.935994, 38.231526, 37.871021, 37.725074, 38.330132, 37.79151, 38.233717, 37.792343, 37.74747, 38.214023, 38.301191, 37.959376, 37.840892, 38.076547, 38.179859, 38.292221, 37.293165, 
37.338511, 37.432335, 37.673369, 37.754254, 37.790757, 37.478184, 37.733844, 37.931011, 37.418242, 37.418242, 37.3946, 37.728067, 37.777938, 37.961187, 37.422209, 37.653694, 37.342306, 37.598391, 37.674655, 37.514774, 37.758949, 37.643406, 37.522085, 37.550168, 37.426154, 37.855002, 37.490365, 37.733844, 37.782109, 37.383629, 37.531296, 37.686152, 37.661647, 37.414991, 37.257466, 37.69536, 37.50519, 37.801783, 37.501358, 37.825208, 37.492529, 37.753904, 37.551549, 37.533471, 37.288999, 37.543595, 
37.475132, 37.748645, 37.223482, 37.303726, 37.90198, 37.711368, 37.64375, 37.435153, 37.235892, 37.638259, 37.593059, 37.995103, 37.553314, 37.712894, 37.639354, 37.298919, 37.345032, 37.704693, 37.28641, 37.642543, 37.43704, 37.571544, 37.605641, 37.427988, 37.51338, 37.48, 37.826347, 37.662559, 38.007186, 37.451894, 37.422868, 37.663039, 37.545276, 37.342721, 37.902954, 37.310451, 37.456363, 37.698646, 37.405038, 37.312159, 37.366838, 37.55563, 37.438569, 37.506369, 37.725675, 37.37956, 37.837177, 
37.5787, 37.517804, 37.787745, 37.418242, 37.418242, 37.501267, 37.733844, 37.701245, 37.772187, 37.357742, 37.403872, 37.599217, 37.940788, 37.524246, 37.648536, 37.571789, 37.728152, 37.400287, 37.710586, 37.559878, 37.363201, 37.285188, 37.256301, 37.270994, 37.310451, 37.322936, 37.482039, 37.418242, 37.813901, 37.541106, 37.524246, 37.541046, 37.549396, 37.557626, 37.573595, 37.544746, 37.505147, 37.51918, 37.581696, 37.606778, 37.621745, 37.593546, 37.580346, 37.482896, 37.520187, 37.622465, 
37.457341, 37.522514, 37.475798, 37.406204, 37.733844, 37.524246, 37.524246, 37.531296, 37.524246, 37.507498, 37.531296, 37.524246, 37.524246, 37.567896, 37.524246, 37.524246, 37.524246, 37.524246, 37.524246, 37.524246, 37.524246, 37.524246, 37.524246, 37.637622, 37.524246, 37.549446, 37.524246, 37.524246, 37.531296, 37.531296, 37.524246, 37.524246, 37.524246, 37.524246, 37.633316, 37.55, 37.389721, 37.539694, 37.713561, 37.870022, 37.892445, 36.99497, 37.560093, 37.434719, 37.828492, 37.26252, 37.201937, 
36.940626, 36.740632, 37.284061, 36.761698, 36.826239, 36.687543, 36.757815, 36.805717, 36.814897, 36.777015, 36.7085, 36.7085, 37.934673, 37.931216, 37.577292, 37.738248, 37.353286, 37.522269, 37.528076, 37.479588, 37.999025, 37.754497, 37.635833, 37.876357, 37.529341, 37.661513, 37.95715, 37.923682, 36.898915, 37.534336, 37.916218, 37.61686, 37.635838, 37.425567, 37.848467, 37.424497, 37.859953, 37.64682, 37.790415, 37.452186, 37.816896, 37.973042, 37.9268, 37.70973, 37.685447, 37.307411, 37.589068, 
37.780966, 37.616183, 37.549044, 36.996881, 37.93359, 37.92358, 37.271104, 36.978861, 36.898915, 36.871628, 36.906805, 36.735893, 36.84882, 36.894736, 36.642645, 36.578692, 36.746101, 37.847652, 37.711442, 37.887538, 37.188217, 36.844004, 36.864788, 36.839209, 36.786753, 36.838398, 36.889797, 36.762459, 36.600219, 36.847388, 36.926647, 36.837598, 36.795328, 36.839648, 36.795669, 36.799284, 36.851243, 36.795669, 36.795669, 36.843948, 36.795669, 37.294975, 36.795669, 37.605335, 37.273986, 37.943726, 
37.518917, 36.828408, 37.952168, 36.895911, 36.855247, 36.942947, 36.859362, 36.913147, 36.931166, 36.864047, 36.886447, 36.880297, 36.852547, 36.935579, 36.931166, 36.888147, 36.931166, 36.931166, 36.870197, 36.916497, 36.931166, 36.931166, 36.916397, 36.830936, 36.931166, 36.931166, 36.931166, 36.931166, 37.053346, 37.115698, 37.193712, 37.144943, 37.019453, 37.078196, 36.987151, 37.151315, 37.195924, 37.195924, 36.694658, 37.195924, 37.072658, 37.072658, 36.843073, 37.002997, 37.072658, 37.005814, 
37.131237, 37.031474, 37.056778, 37.098317, 37.050946, 37.019346, 37.020596, 37.037946, 37.072658, 37.072658, 37.227904, 37.257932, 37.178417, 37.112915, 37.223152, 37.191262, 36.810448, 36.803981, 36.867248, 36.830748, 36.868553, 36.835215, 36.846562, 36.868553, 37.241173, 37.21695, 37.204765, 37.174217, 37.204765, 37.268263, 37.285231, 36.87229, 37.072361, 37.070975, 37.08, 36.602472, 36.582188, 36.724498, 37.01775, 37.350999, 37.405699, 37.197024, 37.265403, 37.343005, 36.740306, 37.328232, 37.079298, 
37.066833, 37.055849, 37.126708, 36.848712, 36.688788, 36.554164, 37.064244, 36.68627, 37.169066, 36.668255, 36.776189, 36.576549, 37.287869, 36.907991, 36.811276, 36.722176, 36.721471, 36.993498, 36.80878, 36.610636, 37.235949, 36.951449, 36.822024, 36.584448, 37.181764, 36.928972, 37.14051, 36.945667, 37.191579, 36.563755, 36.963354, 36.912369, 37.005989, 36.909845, 36.628802, 37.127935, 36.828831, 36.836423, 37.227291, 37.307946, 37.301574, 36.694531, 36.615944, 36.567521, 36.732859, 37.581656, 
37.191053, 37.074876, 36.806422, 36.61665, 37.173493, 37.164981, 37.529284, 36.958048, 36.909504, 37.312972, 36.948129, 37.129269, 37.241732, 36.925375, 37.029877, 36.678507, 36.930088, 37.097705, 37.116094, 37.264896, 37.094313, 37.310203, 37.017706, 37.197072, 36.780021, 37.284087, 36.913228, 36.702863, 36.733874, 36.987595, 36.848612, 37.561962, 37.274175, 37.274175, 37.274175, 37.274175, 37.274175, 37.274175, 37.274175, 37.274175, 37.274175, 37.274175, 37.270637, 37.305769, 37.267137, 37.236753, 
37.258787, 37.272186, 37.290886, 37.229786, 37.341428, 37.357149, 37.278439, 37.210663, 37.274175, 37.274175, 37.274175, 37.274175, 37.274175, 37.274175, 37.274175, 37.274175, 37.274175, 37.274175, 37.274175, 37.274175, 37.274175, 37.274175, 37.274175, 37.274175, 37.271687, 37.269168, 37.274175, 37.268618, 37.274175, 37.555083, 36.618824, 36.677075, 36.757893, 37.189876, 37.146244, 37.232027, 37.179115, 37.174227, 37.174227, 37.373117, 37.116716, 37.532991, 37.010772, 37.154804, 36.586545, 37.361962, 
37.040036, 37.136013, 36.580514, 37.369313, 36.720217, 37.043459, 36.625817, 37.407301, 37.107273, 37.671394, 37.287326, 37.218668, 36.901203, 36.70487, 37.512912, 36.910051, 37.014685, 37.377877, 37.427111, 37.21556, 37.180713, 36.838473, 37.107479, 36.901524, 37.174227, 36.696264, 36.679571, 36.679571, 36.679571, 36.720001, 37.145705, 37.413397, 37.331818, 37.069206, 37.505033, 37.325758, 37.096403, 37.555083, 37.562902, 37.210996, 36.677978, 37.291252, 37.31803, 36.947422, 37.048647, 37.010279, 
37.11979, 37.138427, 37.122583, 37.006912, 37.38389, 36.595224, 37.011934, 37.351691, 36.980013, 37.288807, 37.288384, 37.288384, 37.288384, 36.985629, 37.14374, 36.590431, 37.240021, 36.734651, 36.655575, 37.357587, 37.427597, 37.024494, 36.724064, 37.310494, 37.276218, 37.068743, 36.806528, 36.606582, 36.645419, 36.761613, 36.59, 36.761613, 36.728639, 36.657812, 36.690942, 36.921924, 36.919476, 37.082275, 36.733931, 36.851953, 37.138489, 36.627827, 36.870051, 36.968491, 37.147222, 37.153509, 36.952634, 
36.624632, 37.001752, 37.107474, 36.780481, 36.70122, 36.844539, 36.864429, 36.62928, 36.759614, 36.642027, 37.213189, 36.658518, 37.02264, 36.687716, 36.851769, 36.876177, 37.103304, 36.720381, 36.741128, 37.008665, 36.942047, 37.126639, 36.756705, 37.10297, 36.954936, 36.65364, 36.805965, 36.943316, 36.953228, 37.130943, 36.617348, 36.59565, 36.979817, 37.053297, 36.870607, 36.837699, 36.909335, 37.183901, 37.107412, 36.937195, 36.609475, 36.982193, 36.776534, 36.820139, 36.88091, 36.973028, 36.801489, 
36.729236, 36.773659, 36.659171, 36.721913, 36.649548, 36.718307, 36.772376, 36.750353, 36.958829, 36.626454, 36.809933, 36.580074, 36.708515, 36.828526, 36.933981, 36.763059, 36.597486, 37.261609, 36.889364, 36.893445, 36.826371, 36.813383, 36.790265, 37.000956, 36.684567, 36.682782, 36.853525, 36.714663, 36.947446, 38.146216, 38.159275, 38.179715, 38.091705, 38.054111, 38.521373, 37.929347, 37.74078, 38.252683, 37.821088, 37.772399, 38.085244, 38.167914, 38.178513, 38.443961, 37.871126, 38.212067, 
37.555083, 37.997778, 37.996542, 38.255747, 38.345202, 37.799435, 37.970734, 37.797214, 37.794344, 37.802424, 38.322663, 38.042173, 38.015153, 38.064112, 37.897702, 38.374628, 38.258308, 38.385967, 38.179715, 38.310311, 37.936577, 37.912977, 37.805268, 37.9651, 38.179715, 38.01473, 38.151767, 38.19958, 37.819652, 38.103122, 38.270442, 38.290722, 38.197757, 37.390209, 37.362109, 37.440641, 37.400275, 37.400944, 37.381692, 37.242503, 37.245798, 37.400944, 37.400944, 37.127543, 36.561396, 37.616606, 
37.374688, 37.339184, 37.528701, 36.725028, 37.079385, 36.631531, 36.807043, 36.836822, 37.582488, 36.864697, 36.611317, 37.486603, 37.343394, 36.861612, 36.622638, 36.581085, 36.579313, 36.592679, 36.592679, 36.710985, 37.237928, 37.366744, 37.541726, 37.142894, 37.641788, 37.361512, 36.971021, 36.774635, 37.715293, 37.071568, 36.842686, 36.726236, 37.041512, 37.333936, 37.133274, 37.461272, 37.576208, 37.245798, 36.940538, 37.650711, 37.597531, 36.589704, 37.644171, 36.801515, 36.595244, 37.268024, 
36.759749, 37.806508, 36.701855, 37.320709, 36.635902, 37.556248, 36.782331, 36.592597, 37.638783, 37.177549, 37.170062, 37.371119, 37.201022, 37.222548, 37.28526, 37.297387, 37.13549, 37.055512, 37.091572, 37.273973, 37.296213, 37.287992, 37.13549, 37.409883, 37.214471, 37.204272, 37.287992, 37.308652, 37.155621, 37.223011, 37.250363, 37.305821, 37.076801, 37.136584, 37.13549, 37.098588, 37.14445, 37.287992, 37.077291, 37.113004, 37.198005, 37.226416, 37.287992, 37.2757, 37.264098, 37.448532, 37.501743, 
37.335297, 37.532524, 37.48929, 37.32767, 37.520914, 37.416395, 37.404113, 37.416395, 37.431153, 37.425866, 37.352655, 37.416395, 37.336554, 37.368167, 37.394221, 37.416395, 37.424498, 37.338242, 37.399793, 37.355111, 37.25068, 37.459251, 37.358272, 37.594959, 37.375246, 37.345693, 37.62127, 37.664172, 37.416947, 37.421641, 37.375246, 37.742953, 37.478583, 37.40273, 37.319439, 37.385757, 37.375246, 37.603344, 37.352131, 37.567007, 37.405828, 37.444465, 37.474577, 37.469496, 37.530418, 37.530963, 
37.603344, 37.296401, 37.666079, 37.312239, 37.602126, 37.417857, 37.427781, 37.741813, 37.409655, 37.343452, 37.683273, 37.603344, 37.664685, 37.363882, 37.485276, 37.265686, 37.568981, 37.418471, 37.551372, 37.69629, 37.325163, 37.45926, 37.357831, 37.562494, 37.375246, 37.375246, 37.35294, 37.641027, 37.444527, 37.609388, 37.375246, 37.249595, 37.371122, 37.365675, 37.375246, 37.309666, 37.291157, 37.381834, 37.603344, 37.422523, 37.585536, 37.375246, 37.80848, 37.774666, 37.731717, 38.462522, 
37.841919, 37.975595, 37.515724, 37.620418, 38.552106, 38.185341, 37.741887, 38.380196, 37.901788, 38.325205, 37.549702, 37.743322, 37.918994, 37.602172, 37.552029, 37.838288, 38.412244, 37.543667, 38.114627, 37.94046, 37.485348, 38.196374, 37.869998, 37.975595, 37.975595, 37.675571, 37.424195, 38.059474, 37.742719, 37.792525, 37.665867, 37.667594, 37.893306, 37.654267, 37.590774, 37.515131, 37.597231, 37.861237, 38.001124, 37.552029, 38.129903, 38.254483, 37.784459, 38.552755, 37.832443, 37.933384, 
38.179811, 37.842289, 38.508675, 38.224918, 38.465777, 38.38338, 37.922612, 37.858735, 38.143324, 38.324795, 38.490789, 37.948618, 38.453331, 38.151116, 38.61324, 38.177823, 38.199924, 38.242575, 38.12563, 38.46791, 37.90907, 38.464079, 38.731737, 37.950033, 37.949813, 38.131663, 38.161661, 38.05738, 38.108987, 38.126873, 38.260339, 37.958702, 38.296818, 37.854572, 38.583094, 38.367255, 38.198471, 38.538953, 38.451344, 38.046638, 37.861621, 38.495072, 38.092103, 38.621761, 38.077863, 38.176834, 38.214254, 
38.382145, 38.149058, 37.997105, 38.752312, 38.186707, 38.202669, 38.805615, 38.211477, 37.960963, 38.526637, 38.212287, 38.391188, 38.282497, 38.557141, 37.978787, 38.136263, 38.135059, 38.024108, 37.929438, 38.296818, 38.743247, 38.619376, 38.323058, 38.186871, 38.038145, 38.293438, 38.485889, 38.153818, 38.175742, 38.143496, 37.883223, 38.642203, 37.997105, 38.417852, 38.296818, 38.04358, 37.957458, 38.504506, 38.052957, 38.136987, 38.401962, 38.49008, 38.317053, 38.084773, 38.209912, 38.48444, 
38.140732, 38.547027, 38.18125, 38.072309, 37.850007, 38.378841, 37.793057, 38.069687, 38.296818, 37.909119, 38.041293, 38.176382, 38.72218, 38.018753, 38.296818, 38.327452, 37.986266, 37.898585, 38.021082, 37.972887, 37.887883, 37.978232, 38.462053, 38.509445, 38.19411, 38.597265, 38.806907, 38.661766, 38.851872, 38.792125, 38.665227, 38.770723, 38.698253, 39.005918, 38.631892, 38.752312, 38.618255, 38.884, 38.923595, 38.731737, 38.913649, 38.679327, 39.017309, 38.835085, 38.906099, 38.853643, 38.988059, 
38.585331, 38.849663, 38.73796, 38.879098, 38.803814, 38.926713, 38.780168, 38.732716, 38.682668, 38.536815, 38.566365, 38.617139, 38.950609, 38.350647, 38.375397, 38.362374, 38.313411, 38.335798, 38.310827, 38.329768, 38.351204, 38.414155, 38.425721, 38.335969, 38.23753, 38.335647, 38.530623, 38.296818, 38.534661, 38.296818, 38.296818, 38.296818, 38.296818, 38.296818, 38.296818, 38.296818, 38.296818, 38.296818, 38.296818, 38.296818, 38.296818, 38.296818, 38.296818, 38.296818, 38.296818, 38.296818, 
38.296818, 38.296818, 38.296818, 38.296818, 38.296818, 38.296818, 38.296818, 38.296818, 38.296818, 38.296818, 38.296818, 38.354041, 38.296818, 38.296818, 39.463781, 39.461663, 39.46, 39.46, 39.46, 39.315914, 39.567987, 39.323628, 39.279965, 39.58132, 39.379281, 39.372769, 39.571804, 39.315914, 39.272324, 39.540636, 39.368967, 39.349586, 39.349476, 39.50219, 39.315914, 39.500633, 39.418178, 39.300223, 39.442661, 39.210527, 39.358159, 39.434479, 39.412828, 39.247155, 38.169041, 38.669561, 38.613255, 
38.391209, 38.009633, 38.214232, 38.396081, 37.962522, 38.399499, 38.011587, 38.20651, 38.101664, 38.764623, 38.116605, 38.132114, 38.558344, 38.238045, 38.280976, 38.02644, 38.427011, 38.152035, 38.385975, 38.082632, 38.30329, 38.534701, 38.159971, 38.440316, 39.43028, 38.219991, 38.44068, 37.925145, 38.87018, 38.238942, 38.106001, 38.324409, 38.446225, 38.343176, 38.268079, 38.106045, 38.219996, 38.475369, 38.225065, 38.290859, 38.187456, 38.229352, 37.833826, 37.75979, 37.788146, 37.55612, 37.690439, 
37.76662, 37.833204, 37.733955, 37.625805, 37.743063, 37.904732, 37.827404, 37.757905, 37.80126, 37.790435, 37.779196, 37.72738, 37.729265, 37.808757, 37.849418, 37.734818, 37.878311, 37.688162, 37.833204, 37.837136, 37.793612, 37.852728, 37.686815, 37.555503, 37.800168, 37.828926, 37.801671, 37.705144, 37.714369, 37.924415, 37.703827, 37.938427, 37.705946, 37.863118, 37.570813, 37.860845, 37.818843, 37.617949, 37.583945, 37.786897, 37.743063, 37.743063, 37.627833, 37.743063, 37.643043, 37.640357, 
37.743063, 37.669222, 37.743063, 37.966899, 38.403511, 38.431116, 38.421443, 38.386966, 38.410745, 38.413384, 38.413384, 38.413384, 38.132114, 38.413384, 38.413384, 38.413384, 38.413384, 38.413384, 38.413384, 38.413384, 38.413384, 38.413384, 38.413384, 38.413384, 38.413384, 38.413384, 38.413384, 38.413384, 38.413384, 38.413384, 38.413384, 38.413384, 38.413384, 38.422115, 38.413384, 38.413384, 38.413384, 38.413384, 38.413384, 38.413384, 38.413384, 38.413384, 38.413384, 38.413384, 37.79064, 37.748935, 
37.603344, 37.603344, 38.138419, 37.754656, 37.735161, 37.77672, 37.865746, 37.504558, 37.679582, 37.648813, 37.577807, 37.733391, 37.950115, 37.728559, 38.041293, 37.777391, 38.048578, 37.776961, 38.059415, 37.557975, 37.618115, 37.802995, 37.687988, 37.927809, 37.72329, 37.714713, 37.731521, 37.802469, 37.63215, 38.128245, 37.94251, 37.653792, 37.625307, 38.041293, 37.748935, 38.079509, 37.906682, 37.737104, 38.007725, 38.073479, 37.67337, 37.771364, 37.7517, 37.68344, 37.603344, 37.715335, 37.980561, 
37.88169, 37.596209, 37.698351, 37.982775, 37.589172, 37.935699, 37.837573, 37.855763, 37.663234, 37.837706, 37.758469, 38.041293, 37.699568, 38.041293, 37.608562, 37.677563, 37.964622, 37.712469, 37.800481, 37.683749, 37.70708, 37.467516, 37.787252, 37.748935, 37.576978, 38.041293, 37.764498, 37.848955, 37.930061, 38.151832, 38.040215, 37.603344, 37.671295, 38.012459, 37.975595, 37.966816, 37.648541, 37.798406, 37.975595, 37.630988, 37.478519, 38.048182, 37.854735, 37.808181, 37.645397, 37.49671, 
38.07743, 37.981358, 37.772844, 37.878258, 37.648541, 37.67906, 40.071472, 40.219614, 40.013637, 40.198956, 39.81304, 40.609272, 40.352943, 39.974547, 40.330969, 39.951586, 39.835605, 39.987177, 39.912923, 40.519953, 40.616853, 39.768143, 40.5323, 40.27932, 40.063895, 40.104818, 40.412067, 40.266698, 40.167471, 40.190886, 39.265408, 39.218276, 39.236427, 39.285724, 39.323907, 39.218276, 39.218276, 39.218276, 39.122989, 39.374773, 39.450612, 38.977792, 38.991483, 39.03594, 38.939317, 39.2059, 39.070067, 
39.288336, 39.462447, 38.911018, 39.065862, 39.481247, 39.162229, 38.885826, 38.988098, 39.646099, 39.604088, 38.971224, 39.173299, 39.576419, 38.977445, 39.550395, 39.076628, 39.370217, 38.95192, 39.547803, 39.059792, 39.179485, 39.220948, 39.306083, 39.619007, 39.387718, 38.997267, 38.224393, 38.520078, 38.330842, 38.424309, 38.364123, 38.422376, 38.900064, 38.716238, 38.60286, 38.857567, 38.899314, 38.663739, 38.735363, 38.753031, 38.899314, 38.66362, 38.792214, 38.752157, 38.854653, 39.091657, 
38.920042, 39.032644, 38.827205, 38.918159, 38.916124, 38.798094, 39.101535, 38.224781, 38.992079, 38.55181, 38.41012, 38.912609, 38.780919, 39.097545, 38.915141, 39.042297, 38.671662, 38.97639, 39.019639, 38.861656, 38.736144, 38.518735, 39.067689, 38.934414, 39.141165, 38.484777, 38.99095, 38.444873, 39.149624, 38.758699, 38.52061, 38.810555, 38.480062, 39.281289, 39.26277, 39.285204, 39.41849, 39.051863, 39.258328, 39.095644, 39.122023, 39.270846, 39.296499, 39.286975, 38.859246, 39.220701, 38.856879, 
39.228729, 39.09666, 39.42039, 39.018602, 38.85389, 39.270902, 39.258358, 39.472363, 39.226574, 38.913649, 38.939952, 39.343418, 39.368814, 39.171784, 39.380098, 39.328064, 38.969579, 39.436084, 39.279818, 38.766855, 39.485593, 39.106153, 38.983677, 39.163304, 39.378137, 39.344303, 39.230125, 39.198501, 39.205852, 39.39905, 39.185707, 38.891517, 39.294877, 39.155551, 39.551892, 39.183473, 39.285303, 39.268207, 39.320034, 39.284467, 38.891042, 39.392285, 39.450612, 39.266262, 39.287254, 39.513468, 
39.346726, 39.329797, 39.080329, 39.377589, 38.881069, 39.407957, 39.204169, 39.04101, 39.293095, 39.285204, 39.03525, 39.440245, 39.628475, 39.625302, 39.636606, 39.578512, 39.646497, 39.645276, 39.680786, 39.61098, 39.539088, 39.497676, 39.718922, 39.578512, 39.458091, 39.646876, 39.578512, 39.68903, 39.607447, 39.578512, 39.646705, 39.458091, 39.472924, 39.69234, 39.561031, 39.660624, 39.707009, 39.674575, 39.509001, 39.470949, 39.514343, 39.5017, 39.514343, 39.575518, 39.646936, 39.480838, 39.514343, 
39.422397, 39.642393, 39.513513, 39.48057, 39.558702, 39.696744, 39.494727, 39.446631, 39.695772, 39.527817, 39.611767, 39.525505, 39.520705, 39.549346, 39.668566, 39.704464, 39.452034, 38.641439, 38.465291, 38.833295, 38.620506, 38.836102, 38.49119, 38.706017, 38.788013, 38.728405, 38.653616, 38.704457, 38.767682, 38.553898, 39.280867, 38.790368, 38.786153, 38.74076, 38.7357, 38.55291, 38.690755, 38.30696, 38.244559, 38.355607, 38.245298, 38.268633, 38.302121, 38.210552, 38.318389, 38.153472, 38.15798, 
38.1755, 38.090457, 38.218258, 38.163524, 38.243168, 38.408153, 39.285323, 39.327576, 39.264409, 39.335771, 39.293252, 39.18253, 39.261474, 39.351231, 39.497698, 39.280652, 39.509416, 39.434856, 39.153987, 39.070601, 39.248761, 39.291478, 39.476243, 39.579717, 39.13957, 39.321688, 39.291196, 39.44763, 39.454805, 39.616008, 39.084895, 38.633148, 38.626289, 38.65585, 39.210787, 38.973027, 38.878002, 38.737991, 38.482224, 39.344466, 39.068317, 39.13982, 39.314071, 39.089792, 39.038183, 38.81801, 39.184315, 
38.959188, 39.066543, 39.248438, 38.98645, 39.199856, 38.814289, 38.849407, 38.844294, 39.635272, 35.954679, 36.390363, 36.236829, 36.182975, 36.218385, 36.027101, 35.73956, 35.812635, 36.429179, 36.367258, 36.198622, 36.297049, 36.115196, 36.293122, 36.52235, 36.097767, 36.520921, 36.383107, 36.421448, 35.920477, 36.49376, 36.399366, 36.182718, 36.398995, 36.335676, 36.331502, 36.232354, 36.488575, 36.305687, 36.47266, 36.551332, 36.235252, 36.174243, 36.298241, 36.473951, 35.787743, 36.12301, 36.027482, 
36.027482, 36.027482, 36.107037, 36.032304, 36.066545, 36.094104, 36.147887, 36.141395, 36.046215, 36.027482, 36.133577, 36.027482, 36.027482, 36.027482, 36.027482, 36.027482, 36.027482, 36.027482, 36.027482, 36.039398, 36.027482, 35.708966, 36.027482, 36.027482, 36.027482, 36.027482, 36.027482, 36.027482, 36.027482, 36.027482, 36.031836, 36.185712, 35.686122, 35.788286, 35.665973, 35.613837, 35.559258, 35.354158, 36.461871, 35.648194, 36.205771, 36.072336, 36.047523, 36.132737, 36.046677, 35.783476, 
35.280008, 35.802758, 36.207994, 35.911979, 36.092076, 35.467567, 35.618434, 35.307299, 36.082138, 36.152742, 35.451411, 35.761433, 36.125747, 35.564257, 36.031837, 35.562184, 36.064176, 35.492077, 35.950436, 36.080707, 35.964586, 35.914548, 36.080707, 36.017647, 36.079726, 35.177643, 35.998221, 35.936904, 36.119887, 36.027482, 36.505996, 36.392135, 36.415102, 35.775789, 35.882943, 35.882943, 35.856896, 35.884276, 35.752578, 36.108536, 36.111449, 36.532166, 35.227919, 36.178137, 36.49076, 35.756091, 
35.937595, 36.285009, 36.512448, 35.711954, 35.817411, 36.345919, 36.347568, 36.392135, 36.392135, 35.447663, 36.478349, 35.458804, 35.372577, 35.401023, 35.948814, 35.53332, 36.075975, 36.495772, 35.729692, 35.897155, 35.808395, 35.660548, 35.79386, 35.414095, 36.252154, 36.209976, 36.021389, 35.871, 35.882943, 35.843856, 35.382213, 35.882943, 35.781848, 36.392135, 35.248989, 36.050652, 36.387904, 35.353048, 36.07, 36.403393, 36.071135, 36.106711, 36.064485, 36.080707, 36.107499, 36.022863, 36.025379, 
36.101385, 36.083885, 36.116854, 36.080707, 36.066129, 36.080707, 36.080707, 36.080707, 36.080707, 36.080707, 36.112987, 36.080707, 36.080707, 36.080707, 36.080707, 36.080707, 36.156707, 36.080707, 36.080707, 36.07, 36.080707, 36.080707, 35.494384, 35.73663, 36.158344, 35.390431, 35.42638, 35.406513, 36.525791, 35.954331, 36.138298, 35.912489, 35.755651, 35.808387, 35.797882, 35.915083, 36.05251, 35.912786, 35.892359, 35.797692, 35.76812, 35.635275, 35.408375, 36.111937, 35.797692, 35.4152, 36.104866, 
35.575302, 35.63, 35.65, 35.679194, 35.384344, 35.463121, 35.372045, 35.372045, 35.377069, 36.340681, 36.33705, 35.681429, 35.643545, 36.264894, 35.606392, 35.429849, 36.215193, 35.790516, 35.396654, 36.062239, 36.474898, 35.413579, 36.484233, 35.562142, 36.413473, 35.777862, 35.631434, 35.846363, 35.898538, 35.633286, 36.450603, 36.101529, 36.340501, 35.511864, 35.458912, 36.441215, 35.921662, 36.238956, 36.414739, 36.416628, 35.557966, 35.506459, 36.195036, 36.454831, 36.291896, 36.528939, 36.37367, 
35.97154, 35.973108, 36.378439, 35.781595, 35.554891, 35.590731, 36.37367, 36.000487, 35.848039, 36.05251, 35.774451, 35.758667, 35.716105, 35.814572, 35.788284, 35.758268, 35.807458, 35.808451, 35.844753, 35.767829, 35.797692, 35.847788, 35.899208, 35.939255, 35.891726, 35.865441, 35.906016, 35.851463, 35.797692, 35.797692, 35.797692, 35.797692, 35.797692, 35.797692, 35.797692, 35.797692, 35.797692, 35.817497, 35.875344, 35.797692, 35.797692, 35.797692, 35.797692, 35.797692, 35.797692, 35.797692, 
35.797692, 35.797692, 35.797692, 35.797692, 35.797692, 35.797692, 35.88224, 35.797692, 35.797692, 35.997193, 36.051155, 35.966431, 36.034561, 36.015992, 35.993143, 35.963994, 36.028685, 36.051155, 36.051155, 36.051155, 36.087738, 35.905765, 36.051155, 36.051155, 36.051155, 35.935125, 35.935563, 35.924465, 35.973773, 36.223682, 35.308035, 35.797988, 35.47031, 36.032405, 35.545041, 35.584685, 35.799764, 35.633996, 35.384013, 35.92, 36.085542, 35.487026, 36.507288, 35.818414, 36.416472, 35.321447, 35.809514, 
36.190589, 35.514202, 35.866711, 35.575982, 35.69872, 35.598204, 35.686549, 35.552162, 36.458825, 36.502541, 35.580444, 35.626653, 35.588523, 35.580444, 35.531965, 36.356129, 36.310967, 35.948738, 35.908558, 36.531252, 35.999591, 36.255897, 36.366571, 35.759335, 36.184037, 36.083011, 36.451785, 35.640324, 35.746654, 36.518839, 36.363144, 36.432993, 35.993357, 35.948539, 35.579216, 36.064879, 35.624117, 35.819037, 36.490929, 35.491814, 35.795738, 35.588518, 36.52177, 36.356129, 36.054832, 36.281144, 
36.448592, 35.821436, 36.203511, 35.65363, 36.128851, 35.481914, 36.487125, 36.515084, 35.867224, 35.567478, 35.748755, 35.915927, 35.94178, 35.598504, 35.700448, 35.452071, 35.905299, 36.235198, 35.593689, 35.560439, 36.421387, 36.10607, 35.824061, 35.715315, 35.715778, 35.719923, 35.768693, 36.332552, 36.285388, 36.285026, 36.293192, 36.293352, 35.354252, 36.314447, 36.388493, 36.319777, 35.263128, 36.344333, 36.339548, 36.381161, 36.192231, 35.883885, 36.519826, 36.435092, 35.849234, 36.433902, 
36.198539, 36.093252, 36.440867, 35.24554, 36.501152, 36.410008, 36.239666, 36.099065, 36.289302, 35.218342, 36.157292, 36.362745, 36.189366, 36.022242, 36.115899, 36.513626, 35.795867, 35.913938, 36.419422, 36.067244, 36.497406, 35.923805, 35.113265, 35.842107, 36.093211, 36.273428, 36.13655, 36.234231, 35.661979, 36.424152, 35.892486, 35.538351, 36.384779, 36.233836, 36.466396, 35.698493, 36.440509, 36.256548, 35.845046, 35.56179, 36.015391, 36.217959, 36.386605, 35.351477, 35.264179, 34.995653, 
35.403268, 35.104652, 35.40846, 35.719228, 35.2406, 35.292581, 35.254223, 35.441168, 35.279371, 35.518637, 35.383935, 35.567189, 35.241615, 35.400407, 35.346285, 35.405636, 35.477583, 35.239702, 35.416189, 35.333668, 35.5, 35.490772, 35.501448, 35.198687, 35.677889, 35.346886, 35.58167, 35.373884, 35.317602, 35.284018, 35.248787, 35.275073, 35.263287, 35.284018, 35.229565, 35.462187, 35.513974, 35.614966, 35.189591, 35.224743, 35.335294, 35.256252, 35.404772, 35.409544, 35.105208, 35.454565, 35.499521, 
35.346285, 35.492989, 35.241188, 35.543639, 35.318573, 35.450548, 34.970129, 35.473447, 35.484822, 35.267185, 35.267234, 35.256379, 34.819916, 34.99545, 35.067285, 35.116851, 35.26002, 35.247181, 34.916253, 35.485703, 35.031947, 35.011204, 34.936388, 35.243585, 35.584157, 35.571827, 34.858713, 35.311862, 35.529792, 35.407499, 35.664696, 35.276794, 35.463024, 35.228831, 35.232542, 35.26002, 34.969886, 35.086017, 35.043566, 35.396126, 35.49326, 35.536561, 35.361333, 35.679639, 35.682683, 35.614422, 
35.665362, 35.315118, 35.233125, 35.258879, 35.693339, 35.360536, 35.245048, 35.377576, 35.687365, 35.48902, 35.545918, 35.362026, 34.985423, 34.929433, 34.981605, 35.26002, 35.227192, 35.208992, 35.214693, 35.222406, 35.248292, 35.197643, 35.235791, 35.178543, 35.13451, 35.170094, 35.189544, 35.280464, 35.276639, 35.244468, 35.286967, 35.172319, 35.26002, 35.26002, 35.26002, 35.26002, 35.26002, 35.305552, 35.26002, 35.26002, 35.107804, 35.192919, 35.26002, 35.26002, 35.26002, 35.26002, 35.26002, 
35.489411, 35.26002, 35.26002, 35.26002, 35.26002, 35.26002, 35.26002, 35.26002, 35.26002, 35.26002, 35.227542, 35.065595, 35.26002, 35.26002, 35.26002, 35.26002, 35.26002, 35.26002, 35.26002, 35.26002, 35.321279, 35.21, 35.26002, 35.284459, 35.329235, 35.113906, 35.22, 35.26002, 35.124032, 35.187943, 35.26002, 35.054546, 35.119012, 35.26002, 35.26002, 35.224242, 35.26002, 35.26002, 35.26002, 35.26002, 35.26002, 35.26002, 35.26002, 35.26002, 35.225242, 35.26002, 35.26002, 35.042389, 35.034307, 35.084163, 
35.02844, 35.056963, 35.003712, 35.142321, 35.173377, 35.039726, 35.050612, 35.134301, 34.93, 35.060087, 35.12416, 35.020272, 34.595364, 34.552642, 35.316332, 35.152512, 35.278125, 35.319639, 35.000056, 34.994005, 34.913233, 35.150896, 34.655921, 35.293245, 35.302419, 35.350774, 34.647611, 35.089476, 35.322849, 34.476857, 35.119076, 35.191142, 34.767875, 35.171062, 34.879186, 35.042172, 34.954709, 34.977225, 35.24356, 34.827291, 34.779227, 34.781768, 35.467567, 35.237338, 34.902698, 34.620874, 34.607669, 
34.659575, 35.02363, 34.368246, 34.938451, 34.735024, 35.184516, 35.237142, 35.173481, 35.35149, 34.434292, 35.216222, 34.912113, 34.69004, 35.100144, 35.195417, 34.471259, 34.992085, 34.828798, 34.858715, 34.937078, 34.994152, 34.945305, 34.571076, 34.804654, 35.053627, 34.851865, 35.180394, 35.280335, 35.211913, 35.016373, 34.742752, 34.989801, 35.218131, 35.145952, 34.927483, 35.015586, 34.993016, 34.786138, 34.235219, 34.340518, 34.221512, 33.926255, 34.254235, 34.088079, 34.088079, 34.212707, 
34.169953, 34.088079, 34.285519, 34.152021, 34.07367, 34.524003, 34.006479, 34.319905, 34.290716, 34.554821, 34.034336, 34.332126, 34.285951, 34.312363, 34.17074, 34.491177, 34.461167, 34.430433, 34.275453, 34.430348, 34.309767, 34.788387, 34.323483, 34.407677, 34.686496, 34.47722, 34.83661, 34.595158, 34.464635, 33.99207, 34.319538, 34.25124, 33.997345, 34.888483, 34.676719, 34.11045, 34.36338, 34.449782, 34.822407, 33.933388, 34.52072, 33.963111, 33.974251, 34.12483, 34.772249, 33.915522, 34.738793, 
33.905566, 33.885203, 33.913508, 33.9666, 34.605639, 34.312063, 34.671237, 34.107077, 34.21222, 35.260895, 35.288558, 35.319066, 35.264739, 35.11493, 35.156145, 35.000658, 34.887266, 34.698274, 35.463012, 35.176466, 34.769532, 34.911417, 35.120742, 34.984608, 34.826715, 35.005079, 35.193213, 34.794527, 35.119845, 35.238886, 35.244257, 34.732744, 35.085784, 35.370945, 34.712315, 34.884421, 34.903793, 35.259895, 35.424381, 34.694262, 34.755669, 34.692056, 34.664035, 34.74167, 34.724322, 34.692056, 
34.781212, 34.637348, 35.320045, 35.304817, 34.725663, 35.481503, 34.879658, 35.124491, 34.729839, 36.214395, 35.119674, 35.103736, 35.091472, 35.110855, 35.110855, 34.770681, 35.040757, 35.030154, 35.000858, 34.888736, 34.689821, 34.868975, 35.206329, 34.753595, 35.44451, 34.842394, 34.756033, 35.156145, 34.69771, 35.056317, 35.302937, 35.191279, 34.7994, 35.53445, 34.667473, 34.662495, 35.759932, 35.70701, 35.679876, 36.166515, 36.133083, 36.058853, 36.21277, 36.221334, 35.689806, 35.725163, 36.009373, 
35.693787, 35.720227, 36.455882, 36.024252, 36.488377, 36.197882, 35.75779, 35.891211, 36.283497, 36.17893, 36.523031, 36.110425, 35.840579, 36.290889, 36.445484, 35.721174, 36.343002, 35.811919, 36.557892, 35.937564, 35.97991, 36.315077, 35.928486, 35.718432, 35.840553, 36.410186, 35.938422, 36.227576, 36.532301, 36.43591, 35.934783, 36.073202, 35.779182, 36.329636, 35.575785, 36.241685, 36.086466, 36.065053, 36.073489, 35.742752, 36.238438, 36.049348, 35.653437, 36.169604, 35.970599, 35.99726, 
36.023359, 36.541861, 36.044098, 36.195632, 35.726966, 35.777241, 36.38846, 36.229983, 36.204458, 35.753767, 36.414156, 35.589022, 36.216247, 36.506064, 36.326001, 35.765719, 35.846848, 36.255467, 35.750657, 35.914275, 35.585074, 36.394123, 36.345453, 36.33942, 35.529792, 35.529792, 36.03559, 35.740368, 36.209158, 36.268944, 36.474746, 36.375468, 36.136991, 36.321009, 35.831037, 35.712999, 35.412166, 35.459869, 36.033454, 35.419931, 35.289152, 35.756437, 35.464897, 35.605146, 35.188077, 35.395491, 
35.891276, 35.529895, 35.503301, 35.103251, 35.154193, 35.50359, 35.436893, 35.60089, 35.248689, 35.256241, 35.295403, 35.36852, 35.280702, 35.322276, 35.498797, 35.311112, 35.526686, 35.270682, 35.437611, 35.435102, 35.185018, 35.478887, 35.175847, 35.738725, 35.468264, 35.290454, 36.023817, 35.06252, 35.362016, 35.834212, 35.117299, 35.527982, 35.451314, 35.146004, 35.661009, 35.849372, 35.236179, 35.518138, 35.709124, 35.852912, 35.866763, 35.909707, 35.336523, 35.646373, 35.37094, 35.39, 35.381677, 
35.666254, 35.625414, 35.050529, 35.931539, 35.264303, 35.640648, 35.272331, 35.618596, 35.345611, 35.139812, 35.23899, 35.115467, 35.03107, 35.483482, 35.910932, 35.60243, 35.37273, 35.241747, 35.221428, 35.248885, 35.219796, 35.569047, 35.511094, 35.723848, 35.328533, 35.418018, 35.202275, 35.345487, 35.353837, 35.292714, 35.29118, 35.564734, 35.595661, 35.623732, 35.54179, 35.635844, 35.599363, 35.575877, 35.486156, 35.620335, 35.50042, 35.664752, 35.620335, 35.620335, 34.924076, 34.300421, 35.267373, 
35.202178, 35.02851, 35.094379, 35.052591, 35.152197, 35.091332, 34.994752, 35.526959, 34.673805, 35.350962, 35.299726, 33.76993, 34.126535, 33.272026, 33.872503, 34.422793, 34.213582, 34.552119, 34.428673, 34.200042, 33.354403, 34.278935, 34.56, 33.572356, 34.603967, 34.349725, 33.964753, 34.128998, 34.188584, 33.372063, 33.425547, 34.029407, 33.688373, 33.321406, 33.911025, 34.1699, 34.107967, 33.52803, 33.399511, 33.845399, 33.839441, 33.830405, 33.947764, 34.569908, 33.634675, 34.588329, 33.332666, 
33.920721, 34.020978, 34.120487, 34.295632, 33.905722, 34.545825, 34.183978, 33.931279, 33.925183, 33.991362, 33.917812, 34.450789, 34.194914, 34.204467, 34.296064, 34.007854, 33.094711, 33.040507, 34.461353, 33.647611, 33.989924, 34.000732, 33.831118, 34.373596, 33.532767, 34.282877, 33.795243, 33.629017, 33.445032, 33.9413, 33.487767, 33.49593, 33.442019, 33.548282, 34.242848, 33.771358, 33.630125, 33.71469, 34.305501, 34.14854, 34.094472, 33.804368, 34.328826, 34.309957, 33.37731, 33.675533, 33.593634, 
34.029635, 33.462378, 33.688373, 34.215881, 33.506999, 34.005992, 33.570595, 33.916418, 33.899856, 33.972863, 33.948928, 33.899155, 33.734171, 34.115691, 33.88759, 33.434712, 33.659078, 33.90529, 33.881986, 33.990952, 33.943251, 33.925183, 33.902216, 34.443733, 34.373596, 34.143934, 34.502577, 34.369441, 33.998454, 34.022921, 34.066271, 34.027955, 33.990555, 34.037557, 34.021442, 33.993705, 33.968011, 34.041646, 34.096716, 34.075611, 34.005992, 34.005992, 34.005992, 34.005992, 34.005992, 34.005992, 
34.005992, 34.005992, 34.005992, 34.084069, 34.005992, 34.005992, 34.005992, 34.005992, 33.925183, 34.139511, 34.107483, 34.091966, 34.457522, 34.005992, 34.005992, 34.005992, 34.005992, 34.005992, 34.940921, 34.926075, 34.980636, 34.916625, 35.111404, 34.925353, 34.982424, 35.033903, 34.888237, 34.888237, 34.957898, 34.715641, 35.109207, 35.131971, 34.99056, 34.470115, 35.001748, 35.043505, 34.638315, 34.270774, 34.968472, 34.915071, 34.660137, 34.888237, 35.136333, 35.03653, 35.10425, 34.996314, 
35.044719, 34.888237, 35.061431, 34.415818, 34.828217, 34.338289, 35.15617, 34.503167, 34.342221, 34.788053, 34.96589, 34.949241, 34.865445, 34.367183, 34.900682, 34.925281, 34.783908, 34.862432, 34.856283, 34.935828, 34.853013, 34.714045, 34.323605, 34.954729, 34.888237, 34.758703, 34.888237, 34.888237, 34.84, 32.779126, 32.84885, 32.799326, 32.897903, 32.856634, 32.918757, 32.794841, 32.84885, 33.192514, 32.73727, 32.84885, 32.821238, 32.84885, 32.84885, 32.84885, 32.879529, 32.84885, 32.93064, 
32.84885, 32.981952, 32.783076, 32.786176, 32.790622, 32.97251, 33.174292, 33.284887, 33.229581, 33.061376, 33.119898, 32.976399, 33.345833, 33.144807, 32.542343, 32.662451, 33.38934, 33.403693, 32.991185, 32.683083, 33.086324, 33.237382, 32.715745, 33.046869, 32.798138, 32.745396, 33.235105, 32.717109, 32.993571, 32.84885, 33.10594, 33.164225, 32.813518, 32.84885, 32.87602, 33.418106, 33.252941, 32.788784, 33.198286, 33.03271, 32.939642, 32.977614, 33.164201, 33.187906, 33.391941, 33.105834, 32.763456, 
33.034586, 33.00234, 32.983408, 32.651864, 32.89989, 32.91583, 33.03378, 32.727638, 34.195705, 34.200994, 34.062999, 34.041582, 34.142119, 34.201299, 33.45053, 33.985128, 34.657694, 34.467072, 33.78144, 34.028989, 34.68862, 34.571839, 33.850218, 33.801049, 33.935814, 33.985431, 34.291269, 33.911717, 34.413907, 34.388055, 34.070033, 34.425629, 34.289399, 34.002167, 34.164187, 33.939996, 34.483711, 33.798844, 34.386728, 34.365898, 33.71239, 33.830612, 33.671678, 33.859815, 34.336439, 34.345437, 33.493553, 
34.340797, 33.873017, 34.525937, 33.915705, 34.046247, 34.671428, 34.164094, 33.765136, 34.488255, 34.194685, 33.627763, 33.568115, 33.698101, 33.738887, 33.729439, 33.653454, 34.19138, 33.823495, 33.983639, 34.585217, 33.467343, 33.621094, 33.694757, 34.095976, 33.575913, 33.927936, 34.283207, 34.492154, 34.645047, 34.743074, 33.785803, 33.935814, 33.694492, 34.848301, 34.800718, 34.837666, 34.849745, 34.798035, 34.849745, 34.825592, 34.849745, 34.889217, 34.849745, 34.840717, 34.849745, 34.924876, 
34.872423, 34.866801, 34.849745, 34.897829, 34.189812, 34.523657, 34.491988, 34.438087, 34.478139, 34.532638, 34.464572, 34.517231, 34.095246, 34.733515, 34.681255, 34.847372, 34.847372, 34.847372, 35.084282, 34.849745, 34.370703, 34.325575, 34.849655, 34.813542, 34.789884, 34.505005, 34.681279, 34.601311, 34.169781, 34.178813, 34.21241, 34.225872, 34.911469, 34.937356, 34.849745, 34.286915, 34.45451, 34.299215, 34.612144, 34.779483, 34.774914, 34.210243, 35.048312, 34.774657, 34.855841, 34.725935, 
34.14606, 34.766305, 34.646501, 34.641851, 34.912476, 34.736907, 34.723173, 34.764076, 34.888111, 34.589662, 34.660345, 34.607898, 34.709869, 34.762693, 34.833113, 35.031252, 34.376689, 34.95424, 34.898387, 34.935636, 35.068914, 34.527385, 35.018511, 34.769994, 34.404535, 34.633763, 34.218582, 34.77272, 34.622494, 34.888237, 35.118338, 34.992612, 34.843469, 34.720597, 34.99, 35.040969, 34.720306, 35.109114, 34.795665, 34.702249, 35.008416, 35.062815, 34.963208, 34.631305, 34.729073, 34.699412, 34.767269, 
34.774347, 34.861633, 34.712457, 34.769259, 34.692002, 34.914611, 34.992612, 34.969427, 34.992612, 34.992612, 34.721265, 34.870127, 35.041829, 34.973866, 35.005981, 33.595996, 33.569885, 33.723519, 33.486049, 33.53773, 33.650812, 33.53773, 33.415481, 33.010041, 33.226172, 33.291666, 33.503438, 33.363785, 34.074234, 33.643924, 33.498386, 33.819096, 33.380314, 32.963048, 33.523241, 33.566349, 33.337781, 33.824496, 33.51344, 33.91509, 33.080604, 33.733657, 33.507335, 33.997908, 33.517435, 33.443562, 
33.190068, 33.7802, 33.84674, 33.047132, 33.695638, 33.980222, 33.092403, 33.619604, 33.530409, 33.405948, 33.475916, 33.59107, 33.53773, 33.55016, 33.83562, 32.424353, 32.421594, 32.443974, 32.390605, 32.340119, 32.445712, 32.447677, 32.312621, 32.241315, 32.928131, 32.488929, 32.929902, 32.552652, 32.156011, 32.72765, 32.744565, 32.371697, 32.67553, 32.593295, 32.866195, 32.868065, 32.21319, 32.226713, 32.277216, 32.159476, 32.934459, 32.538432, 32.818844, 32.788773, 32.602042, 32.382453, 32.493936, 
32.390605, 32.669734, 32.566537, 32.586005, 32.881971, 32.458459, 32.822292, 32.681058, 32.206894, 33.772122, 33.960353, 34.119177, 34.080035, 33.912473, 33.912473, 33.907336, 33.844371, 33.960353, 34.022974, 33.696714, 33.633685, 33.581406, 33.555791, 33.542118, 33.888829, 33.717989, 33.981721, 33.809604, 34.026238, 33.844371, 34.052698, 33.65072, 33.962979, 34.193041, 33.960353, 33.771705, 33.891251, 33.740055, 33.811354, 33.693448, 33.725739, 33.891251, 33.891251, 33.676358, 33.822204, 34.235408, 
34.201503, 33.929464, 34.001159, 33.91967, 33.949054, 33.960353, 33.872371, 33.960353, 33.64, 33.823809, 33.658113, 33.504952, 33.500008, 33.750257, 33.932052, 33.932842, 33.99605, 33.965294, 33.946735, 33.912473, 34.027533, 33.933002, 33.965601, 33.912473, 33.576043, 33.940768, 33.791505, 33.7, 33.891251, 34.049789, 34.032532, 33.844371, 33.860955, 33.791537, 33.87578, 33.858836, 33.859137, 33.795622, 33.853853, 33.891251, 33.891251, 33.817438, 33.762106, 33.952451, 33.960353, 33.9692, 33.909952, 
33.621906, 34.025598, 33.979401, 34.020621, 33.960353, 33.959535, 34.052285, 34.097998, 34.368647, 34.065792, 34.448075, 33.828061, 34.344939, 33.533934, 33.653355, 33.723939, 33.912473, 33.58, 33.84627, 34.228478, 34.194029, 33.560454, 33.588486, 33.571176, 33.618931, 34.167327, 34.200264, 33.776137, 34.244179, 34.118206, 34.010162, 33.817738, 33.874553, 34.333308, 33.945735, 33.68966, 33.769636, 33.701554, 34.124283, 33.99994, 34.434629, 33.88232, 33.867574, 34.242944, 34.454934, 34.038949, 34.237986, 
34.242944, 34.175095, 34.452988, 34.280355, 33.643002, 34.242944, 34.002147, 33.987497, 33.68966, 33.99, 33.892504, 33.99, 34.253343, 34.290508, 34.333308, 34.333308, 34.281423, 33.571329, 33.797456, 34.14, 33.434562, 34.346142, 34.333308, 34.145931, 34.537611, 33.748838, 34.418116, 34.113826, 33.76324, 33.718079, 33.658254, 34.332315, 34.236128, 33.517698, 33.670405, 34.108027, 34.117565, 34.062176, 33.288993, 33.05413, 33.275707, 33.109599, 33.278205, 33.565662, 33.47875, 33.40147, 33.251174, 33.298014, 
33.121379, 33.157214, 33.230734, 33.034761, 33.268185, 33.215454, 33.401827, 33.232156, 33.173516, 33.403811, 33.294522, 33.325951, 33.528345, 33.500697, 33.49348, 33.029838, 33.036715, 33.351277, 33.437428, 33.201986, 33.464387, 33.455031, 33.015476, 33.136567, 32.999261, 33.277468, 33.58776, 33.04567, 33.38779, 33.361003, 33.400875, 33.265656, 33.527793, 33.398992, 33.4, 33.351401, 33.625894, 33.582877, 33.555145, 33.431181, 33.281102, 33.387534, 33.547578, 33.295159, 33.345253, 32.995865, 32.895794, 
33.500697, 33.647275, 33.32603, 33.48012, 33.580878, 33.169646, 32.973728, 33.639658, 33.101705, 33.564711, 33.615409, 33.500697, 33.844371, 33.844371, 33.752856, 33.848196, 33.830054, 33.786755, 33.768205, 33.771755, 33.794055, 33.727807, 33.724907, 33.745739, 33.761223, 33.758056, 33.709595, 33.729506, 33.750005, 33.786805, 33.872053, 33.656824, 33.844371, 33.793754, 33.844371, 33.818304, 33.844371, 33.849853, 33.86427, 33.931746, 33.827554, 33.707107, 33.715558, 33.776305, 33.891251, 33.702657, 
33.752406, 33.744007, 33.646984, 33.942751, 33.87507, 33.899381, 33.888102, 33.879003, 33.844371, 33.676258, 33.851736, 33.926753, 33.844371, 33.844371, 33.61541, 33.97285, 33.844371, 33.844371, 33.658834, 33.844371, 33.891251, 33.844371, 33.998151, 33.891251, 33.934536, 33.844371, 33.891251, 33.844371, 33.844371, 33.844371, 33.891251, 33.789255, 33.844371, 33.844371, 33.844371, 33.844371, 33.844371, 33.844371, 33.844371, 33.844371, 33.844371, 33.844371, 33.844371, 33.844371, 33.844371, 33.844371, 
33.844371, 33.844371, 33.844371, 33.844371, 33.844371, 33.844371, 33.844371, 33.844371, 33.844371, 33.844371, 32.605196, 32.196136, 32.146031, 32.083879, 32.884137, 32.15499, 32.3456, 32.162077, 32.301639, 32.186824, 32.150061, 32.767634, 32.632683, 33.032445, 31.945767, 32.190739, 32.159458, 33.008983, 32.177508, 32.152792, 32.414401, 32.792831, 32.802448, 33.696073, 32.186824, 32.567281, 32.505913, 32.49126, 32.528104, 32.555659, 32.414349, 32.327219, 32.057356, 32.432854, 32.697762, 32.969028, 
32.387041, 32.423083, 32.447036, 32.41795, 32.4906, 32.439708, 32.566594, 32.754635, 32.309128, 32.547214, 32.03096, 32.220155, 32.177513, 32.872098, 32.050694, 34.306643, 34.212993, 34.345432, 34.274355, 34.306188, 34.346102, 34.253714, 34.455729, 34.469971, 34.875556, 34.851171, 34.903398, 33.960353, 34.370551, 34.121974, 34.12115, 34.089419, 34.338008, 34.360544, 34.801665, 34.700311, 34.882362, 34.481514, 34.595859, 34.210423, 34.209907, 34.514215, 34.542098, 34.416521, 34.573072, 34.66, 34.977198, 
34.511618, 34.680011, 34.688716, 34.925622, 34.188281, 34.299459, 34.593092, 34.713441, 34.923847, 34.348822, 34.097915, 34.112581, 34.763553, 34.450501, 34.391688, 34.977037, 34.491829, 34.258054, 34.949755, 34.887912, 34.917466, 34.549681, 34.466226, 34.094345, 34.236556, 34.167309, 34.952452, 34.696896, 34.731084, 34.742007, 34.191571, 34.846806, 34.561584, 34.676584, 34.797611, 34.954638, 34.629391, 34.527671, 34.597674, 34.130594, 33.979016, 33.948432, 33.947587, 33.944339, 33.925085, 33.945619, 
34.013154, 33.944339, 33.946364, 33.944339, 33.944339, 33.962364, 33.863663, 33.928949, 33.804849, 33.927792, 33.754235, 34.193943, 33.527207, 33.994139, 34.041416, 34.072573, 33.892957, 33.570317, 34.17085, 34.212836, 34.119972, 33.775001, 34.281721, 33.766057, 33.547041, 34.366948, 33.801274, 34.065588, 34.120239, 33.863779, 33.588436, 33.559342, 33.786041, 33.857423, 33.775127, 34.270167, 33.614556, 33.560693, 33.535009, 33.957713, 33.784316, 33.912362, 33.652489, 33.748344, 33.728754, 33.849286, 
33.46171, 33.992538, 33.954047, 34.4966, 34.479066, 34.753129, 34.827019, 34.945576, 34.935105, 34.93882, 33.744222, 34.801861, 34.766095, 34.780699, 34.759522, 34.822176, 34.932348, 34.975939, 34.696201, 34.376063, 34.553485, 34.569015, 34.409661, 34.531444, 34.604648, 34.916552, 34.793833, 34.801988, 34.757918, 34.96311, 34.948979, 34.574804, 34.489848, 34.957134, 34.981449, 34.895625, 34.558404, 34.484483, 34.85973, 34.9298, 34.954188, 33.620669, 33.163467, 33.297318, 33.527993, 33.453039, 33.397137, 
33.551145, 33.236721, 33.050487, 33.386041, 33.459489, 33.42359, 33.32157, 33.16249, 33.765566, 33.244829, 33.432384, 33.224199, 33.477946, 32.914843, 33.234802, 33.490536, 33.399555, 33.080965, 33.200325, 33.793006, 33.461121, 33.386041, 33.474136, 33.417282, 33.387089, 33.512541, 33.475936, 33.386041, 33.386041, 33.386041, 33.386041, 33.386041, 33.386041, 33.527678, 33.386041, 33.386041, 31.972626, 32.549854, 32.600622, 32.946971, 32.556668, 32.563544, 32.199721, 32.652313, 32.309003, 31.917178, 
32.108676, 32.396381, 32.338639, 32.397039, 31.950899, 32.861386, 32.600844, 32.976548, 32.427633, 32.719907, 32.526359, 32.516865, 32.193953, 33.318579, 32.335147, 33.33, 32.569122, 32.632111, 33.0409, 32.55568, 32.891499, 33.003455, 33.053288, 33.040103, 32.835471, 32.270314, 32.094127, 33.172786, 32.587537, 32.540073, 32.371371, 32.7615, 32.630784, 33.285774, 33.054591, 32.509384, 32.69992, 32.742085, 32.148624, 32.788484, 32.875574, 32.045313, 32.446656, 32.498727, 33.08, 32.003035, 33.083579, 
33.087138, 32.293293, 33.319093, 32.564036, 32.799959, 32.860031, 32.329164, 32.460791, 32.185677, 32.13702, 31.951839, 32.176429, 32.370333, 32.54748, 31.953407, 32.702635, 31.933079, 32.419094, 32.984529, 32.046427, 31.989039, 33.421694, 32.989503, 33.260235, 32.594698, 32.89115, 32.801223, 32.24473, 32.091578, 32.638316, 33.125097, 32.487403, 32.71732, 32.912207, 32.614742, 32.646236, 33.844371, 33.844371, 33.891251, 33.74, 33.844371, 33.844371, 33.72, 33.844371, 33.891251, 34.02, 33.891251, 33.891251, 
33.844371, 33.844371, 33.38, 33.844371, 33.844371, 33.844371, 33.844371, 33.844371, 33.844371, 33.844371, 33.844371, 32.830839, 32.806707, 32.806707, 32.844872, 32.806707, 32.79904, 32.830389, 32.806707, 32.806707, 32.88899, 32.878304, 32.806707, 32.839289, 32.730641, 32.839005, 32.862246, 32.806707, 31.046761, 32.806707, 32.810189, 32.806707, 32.70045, 32.87333, 32.806707, 31.764663, 32.129474, 32.508239, 31.495071, 31.407598, 32.183211, 32.172661, 31.873145, 31.806832, 32.313816, 31.828575, 31.868699, 
31.886944, 31.74991, 32.141974, 31.478486, 31.788811, 32.163245, 32.110421, 31.658252, 31.906365, 32.293147, 31.423776, 32.006672, 32.390879, 31.547412, 31.495071, 31.77789, 31.271852, 32.068658, 31.971394, 31.971394, 32.046143, 32.043058, 31.988676, 32.162963, 32.106705, 31.971394, 32.022019, 31.927434, 31.971394, 31.971394, 32.075806, 32.005255, 31.971394, 31.986249, 31.971394, 31.971394, 31.971394, 31.919866, 32.008183, 31.971394, 31.971394, 31.220059, 31.018954, 31.205194, 32.452926, 31.551458, 
31.57344, 31.768849, 31.717717, 31.307234, 31.513511, 31.67654, 31.166786, 31.241505, 31.176516, 31.212705, 31.221995, 31.260995, 31.06419, 31.718382, 31.522042, 31.571596, 31.464973, 30.860915, 31.844772, 31.1747, 31.320167, 31.840974, 31.636895, 31.575166, 30.804684, 30.793409, 31.928525, 31.101953, 31.496025, 31.281103, 31.17326, 31.495983, 31.670475, 31.412649, 31.372403, 30.761081, 31.515981, 31.198914, 30.5, 31.715778, 31.018954, 31.066479, 31.144635, 31.631943, 31.003385, 30.915778, 31.578181, 
31.578181, 30.807279, 30.866613, 30.827965, 30.827965, 30.92205, 30.802411, 30.831442, 31.172669, 31.133004, 31.379665, 31.071563, 31.297883, 31.003274, 30.782963, 31.047996, 30.802821, 30.96373, 30.680867, 30.991859, 31.062818, 31.055578, 30.72289, 31.291612, 30.935087, 31.199, 30.934298, 31.27291, 30.783639, 31.070627, 30.518903, 31.183567, 30.703175, 30.957421, 31.375165, 31.205388, 30.84848, 30.965263, 31.564274, 31.580774, 31.594782, 31.543065, 31.549975, 31.552483, 31.559274, 31.568073, 31.591073, 
32.071641, 32.051235, 32.195361, 31.836577, 31.427845, 31.709742, 30.743234, 31.3709, 30.884525, 30.901863, 32.085491, 30.890906, 31.56889, 31.067313, 31.334337, 31.528299, 30.945016, 31.832214, 31.44172, 30.87039, 30.729915, 31.209854, 31.169794, 31.592199, 30.88096, 31.959367, 31.650442, 31.152253, 31.012042, 31.260443, 31.781815, 31.299009, 31.756995, 31.930451, 31.325004, 30.974364, 31.563327, 31.176563, 31.439212, 31.720029, 31.631333, 30.803291, 31.205365, 31.860476, 31.177174, 30.883208, 30.868187, 
31.011595, 31.706283, 31.113122, 31.454628, 31.714526, 31.98309, 31.082141, 31.575228, 31.834324, 31.165358, 31.620866, 31.33349, 31.256287, 31.723178, 30.977162, 31.586426, 31.334062, 31.172696, 31.905462, 30.966781, 31.117271, 32.026125, 31.526584, 31.543065, 31.767986, 31.258794, 31.689973, 31.72952, 31.901066, 31.138011, 31.484091, 31.652542, 31.536886, 30.817654, 31.485438, 31.459666, 31.47387, 31.782466, 30.888809, 31.621764, 30.880968, 32.527813, 32.315915, 32.651617, 32.285535, 32.246795, 
32.634965, 32.638885, 32.57791, 32.722333, 32.614374, 32.154164, 32.030297, 32.862377, 32.566197, 32.1342, 32.867211, 32.801174, 32.051618, 32.109225, 32.803518, 32.683146, 32.557718, 32.896166, 32.698622, 31.973541, 32.867469, 32.797475, 32.471492, 32.524252, 32.423311, 32.513391, 32.37349, 32.468442, 32.479492, 32.534852, 32.53554, 32.491005, 32.491005, 32.482142, 32.491005, 32.495841, 32.491005, 32.491005, 32.491005, 30.16, 29.937673, 30.11, 29.799631, 29.928691, 30.421425, 30.567684, 30.193758, 
30.108128, 30.155229, 30.06, 30.105553, 29.787831, 30.641487, 30.551558, 29.922221, 30.272356, 30.6233, 29.968926, 29.97289, 29.863141, 30.685319, 30.621671, 30.031702, 30.491893, 30.581517, 30.005135, 30.216073, 30.162772, 30.061174, 30.421598, 30.285127, 30.101542, 30.13762, 30.267664, 30.331517, 30.133007, 30.084849, 29.956068, 30.074926, 30.039096, 30.210947, 30.160965, 29.979095, 29.838279, 29.50199, 30.189934, 30.070341, 29.87131, 29.937673, 29.811123, 30.390734, 29.937512, 29.955409, 30.203153, 
29.923718, 30.366085, 30.63928, 30.164918, 30.337538, 29.174417, 29.200508, 29.445826, 29.060711, 29.425693, 29.393366, 29.204009, 29.022729, 29.10909, 29.238606, 29.210309, 29.153239, 29.022729, 29.022729, 29.022729, 29.022729, 29.105506, 29.022729, 29.022729, 29.116361, 29.080251, 29.022729, 29.140657, 29.668112, 28.982714, 29.008805, 29.401523, 29.466085, 29.47033, 29.581683, 29.727276, 29.385225, 29.765329, 28.944915, 29.466085, 29.42, 29.656806, 29.634649, 29.640791, 29.58203, 29.466085, 29.467357, 
28.811078, 28.930573, 29.768321, 28.945246, 28.93, 29.499591, 29.016897, 28.998887, 29.022729, 29.022729, 29.284924, 29.022729, 29.316606, 29.666218, 29.644306, 29.071931, 29.231366, 29.488583, 29.493034, 29.084013, 29.740034, 29.589748, 29.556365, 29.332109, 29.326821, 29.476035, 29.003387, 29.022729, 30.389438, 30.328539, 30.32281, 30.323806, 30.307439, 30.351006, 30.294389, 30.392888, 30.354588, 30.268572, 30.333022, 30.222683, 30.34494, 30.23289, 30.28374, 30.24354, 30.449096, 30.411564, 30.329588, 
30.292631, 30.230272, 30.159091, 30.284511, 30.348585, 30.453405, 30.383023, 30.38239, 30.34494, 30.34494, 30.34494, 30.34494, 30.343407, 30.226463, 30.34494, 30.34494, 30.34494, 30.34494, 30.34494, 30.34494, 30.34494, 30.222489, 30.34494, 30.296911, 30.34494, 30.284641, 30.336038, 30.287041, 30.206922, 30.192434, 30.148209, 30.092346, 29.937673, 30.316641, 30.34494, 30.325739, 30.364339, 30.33, 30.431283, 30.479347, 30.486061, 30.446766, 30.130775, 30.442499, 30.42565, 30.531677, 30.514599, 30.400318, 
30.403146, 30.554434, 30.479347, 30.479347, 30.479347, 30.479347, 30.479347, 30.56, 29.71877, 30.36007, 29.912584, 29.879559, 30.687983, 30.183372, 30.194939, 29.825252, 29.745526, 30.571364, 30.442203, 30.616479, 30.607352, 30.381958, 30.060351, 30.416739, 30.478502, 30.476181, 30.47756, 30.496047, 30.494878, 30.530854, 30.342161, 29.983931, 30.080602, 29.966454, 30.100578, 30.594145, 30.573563, 30.665715, 30.549676, 30.162414, 29.900822, 30.28163, 30.029899, 29.673459, 30.184365, 30.357761, 30.319263, 
30.479347, 30.420146, 30.161901, 30.234451, 30.068188, 30.188585, 30.195424, 30.234451, 30.196771, 30.154621, 30.330553, 29.945008, 30.234451, 30.234451, 30.252616, 30.243832, 30.641154, 30.5403, 30.716494, 30.959504, 30.42007, 30.838337, 30.955359, 30.821603, 30.636228, 30.438819, 30.779196, 30.713868, 30.747244, 30.762486, 30.603777, 30.110171, 30.443152, 30.488955, 30.482838, 30.935306, 30.698517, 30.860528, 30.239849, 30.961401, 30.804698, 30.759353, 30.675635, 30.283088, 30.849972, 30.603777, 
30.657214, 29.846517, 29.902484, 30.361248, 30.735645, 30.252531, 30.563809, 30.631345, 30.892936, 30.045471, 30.373845, 28.773699, 30.778182, 30.420997, 30.474288, 30.447997, 30.48787, 30.441994, 30.408807, 30.360887, 30.355477, 30.464324, 30.61428, 30.394327, 30.557064, 30.527195, 30.61428, 30.412377, 30.61428, 30.61428, 30.61428, 30.61428, 30.479002, 30.598564, 30.8752, 30.600993, 30.526345, 30.969066, 30.760184, 30.741965, 30.970853, 30.757479, 30.661155, 30.391795, 30.457156, 30.464755, 30.409264, 
30.447248, 30.414932, 30.661155, 30.381934, 30.356287, 30.581825, 30.375469, 30.659159, 30.659159, 30.717437, 30.902015, 30.435069, 30.945123, 30.878449, 30.409902, 30.70969, 30.627637, 30.659159, 30.61428, 30.61428, 30.61428, 30.61428, 30.743945, 30.500901, 30.444975, 30.507047, 30.61428, 30.61428, 30.58149, 30.661155, 30.61428, 30.61428, 30.61428, 30.61428, 30.61428, 30.61428, 30.61428, 30.61428, 30.529739, 30.61428, 29.653195, 29.629887, 29.653145, 29.573293, 29.676006, 29.681426, 29.646189, 29.611545, 
29.713911, 29.681312, 29.681312, 29.681312, 29.681312, 29.681312, 29.801949, 29.790674, 29.315961, 29.517277, 29.764553, 29.447069, 29.896156, 29.178171, 29.453178, 29.681312, 29.630964, 29.730413, 29.681312, 29.35089, 29.681312, 29.622568, 29.231843, 29.601599, 29.648594, 29.823616, 29.460221, 29.458513, 29.735832, 29.459973, 29.817457, 29.788679, 29.845122, 29.514298, 29.342404, 29.450353, 29.733375, 29.502067, 29.282158, 29.640613, 29.643244, 29.425291, 29.319173, 29.364039, 29.330426, 29.598935, 
29.789597, 29.369207, 29.931204, 29.636632, 28.666249, 29.046215, 28.658395, 28.566338, 28.965591, 28.665125, 28.683408, 28.513011, 28.566338, 28.713173, 28.888595, 28.663913, 28.744752, 28.744752, 28.744752, 28.744752, 29.021782, 28.997288, 29.022729, 29.03, 29.039757, 28.902426, 28.850617, 28.855517, 29.022729, 28.653875, 28.746588, 28.613308, 28.893559, 28.895482, 28.910383, 29.022729, 28.985274, 28.77368, 28.758133, 28.827219, 28.703674, 28.628359, 28.744752, 28.88, 28.707648, 28.811078, 28.786272, 
28.868986, 28.744752, 28.945857, 28.834172, 28.656375, 28.639275, 29.008612, 28.698542, 28.858941, 28.803979, 28.80722, 28.769173, 29.022729, 28.76507, 28.804039, 28.566338, 28.799017, 28.704874, 28.564077, 28.306726, 28.306726, 28.306726, 28.948549, 28.598677, 28.566338, 28.744752, 28.607077, 28.566338, 28.566338, 28.744752, 28.623371, 28.716923, 28.744752, 28.541879, 28.519024, 28.557579, 28.577723, 28.53028, 28.51483, 28.546897, 28.576028, 28.463482, 28.619445, 28.52493, 28.493531, 28.567928, 
28.566338, 28.306726, 28.566338, 28.591692, 28.583103, 28.463509, 28.561242, 28.391608, 28.494931, 28.410872, 28.543248, 28.584177, 28.425221, 28.542132, 28.491653, 28.385549, 28.458149, 28.395979, 28.511879, 28.566338, 28.528789, 28.401151, 28.385906, 28.489758, 28.566338, 28.566338, 28.550028, 28.548379, 28.566338, 28.566338, 28.442926, 28.566338, 28.566338, 28.417368, 28.566338, 28.566338, 28.566338, 28.566338, 28.566338, 28.566338, 28.54, 28.566338, 28.566338, 28.566338, 28.566338, 28.566338, 
28.566338, 28.32, 28.566338, 28.566338, 28.306726, 28.077494, 28.306726, 28.103191, 28.073891, 28.031689, 28.067128, 28.012241, 27.958982, 27.950975, 28.306726, 28.306726, 28.306726, 28.306726, 28.390932, 28.366284, 28.427535, 28.306726, 28.235092, 28.392933, 28.47123, 28.326985, 28.306726, 28.137443, 28.13926, 28.306726, 28.172041, 28.21981, 27.924577, 27.762118, 27.929103, 27.974173, 28.01514, 28.350373, 28.396301, 28.22571, 28.308581, 28.329785, 27.709049, 27.78783, 28.306726, 27.636828, 27.617473, 
27.582151, 27.676376, 27.709049, 27.709049, 27.645377, 27.724801, 27.594718, 27.709049, 27.750176, 27.709049, 27.877504, 27.718868, 27.709049, 24.841814, 25.558428, 25.455229, 26.051916, 26.145724, 25.987069, 25.832374, 25.558428, 25.864773, 25.860373, 25.902172, 25.938687, 25.887983, 25.558428, 25.895557, 26.018967, 26.016984, 26.023634, 26.013368, 25.989119, 26.023567, 25.990494, 26.0267, 25.981409, 26.018418, 26.006373, 25.479438, 25.526214, 25.524528, 25.487988, 25.431506, 25.457913, 24.91828, 
25.137661, 25.558428, 24.567593, 25.100957, 24.663121, 24.675731, 24.664649, 25.100957, 25.859273, 24.731758, 24.72339, 24.723283, 25.909039, 25.94422, 25.946754, 25.968737, 26.232009, 26.253909, 26.236792, 26.251909, 26.279108, 26.272608, 26.253238, 26.3007, 26.21606, 26.22876, 25.006349, 26.242559, 26.233459, 26.305433, 26.145724, 26.145724, 26.30116, 26.145724, 26.145724, 26.145724, 26.145724, 26.289057, 25.558428, 25.558428, 26.145724, 26.145724, 25.779076, 25.558428, 25.84, 25.558428, 25.759474, 
25.846874, 25.558428, 25.79, 25.558428, 25.558428, 25.784526, 25.558428, 25.799962, 25.558428, 25.782176, 25.777977, 25.813808, 25.777143, 25.757227, 25.768277, 25.767368, 25.784326, 25.730678, 25.753927, 25.766577, 25.786326, 25.817325, 25.853184, 25.784276, 25.814225, 25.858573, 25.812625, 25.702929, 25.76226, 25.753177, 25.720728, 25.850124, 25.558428, 25.700966, 25.851974, 25.832074, 25.795476, 25.865523, 25.881391, 25.739011, 25.66558, 25.606583, 25.637132, 25.558428, 25.941535, 25.893372, 25.929571, 
25.94497, 25.558428, 25.734828, 25.824725, 25.885739, 25.892185, 25.94267, 25.559785, 25.786634, 25.702429, 25.763044, 25.733204, 25.653431, 25.595983, 25.837696, 25.95872, 25.962069, 25.897372, 25.781127, 25.699968, 25.759184, 25.723173, 25.662292, 25.596234, 25.558428, 25.574834, 25.56071, 25.558428, 25.70028, 25.745549, 25.772876, 25.650232, 25.558428, 25.558428, 26.013768, 25.72, 25.93, 25.558428, 25.558428, 25.558428, 25.558428, 25.558428, 25.558428, 25.558428, 25.558428, 25.558428, 25.558428, 
25.558428, 25.558428, 25.558428, 25.558428, 25.558428, 25.558428, 25.558428, 25.558428, 25.558428, 25.558428, 26.121114, 26.145724, 26.196911, 26.137693, 26.153728, 26.165212, 26.145724, 26.191111, 26.185461, 26.144263, 26.13883, 26.094665, 26.148613, 26.067966, 26.094385, 26.101114, 26.113664, 26.11842, 26.183628, 26.162462, 26.211122, 26.150863, 26.156854, 26.110631, 26.112924, 26.112366, 26.120134, 26.062016, 26.145724, 26.05479, 26.056111, 26.049367, 26.182161, 26.089215, 26.14, 26.129013, 26.145724, 
26.145724, 26.145724, 26.165424, 26.145724, 26.145724, 26.145724, 26.179495, 26.094025, 26.145724, 26.145724, 28.017179, 26.120714, 26.121364, 26.711192, 26.645895, 26.802139, 26.782114, 26.669744, 26.659294, 26.750991, 26.840684, 26.709575, 26.839588, 26.719596, 26.795367, 26.668944, 26.65671, 26.659344, 26.665394, 26.715596, 26.877984, 26.645895, 26.645895, 26.645895, 26.645895, 26.645895, 26.645895, 26.529581, 26.375954, 26.348354, 26.645895, 26.685125, 26.381304, 26.347305, 26.347711, 26.382408, 
26.524549, 26.530144, 26.522249, 26.900359, 26.645895, 26.714088, 26.309657, 26.309757, 26.145724, 26.460951, 26.459571, 26.452473, 26.645895, 26.645895, 26.58, 26.590609, 26.645895, 27.076516, 26.928035, 26.645895, 26.619695, 26.621145, 26.579714, 26.609226, 26.645895, 26.628272, 26.645895, 26.601937, 26.645895, 26.968795, 26.751094, 26.844989, 26.53, 26.49, 26.645895, 27.110182, 26.817786, 26.924709, 26.925835, 26.715067, 26.645895, 26.645895, 26.465051, 26.458152, 26.344955, 26.409953, 26.645895, 
26.663097, 26.404353, 26.645895, 26.391346, 26.645895, 27.929731, 27.764761, 27.94, 28.119579, 27.953801, 27.911201, 28.663132, 28.654412, 26.092115, 28.805331, 28.433019, 28.182209, 28.346914, 28.310134, 27.98706, 28.801617, 27.906823, 27.837894, 28.324796, 28.835261, 28.21305, 28.235313, 28.234624, 28.238489, 28.187356, 28.26658, 28.28, 27.788498, 27.871964, 28.142694, 27.871964, 28.143377, 28.157704, 28.156536, 28.016971, 28.029627, 28.065552, 28.013755, 27.982949, 27.871964, 27.847802, 27.703801, 
27.720111, 27.771988, 27.713353, 28.334752, 27.72, 28.331979, 28.331186, 27.79, 27.871964, 27.987925, 28.754347, 27.871964, 27.871964, 28.077843, 28.324796, 27.911226, 27.871964, 27.88, 28.568393, 27.693924, 26.871443, 27.996097, 27.956149, 27.984198, 28.016846, 27.963849, 27.936799, 27.963798, 27.84343, 27.943549, 27.993498, 27.891151, 28.048595, 28.077994, 28.006247, 28.005446, 27.869251, 28.039096, 28.071502, 27.94605, 28.062961, 27.855078, 27.871964, 27.871964, 28.07506, 28.069755, 28.052799, 
27.92085, 27.871964, 27.871964, 27.871964, 28.005497, 28.031088, 28.038324, 28.130402, 27.95, 28.127973, 27.871964, 27.871964, 27.871964, 27.894362, 27.871964, 27.871964, 27.871964, 27.871964, 27.871964, 27.871964, 27.871964, 27.871964, 27.871964, 27.871964, 27.871964, 27.871964, 27.871964, 27.871964, 27.871964, 27.871964, 27.871964, 27.871964, 27.871964, 27.871964, 27.871964, 27.871964, 27.871964, 27.770955, 27.843052, 27.816977, 27.796454, 27.741306, 27.741505, 27.756505, 27.811626, 27.815953, 
27.788637, 27.750655, 27.745355, 27.787904, 27.817323, 27.68301, 27.874324, 27.891809, 27.881909, 27.891809, 27.891809, 27.891809, 27.925755, 27.891809, 27.891809, 27.891809, 27.891809, 27.891809, 27.891809, 27.891809, 27.891809, 27.891809, 27.891809, 27.979114, 27.944631, 27.891809, 27.891809, 27.980297, 27.90802, 28.032827, 27.883118, 28.001394, 27.932797, 27.971362, 27.891809, 27.982722, 27.891809, 27.916149, 27.906088, 27.843349, 27.883188, 27.885283, 27.891809, 27.853151, 27.851052, 27.885344, 
27.839698, 27.891809, 27.839802, 27.861925, 27.891809, 27.887923, 27.924748, 28.041198, 28.020992, 28.015032, 28.002553, 28.071564, 28.002553, 28.002553, 28.128494, 28.106787, 27.978316, 27.97, 27.965469, 28.042948, 28.002553, 28.068865, 27.60047, 27.339483, 27.826864, 27.894991, 27.955426, 27.613064, 27.710056, 28.167211, 28.223014, 28.021066, 27.98038, 28.084383, 27.7437, 27.757986, 28.101527, 28.002553, 27.964651, 27.815882, 28.26074, 28.24625, 28.092512, 28.044641, 27.293327, 27.894622, 28.002553, 
27.798022, 27.855686, 27.397067, 28.050121, 27.885359, 27.884256, 27.244668, 28.002553, 27.432764, 27.768567, 28.180035, 27.483817, 27.485803, 27.475288, 27.541676, 27.430819, 27.436826, 27.982891, 27.997276, 28.051985, 28.029402, 28.002553, 27.997387, 28.002553, 28.023115, 27.485551, 28.252198, 28.310679, 27.918187, 26.62, 26.62365, 26.623908, 26.698526, 26.582185, 26.680407, 26.552895, 26.566053, 26.502677, 26.687462, 26.552895, 26.596286, 26.501582, 26.542097, 26.579862, 26.659942, 26.6435, 26.711647, 
26.71613, 26.555958, 26.711362, 26.759514, 26.6636, 26.519415, 26.901981, 26.425671, 26.43, 26.581172, 26.446463, 26.552895, 26.760476, 26.588982, 26.901981, 26.95925, 26.59951, 26.849473, 26.894448, 26.984486, 26.993904, 26.914393, 26.970756, 26.993876, 27.012758, 27.02442, 26.837879, 26.536435, 26.439608, 27.052583, 26.629875, 26.552895, 26.57, 26.47, 26.564718, 26.60599, 26.634332, 26.59, 26.56, 26.742327, 26.6, 26.983094, 26.922089, 26.958821, 26.999486, 26.63075, 26.634338, 26.681122, 26.552895, 
NA, NA, NA, NA, NA, NA, NA, NA, NA, NA, NA, NA, NA, NA, NA, NA, NA, NA, NA, NA, NA, NA, NA, NA, NA, NA, NA, NA, NA, NA, NA, NA, NA, NA, NA, NA, NA, NA, NA, NA, NA, NA, NA, 25.855534, 26.142938, 26.191117, 26.15091, 26.187767, 26.14326, 26.14326, 26.252711, 26.240637, 26.28828, 26.121546, 26.067538, 26.020283, 26.183424, 26.1785, 26.256551, 26.275676, 26.552895, 26.348608, 26.348523, 26.552895, 26.03569, 25.813786, 25.856771, 26.14326, 25.7265, 26.398248, 26.464183, 25.940112, 26.14326, 25.925446, 
25.81528, 27.400627, 27.434755, 27.448369, 27.427213, 27.485617, 27.427213, 27.438719, 27.486448, 27.488866, 27.455543, 27.437698, 27.48, 27.469113, 27.530644, 27.499982, 27.499515, 27.574128, 27.427213, 27.549314, 27.532098, 26.974858, 26.925265, 27.396931, 27.187829, 27.335023, 27.267649, 27.321313, 27.285142, 27.365622, 27.365549, 27.333014, 27.336973, 27.240571, 27.310924, 27.33458, 27.272873, 27.275225, 27.407657, 27.575972, 27.396045, 27.427213, 27.427213, 27.186146, 27.201006, 27.186146, 27.158612, 
27.21, 27.405429, 27.146963, 27.144031, 27.136731, 27.167521, 27.167521, 27.331628, 27.427213, 27.427213, 27.427213, 27.167521, 27.091783, 27.072445, 27.051075, 27.048707, 27.08464, 27.04, 27.17, 27.098474, 27.055013, 27.085985, 26.89679, 29.054976, 29.240728, 28.867027, 28.916441, 28.94159, 28.95138, 28.872108, 29.240728, 29.131665, 29.060092, 28.997155, 28.99409, 28.751024, 28.932925, 28.948753, 28.746912, 28.804911, 28.797979, 29.07664, 28.829773, 28.803207, 28.793722, 28.865761, 28.859286, 28.848776, 
28.859286, 28.932403, 29.198704, 29.171187, 29.120287, 29.003195, 29.166186, 29.212886, 29.08091, 29.240728, 29.187178, 29.23543, 29.12295, 29.124611, 29.232873, 29.240728, 28.921705, 28.859286, 29.198564, 29.215153, 28.991135, 28.99796, 29.031155, 27.287855, 28.566183, 28.51589, 28.564167, 28.478994, 28.505896, 28.470236, 28.516609, 28.484316, 28.475662, 28.397791, 28.564167, 28.555346, 28.632101, 28.65503, 28.24, 28.27, 28.233671, 28.237582, 28.248558, 28.295714, 28.209833, 28.324796, 28.067043, 
28.643141, 28.372441, 28.30073, 28.348507, 28.324796, 28.324796, 28.042799, 28.061727, 28.429478, 28.324796, 28.088443, 27.891809, 28.076744, 28.081325, 28.099485, 27.891809, 28.149691, 28.190181, 28.19006, 28.19, 28.005639, 27.891809, 28.025395, 28.718224, 28.708139, 28.545742, 28.811078, 28.811078, 28.53, 28.63, 28.811078, 28.859765, 28.543429, 28.571677, 28.711167, 27.938975, 28.545385, 28.301788, 27.995287, 28.325715, 28.308979, 27.995287, 28.287883, 28.326187, 28.797245, 28.811078, 28.583191, 
28.578234, 28.597126, 28.178192, 28.094144, 28.555328, 28.574628, 28.735088, 28.24934, 27.995287, 28.271939, 28.198441, 28.160376, 28.541579, 28.566338, 28.852564, 28.495982, 28.536794, 28.857425, 28.811078, 28.744182, 28.566148, 28.368679, 28.126307, 28.505419, 27.227002, 27.431607, 27.485272, 27.448688, 27.382196, 27.472857, 27.448016, 27.53831, 27.291694, 27.246754, 27.382196, 27.049788, 27.248445, 27.242402, 27.39171, 27.297631, 27.1944, 27.382196, 27.410069, 27.393097, 27.312471, 27.273272, 
27.382196, 27.341158, 27.273586, 27.386818, 27.163485, 27.110182, 27.110182, 27.195291, 27.17537, 27.195927, 27.136003, 33.606379, 33.592585, 33.451714, 33.232422, 32.903432, 32.990191, 33.922162, 33.35596, 33.544622, 34.323715, 34.29254, 33.405559, 33.544622, 33.346817, 33.443039, 32.859262, 34.111425, 33.256886, 33.952939, 32.915182, 33.041166, 33.63815, 33.804411, 33.635848, 33.107572, 33.64672, 32.963486, 33.317093, 33.268471, 32.834501, 32.894351, 33.544622, 33.963435, 33.158454, 33.201789, 
33.593115, 34.041061, 33.506012, 34.167893, 34.196448, 34.139198, 34.223732, 33.559455, 33.462541, 33.731278, 33.805216, 33.476908, 33.611297, 34.011027, 33.67933, 33.089342, 33.640865, 33.22584, 34.043589, 33.337092, 33.922179, 33.280625, 33.116909, 34.198738, 32.96512, 34.303718, 32.941708, 33.77109, 33.530698, 33.605233, 33.896526, 34.120006, 33.279946, 33.681899, 33.225377, 33.114972, 33.74137, 33.665823, 33.529224, 33.640823, 33.668341, 33.944897, 33.544622, 33.317471, 33.606663, 33.728568, 
33.487675, 33.561597, 33.640629, 33.721107, 33.827521, 33.614465, 32.8697, 33.206302, 33.712204, 33.406869, 33.080971, 33.28241, 33.781133, 33.397441, 33.753474, 33.252906, 33.185782, 33.137515, 33.415449, 33.420206, 32.907616, 33.823416, 33.623485, 34.426844, 33.4776, 33.414831, 34.256106, 33.82343, 33.544622, 33.706786, 33.016558, 33.118259, 33.335629, 33.241272, 33.08104, 33.195743, 33.456412, 33.544622, 33.519055, 33.519855, 33.497055, 33.568573, 33.560652, 33.494545, 33.468306, 33.546051, 33.479306, 
33.542004, 33.507637, 33.558772, 33.636102, 33.420558, 33.590003, 33.506456, 33.544622, 33.544622, 33.450267, 33.524254, 33.488355, 33.517706, 33.544622, 33.406409, 33.454262, 33.462856, 33.544622, 33.544622, 33.544622, 33.509623, 33.538504, 33.609779, 33.544622, 33.544622, 33.544622, 33.425892, 33.409582, 33.437667, 33.356981, 33.544622, 33.544622, 33.544622, 33.544622, 33.544622, 33.544622, 33.544622, 33.544622, 33.544622, 33.522505, 33.372861, 33.544622, 33.544622, 33.544622, 33.544622, 33.544622, 
33.544622, 33.544622, 33.544622, 33.544622, 33.544622, 33.445808, 33.544622, 33.544622, 33.544622, 33.544622, 33.544622, 33.544622, 33.544622, 33.544622, 33.544622, 33.544622, 33.544622, 33.706068, 33.193818, 33.306606, 33.205073, 33.217168, 33.149246, 33.271585, 33.306606, 33.311014, 32.871514, 33.095505, 32.772835, 33.276411, 33.207547, 33.254197, 32.835692, 33.135876, 33.249332, 33.170357, 33.068806, 33.301003, 33.274081, 32.80728, 32.716468, 33.421827, 32.931143, 33.081289, 32.811241, 33.299935, 
33.306606, 33.012557, 32.558949, 33.402134, 33.260567, 32.962981, 33.388654, 33.227736, 32.915891, 33.306606, 33.102981, 33.399471, 33.306606, 33.306606, 33.272662, 33.307222, 33.197284, 32.835692, 33.828412, 33.901993, 33.907546, 33.883566, 34.223057, 34.059527, 33.703682, 34.247898, 33.939291, 33.641227, 33.628719, 34.043457, 33.87798, 33.754767, 34.145939, 34.061266, 34.146713, 33.903299, 33.681768, 33.909001, 33.679503, 33.972007, 34.262751, 34.225425, 34.149717, 34.341907, 34.16678, 33.92169, 
33.586897, 34.049426, 33.581135, 34.093409, 33.97173, 33.673236, 33.701484, 34.343017, 34.448328, 33.823683, 34.428048, 33.864591, 33.807412, 33.752857, 34.369264, 33.925454, 34.595332, 34.606216, 34.539072, 34.495365, 34.944113, 34.784028, 34.774907, 34.808165, 34.860179, 34.774907, 34.748498, 34.869964, 34.665033, 34.404908, 34.930354, 34.334972, 34.340484, 34.817537, 34.869964, 34.869964, 34.898897, 34.888897, 34.442184, 34.648768, 34.904208, 34.660322, 34.967939, 34.966009, 34.625704, 34.496476, 
34.476048, 34.843309, 34.519453, 34.516472, 34.536839, 34.759738, 34.759947, 34.757152, 34.481885, 34.67373, 34.64248, 34.581591, 34.70017, 34.950648, 34.495365, 33.64672, 33.08696, 34.972309, 34.943871, 34.720813, 34.813577, 34.610055, 34.929269, 34.830058, 34.500216, 34.710942, 34.815817, 34.948321, 34.815033, 34.745259, 34.520438, 34.501178, 34.630103, 34.776638, 34.715065, 34.863236, 34.541285, 34.902137, 34.733964, 34.624533, 34.694662, 34.695645, 34.842944, 34.733964, 34.712327, 34.606124, 
34.546397, 34.877531, 34.90267, 34.752369, 34.550375, 34.664895, 34.72879, 34.666041, 34.603017, 34.728366, 34.711291, 34.748066, 34.733964, 34.623075, 34.733964, 34.77624, 34.78108, 34.733964, 34.733964, 34.733964, 34.733964, 34.73969, 34.654126, 34.733964, 34.733964, 34.733964, 34.733964, 34.733964, 34.733964, 34.733898, 34.016747, 33.984062, 33.996698, 34.032097, 33.942031, 33.943964, 33.906415, 34.261878, 34.313014, 34.057496, 33.825516, 34.043263, 34.155318, 34.203621, 34.921827, 34.237989, 
34.141067, 34.279268, 34.297717, 34.359766, 34.34962, 34.788306, 34.429472, 34.460537, 34.452575, 34.457657, 33.987653, 34.333048, 34.361787, 34.431683, 34.350835, 34.637589, 34.831242, 34.179277, 34.717362, 34.189256, 34.557735, 34.500878, 33.9117, 34.56838, 34.5852, 34.066644, 32.439967, 31.859531, 32.65279, 32.501649, 31.579451, 31.678393, 32.295289, 31.642713, 31.843675, 31.692576, 32.496067, 32.612619, 32.800155, 32.697561, 32.538878, 32.776549, 31.876168, 31.474803, 32.214818, 31.847964, 32.251957, 
31.984289, 31.655458, 31.637696, 31.756986, 31.985456, 31.8007, 31.260882, 32.28032, 32.182677, 31.913456, 31.860078, 32.22381, 32.587631, 32.025367, 32.070433, 31.776734, 31.737407, 32.682598, 32.171705, 32.011153, 32.492335, 32.233377, 32.092808, 31.74589, 32.318234, 32.042813, 32.459435, 32.488113, 32.507893, 32.07955, 31.708837, 31.826055, 32.399994, 32.553036, 31.780847, 32.691057, 31.852825, 31.816474, 32.427987, 32.40926, 32.419862, 32.145437, 32.759543, 32.592889, 32.505741, 32.356988, 32.233377, 
32.346158, 32.377509, 32.30234, 32.354888, 32.378138, 32.353188, 32.386088, 32.426372, 32.338989, 32.374287, 32.359588, 32.403987, 32.404754, 32.31324, 32.373714, 32.233377, 32.233377, 32.233377, 32.233377, 32.233377, 32.233377, 32.233377, 32.233377, 32.233377, 32.233377, 32.233377, 32.233377, 32.233377, 32.233377, 32.233377, 32.233377, 32.233377, 32.233377, 33.658803, 33.762195, 33.591301, 33.762195, 33.711314, 33.719701, 33.651673, 33.65, 33.766057, 33.243964, 33.762195, 33.657349, 33.185338, 33.032076, 
33.762195, 33.473789, 33.593189, 33.706595, 33.761052, 33.469709, 33.613541, 33.824496, 33.328958, 33.200704, 33.51179, 33.740158, 33.423088, 33.79933, 33.948018, 33.535491, 33.159848, 33.977829, 33.142612, 33.754308, 33.338853, 33.862349, 33.366136, 31.180076, 31.156018, 31.249042, 31.156018, 31.214832, 31.599256, 31.589226, 31.178688, 31.174249, 31.013308, 31.172641, 31.645125, 31.16782, 31.312599, 31.051843, 31.202473, 31.284499, 31.428389, 31.32579, 31.297817, 31.043454, 31.087556, 31.096994, 
31.381263, 31.567171, 31.121244, 31.319083, 31.406536, 31.262955, 31.453069, 31.447119, 31.407872, 31.352676, 31.141962, 31.31201, 31.52151, 31.569287, 31.096836, 31.243717, 32.890759, 31.138076, 31.461019, 31.279043, 31.37, 31.045685, 31.737883, 31.129008, 31.091784, 31.466945, 31.529531, 31.291038, 31.874887, 31.756797, 31.429472, 31.023139, 31.042071, 31.63857, 31.429994, 31.786539, 31.529531, 31.704736, 31.203287, 31.466945, 31.011435, 31.54668, 31.361214, 31.514659, 31.509039, 31.522093, 31.529531, 
31.280048, 31.514262, 31.612646, 31.306814, 31.416059, 31.410205, 31.356774, 31.091359, 31.320897, 31.821448, 31.614138, 31.03183, 31.463968, 31.090528, 31.128242, 31.015817, 30.930065, 30.875697, 30.253557, 30.401384, 30.312316, 30.658865, 31.161966, 31.375467, 31.463383, 30.965694, 31.0753, 30.383724, 31.790834, 30.886317, 30.620594, 30.684873, 30.250825, 31.309194, 30.377657, 30.620944, 30.512458, 30.484131, 30.396876, 30.42216, 31.646087, 31.375241, 31.453836, 30.487783, 30.262276, 31.216132, 
30.479171, 31.508231, 30.265325, 31.495691, 30.393983, 31.242801, 30.6316, 31.234589, 30.427641, 31.213801, 31.629578, 30.564701, 31.088463, 30.291503, 31.021335, 30.471767, 30.5822, 30.49434, 31.529488, 31.613745, 30.831636, 30.857435, 30.511685, 30.76635, 30.540664, 30.668757, 30.744745, 31.126122, 30.485351, 31.373999, 30.533744, 31.35209, 31.202048, 31.38122, 31.58842, 30.828988, 30.487953, 30.701142, 30.693389, 30.688457, 30.68164, 30.641191, 30.674057, 30.699539, 30.69044, 30.662735, 30.737405, 
30.764938, 30.753155, 30.795637, 30.601892, 30.64109, 30.671048, 30.717539, 30.728488, 30.586808, 30.658865, 30.658865, 30.658865, 30.658865, 30.658865, 30.658865, 30.658865, 30.658865, 30.658865, 30.658865, 30.658865, 30.658865, 30.658865, 30.658865, 30.81901, 30.658865, 30.658865, 30.658865, 30.658865, 30.696589, 30.658865, 30.658865, 30.658865, 30.630441, 30.646415, 32.429066, 32.419259, 32.419846, 32.170653, 32.048079, 32.079894, 32.08846, 32.008444, 31.910694, 32.147166, 32.495484, 32.069338, 
32.41786, 32.629096, 32.006129, 32.454007, 32.703529, 32.414036, 32.297441, 32.54896, 32.789726, 31.833493, 32.322266, 32.048079, 32.140637, 32.700467, 32.665966, 32.639376, 32.420138, 32.080532, 31.940191, 32.249718, 32.268329, 32.594818, 31.947005, 32.29165, 31.901412, 31.990494, 32.291429, 32.213369, 32.739091, 32.01998, 32.701812, 32.114999, 32.263473, 31.936003, 32.282192, 32.440868, 32.731866, 32.917983, 32.838805, 32.660497, 32.578185, 32.522567, 32.556296, 32.577135, 32.578185, 32.589553, 
32.602434, 32.799998, 32.286092, 32.745844, 32.787441, 32.777662, 33.046756, 32.282085, 32.297792, 32.229846, 32.237339, 32.862333, 32.903922, 32.871306, 32.578185, 32.551474, 32.492304, 32.464614, 32.433065, 32.484671, 32.16827, 32.578185, 32.587751, 32.315128, 32.454371, 32.545138, 32.733511, 32.451618, 32.097363, 32.004227, 32.403275, 31.891177, 32.220752, 32.227905, 32.004227, 31.970871, 32.209381, 31.779344, 31.96958, 32.304709, 32.487726, 36.569635, 36.170556, 36.076635, 36.055115, 35.856372, 
36.299293, 35.951494, 35.642797, 35.390308, 35.616935, 36.501049, 36.574224, 35.874553, 35.943598, 35.699599, 36.007373, 36.633539, 36.047742, 36.264959, 36.377228, 36.522355, 35.76714, 35.639491, 36.388731, 36.225389, 35.702877, 36.528448, 36.477428, 36.58068, 36.506407, 36.531398, 35.7557, 35.330683, 36.491753, 36.548569, 36.373626, 36.310027, 36.371609, 36.065779, 36.146949, 36.389736, 36.477136, 35.993983, 35.73843, 36.301089, 35.976983, 35.859565, 35.893823, 35.895085, 36.388997, 35.921811, 
35.874553, 35.97706, 36.186605, 36.156231, 36.35465, 36.427758, 36.407653, 36.311047, 36.180507, 36.304701, 35.924976, 36.48677, 36.329551, 36.084917, 36.537994, 35.950979, 36.01333, 36.240331, 36.156231, 35.859565, 36.147433, 35.461359, 36.000953, 35.61432, 35.769743, 35.882639, 36.069712, 35.687286, 35.678368, 36.264069, 36.186605, 35.929221, 36.631981, 36.156231, 36.195016, 35.791021, 35.813319, 35.896645, 35.860152, 35.859565, 35.859565, 35.859565, 36.022057, 35.940383, 36.156231, 35.88662, 36.243698, 
35.863362, 36.60983, 36.421075, 36.121471, 35.301331, 36.377253, 36.393153, 35.679617, 36.576137, 35.800108, 36.543183, 36.335403, 36.396821, 35.751016, 36.477428, 35.47066, 35.471531, 35.510825, 36.283543, 35.922583, 35.968513, 36.354736, 36.513979, 35.73062, 36.316042, 36.323799, 35.79867, 35.621614, 36.237999, 35.508541, 36.096166, 36.085376, 36.579247, 36.117433, 36.467624, 36.27062, 35.813335, 36.503792, 36.164556, 36.340304, 36.152607, 36.112058, 36.113558, 36.180806, 36.215535, 36.174806, 
36.151324, 36.140857, 36.079259, 36.133251, 36.167179, 36.166956, 36.098408, 36.213004, 36.103408, 36.206755, 36.166806, 36.069659, 36.065032, 36.056164, 36.186605, 36.186605, 36.190205, 36.186605, 36.186605, 36.186605, 36.186605, 36.186605, 36.186605, 36.186605, 36.186605, 36.186605, 36.186605, 36.186605, 36.186605, 36.167606, 36.186605, 36.186605, 36.158606, 36.186605, 36.186605, 36.186605, 36.186605, 35.429018, 35.017404, 35.441378, 35.345216, 35.467486, 35.106467, 35.172376, 35.357001, 35.302952, 
35.275808, 35.146362, 35.219532, 35.361678, 35.246689, 35.047891, 34.995039, 35.008596, 35.168862, 35.17272, 35.495894, 35.503723, 35.114482, 35.234156, 35.245578, 35.030319, 35.399109, 35.018508, 35.41142, 35.280936, 35.325991, 35.585467, 35.14864, 35.136177, 35.063253, 35.308786, 35.78168, 35.443503, 35.373152, 35.013853, 35.19154, 35.39156, 35.167987, 35.052678, 35.065007, 35.1149, 35.497637, 34.998375, 35.104789, 35.276795, 35.114036, 35.506259, 35.500068, 35.238756, 35.596484, 35.203361, 35.433962, 
35.108559, 35.043475, 35.087881, 35.17272, 35.375156, 35.304582, 35.635097, 35.191719, 35.363968, 35.441376, 35.175522, 35.391643, 35.19174, 35.193891, 35.060787, 35.159778, 35.678368, 35.269694, 35.045886, 35.68801, 35.497637, 35.180503, 35.221092, 35.345237, 35.275367, 35.357522, 35.497637, 35.098017, 35.538116, 35.61722, 34.994156, 35.20297, 35.192829, 35.017818, 35.046324, 35.046173, 35.030474, 35.081323, 35.065723, 35.000825, 35.030907, 35.001842, 35.002342, 35.023824, 34.996674, 35.221092, 
35.116285, 35.089805, 35.031674, 35.028574, 35.221092, 35.221092, 35.221092, 35.221092, 35.169255, 35.15, 36.331006, 36.271729, 36.312633, 36.315795, 36.302479, 36.405338, 36.218863, 36.534729, 36.469605, 36.561341, 36.504158, 36.504158, 36.335618, 36.21503, 36.534489, 36.355251, 36.436637, 36.560966, 36.128301, 36.4017, 36.011662, 36.269157, 36.293805, 36.547133, 36.530517, 36.468953, 36.522968, 36.583233, 36.504158, 36.580229, 36.246547, 36.296007, 36.451041, 36.309201, 36.430799, 36.192236, 36.529827, 
36.254547, 36.367169, 36.20493, 36.376371, 36.504158, 35.784708, 36.217896, 36.566257, 36.320262, 36.161001, 36.15231, 36.274715, 36.081083, 36.290972, 36.567165, 36.099283, 36.110028, 36.029022, 36.141925, 35.820011, 35.933213, 36.566416, 35.996454, 36.186086, 35.900308, 36.510252, 36.553851, 36.531811, 36.327029, 36.351914, 35.760657, 35.733627, 35.66806, 36.102325, 36.182289, 36.229928, 35.930801, 36.581713, 35.822918, 36.138832, 36.434757, 36.351978, 36.326509, 36.109404, 36.578257, 35.839274, 
35.97555, 36.572764, 36.388766, 36.221786, 36.133166, 35.815524, 35.800329, 36.466398, 35.725969, 35.835374, 36.213293, 36.20423, 35.709071, 35.728283, 35.693358, 35.781607, 36.086398, 36.251265, 36.162502, 36.188878, 36.352009, 36.186008, 36.225565, 36.213293, 36.213293, 36.190417, 36.547121, 36.089568, 35.963276, 35.947688, 36.449963, 36.417235, 35.548316, 36.190257, 35.98291, 35.992691, 36.105971, 35.199411, 36.045663, 36.49787, 35.87543, 36.013728, 36.09122, 35.679462, 36.432891, 36.24404, 36.044507, 
36.557884, 36.335832, 35.834126, 35.861763, 36.413437, 36.248645, 36.243526, 35.818653, 35.792313, 35.854211, 35.853932, 36.355257, 36.580283, 35.880902, 36.521297, 36.45491, 36.04051, 36.262842, 36.51276, 35.598659, 35.860157, 36.154381, 35.63373, 36.465808, 35.684788, 36.407028, 35.680116, 35.543355, 35.734481, 36.091018, 36.310299, 36.094622, 36.277627, 36.563797, 36.383425, 36.032334, 35.964032, 35.947846, 36.008048, 35.906808, 35.988528, 35.97125, 35.955732, 35.991982, 36.046598, 35.922881, 
35.923517, 35.973731, 35.875925, 35.928997, 36.029987, 35.990142, 35.990142, 35.922421, 35.9029, 35.976063, 35.919695, 35.990142, 35.87, 35.187308, 36.113552, 35.990142, 35.990142, 35.990142, 35.972146, 35.990142, 35.990142, 35.990142, 35.990142, 35.935134, 35.990142, 35.796157, 35.272386, 35.422035, 35.696656, 36.158668, 35.25543, 35.288624, 35.474694, 35.590558, 35.201738, 35.551277, 35.177475, 35.057224, 35.157681, 35.560622, 35.875396, 35.489296, 36.038042, 36.046851, 35.132219, 35.201738, 35.203968, 
35.201738, 35.980206, 35.908286, 35.320487, 35.82036, 35.057728, 35.879497, 35.629555, 35.149952, 35.199265, 35.211663, 35.290428, 35.049339, 36.063947, 35.15066, 35.391363, 35.815535, 35.074302, 35.347965, 35.334132, 35.201738, 36.046851, 35.055545, 35.451159, 36.114872, 35.214462, 35.067152, 35.637993, 35.076213, 35.090194, 35.275036, 35.459089, 35.942019, 35.414319, 35.839785, 35.213371, 35.35001, 35.152913, 36.344296, 36.513386, 36.224429, 35.201738, 35.201738, 35.050667, 35.146131, 35.133825, 
35.15275, 35.103019, 35.167515, 35.174165, 35.050286, 35.201738, 35.10935, 35.148605, 35.12738, 35.101525, 35.057311, 35.03319, 35.112929, 35.048455, 35.082936, 35.124818, 35.155589, 35.201738, 35.035466, 35.126469, 35.223796, 35.219882, 35.201738, 35.063236, 35.073545, 35.208709, 35.193046, 35.232085, 35.201738, 35.201738, 35.088885, 35.087468, 35.201738, 35.016803, 35.201738, 35.201738, 35.201738, 35.201738, 35.201738, 35.201738, 35.201738, 35.201738, 35.201738, 35.114416, 35.201738, 34.259164, 
35.201738, 35.201738, 35.201738, 35.201738, 35.201738, 35.201738, 35.201738, 35.201738, 35.201738, 35.201738, 35.201738, 35.201738, 35.201738, 35.201738, 35.201738, 35.201738, 35.201738, 35.201738, 35.201738, 35.201738, 35.201738, 35.201738, 36.133065, 35.98269, 36.254423, 36.458738, 36.310995, 36.395616, 36.305305, 36.488409, 36.26, 36.223573, 36.154281, 36.210847, 36.339084, 36.201487, 35.992987, 36.167573, 36.353928, 36.282357, 36.253678, 36.427351, 36.300311, 36.444446, 36.307957, 36.379051, 
36.236377, 36.330953, 36.483302, 36.016599, 36.198652, 36.358158, 36.426933, 36.458295, 36.354384, 35.60758, 35.612405, 35.612405, 35.693101, 35.612405, 35.241412, 35.436584, 35.601914, 35.612405, 35.260888, 36.067294, 36.038551, 35.960377, 36.050286, 35.844195, 35.867454, 35.041335, 35.225753, 35.667861, 35.546839, 36.073575, 35.969336, 35.411713, 36.114049, 35.357639, 35.748414, 35.794403, 35.870849, 35.047877, 35.414454, 35.866499, 36.075068, 35.825299, 35.995802, 35.576402, 36.030588, 35.462376, 
35.867764, 35.148316, 35.658409, 35.52953, 35.795399, 35.431381, 35.051008, 35.916722, 35.37046, 35.311586, 35.73006, 35.66088, 35.038284, 35.4832, 35.062793, 35.502859, 36.12836, 35.381331, 35.432389, 35.180947, 35.522263, 35.165045, 35.130384, 35.35604, 35.764637, 35.159237, 35.77928, 35.35452, 35.973431, 35.544159, 35.878702, 35.782093, 36.135364, 35.843868, 35.560669, 35.468337, 34.99687, 35.619784, 35.629413, 35.401188, 35.043961, 35.187869, 35.474034, 35.066147, 35.128317, 35.727189, 35.05392, 
35.336135, 35.025423, 35.188143, 35.08957, 35.606697, 35.535397, 35.069017, 35.259613, 35.135003, 35.071804, 35.083644, 35.376463, 35.026969, 35.52478, 35.270793, 35.839045, 35.040578, 35.204983, 35.03492, 35.77692, 35.43506, 35.343716, 35.164749, 35.734499, 35.045279, 36.1832, 36.141824, 36.141824, 36.392571, 36.141824, 36.177831, 34.196894, 36.003208, 36.525275, 36.323957, 36.400338, 36.127733, 36.228911, 36.141741, 36.163234, 36.572543, 35.773417, 36.547412, 36.214724, 36.209271, 36.26742, 35.929314, 
36.409385, 35.988457, 36.008521, 35.833271, 36.236398, 36.351803, 36.182334, 36.259907, 36.260904, 36.140473, 36.414282, 36.104271, 36.376289, 36.04347, 35.861811, 36.480151, 36.133983, 36.555932, 36.571669, 36.007405, 35.817417, 36.270655, 35.751554, 36.09651, 35.943026, 35.69653, 35.869657, 36.456113, 36.29017, 33.969302, 34.489297, 34.686272, 34.839417, 34.309659, 34.275423, 34.659973, 34.862416, 34.196126, 34.362729, 34.699588, 34.514853, 34.236973, 34.45965, 34.172051, 34.360101, 34.597573, 
34.48647, 34.425389, 34.291611, 34.879287, 34.22795, 34.365436, 34.811777, 34.628795, 34.74504, 34.762615, 34.959171, 34.695853, 34.31465, 34.904881, 34.926974, 34.179708, 34.449792, 34.237759, 34.261893, 34.975571, 34.962714, 34.536153, 34.893254, 34.489085, 34.954106, 34.345016, 34.181071, 34.643828, 34.878143, 34.739023, 34.818548, 34.578092, 34.418338, 34.607602, 34.18658, 34.417393, 34.96848, 34.943945, 34.279282, 34.884396, 34.358201, 34.687733, 34.366302, 34.870804, 34.961576, 34.937606, 34.549354, 
34.875277, 34.164116, 33.380388, 33.425792, 33.442801, 33.253401, 34.127564, 32.977692, 33.260748, 33.229713, 33.628285, 33.780092, 33.701986, 33.085379, 33.749149, 33.624024, 33.65327, 33.865068, 33.922146, 34.060111, 34.033462, 33.028345, 32.984306, 34.036412, 33.145438, 33.628715, 33.45139, 33.344368, 33.231628, 33.407212, 34.095627, 33.822471, 33.454082, 33.44504, 33.887043, 33.031698, 33.796844, 33.063312, 34.13452, 33.965488, 33.850803, 33.732774, 33.569415, 33.613093, 33.947701, 33.409614, 
33.555234, 33.272695, 33.887774, 33.269118, 34.23615, 34.234527, 34.187638, 34.272374, 34.171543, 33.988235, 34.511249, 33.869763, 34.306239, 34.513163, 34.413143, 34.653448, 34.835384, 34.928325, 34.920451, 34.552421, 33.856165, 34.344618, 34.265985, 33.885239, 34.851034, 34.428899, 33.924023, 34.443919, 34.04281, 33.904246, 34.803864, 33.906827, 34.325456, 34.481995, 34.280996, 34.082553, 34.530559, 33.976464, 34.179513, 34.236312, 34.134456, 34.774486, 34.360547, 34.122101, 34.359456, 34.065563, 
34.324644, 34.652269, 34.248527, 33.906827, 34.22634, 33.987089, 33.879148, 34.188301, 34.57971, 33.77132, 33.824113, 33.65497, 34.115816, 33.859554, 34.005229, 33.839389, 33.534708, 33.875369, 33.974998, 33.936248, 33.368238, 33.309896, 33.645396, 33.689476, 34.135098, 33.857538, 33.748508, 33.528734, 33.523355, 33.742886, 33.492412, 33.523907, 33.763479, 33.650681, 33.359299, 33.517885, 34.082634, 34.171462, 33.753716, 33.968398, 33.63788, 33.910734, 33.417028, 33.743871, 33.972212, 33.929206, 
33.304241, 33.787157, 33.973722, 33.90263, 34.015686, 34.087461, 34.148775, 33.934418, 33.481491, 33.165359, 32.832943, 32.639989, 32.39336, 32.237742, 32.269041, 32.01965, 32.791408, 32.618475, 32.39705, 32.667612, 32.785139, 32.804592, 32.347295, 32.486525, 32.311287, 31.985052, 32.350688, 33.075557, 31.985048, 33.102777, 32.295098, 33.127907, 31.707145, 32.560845, 32.311287, 32.125628, 32.379693, 31.928751, 31.869093, 32.940348, 32.492533, 31.739958, 31.946357, 31.841281, 31.983753, 32.470606, 
32.753234, 33.038079, 32.330717, 32.595179, 33.114291, 31.825143, 32.984428, 32.56195, 33.025946, 33.169445, 32.671826, 32.484979, 31.880229, 31.891839, 32.905763, 31.948527, 33.078256, 31.881155, 32.313881, 31.757725, 31.535545, 31.470602, 31.470602, 32.642448, 31.738817, 31.834496, 32.335063, 32.877746, 32.057964, 31.852006, 31.970308, 32.08065, 32.220895, 32.035356, 32.230592, 32.524981, 32.420814, 32.642448, 32.811181, 33.002813, 32.503522, 32.629834, 32.642448, 31.470602, 33.062845, 32.096124, 
31.816868, 33.136434, 32.119511, 32.753923, 32.762751, 32.398142, 32.105647, 33.317882, 32.641205, 32.806703, 32.292761, 32.348565, 32.348565, 32.386653, 32.601899, 31.470602, 31.714881, 33.194928, 32.234775, 32.855811, 32.292396, 32.313595, 32.308695, 32.284829, 32.311287, 32.365794, 32.311287, 32.280746, 32.325512, 32.325012, 32.370544, 32.234627, 32.356489, 32.311287, 32.334738, 32.297396, 32.230408, 32.252147, 32.311287, 32.311287, 32.311287, 32.311287, 32.311287, 32.300996, 32.311287, 32.311287, 
32.311287, 32.311287, 32.311287, 32.311287, 32.313127, 32.311287, 32.311287, 32.319905, 32.339004, 32.431958, 32.401233, 32.420847, 32.439945, 32.358891, 32.337389, 32.535472, 31.574589, 32.315069, 31.593682, 32.553716, 32.578591, 32.444821, 32.744445, 32.170432, 32.314553, 32.517145, 32.307815, 32.527955, 32.108768, 33.109635, 33.115598, 32.336743, 32.317298, 32.957794, 32.042598, 32.026165, 32.776368, 32.678923, 32.873605, 32.057969, 32.154808, 33.11415, 32.838485, 32.568112, 31.863493, 32.985613, 
31.415048, 32.134826, 32.420314, 32.588341, 31.931474, 31.688901, 31.285508, 31.325437, 31.356642, 31.172142, 31.172142, 31.172142, 31.490798, 31.969813, 31.176725, 31.059327, 30.641521, 31.49616, 31.651487, 31.255242, 31.436305, 31.588327, 31.86883, 31.701492, 31.727664, 31.682254, 31.719947, 31.162188, 30.873353, 31.035015, 31.072789, 30.666936, 31.496211, 32.013235, 31.176281, 31.215709, 30.563724, 31.487531, 31.358823, 30.52798, 30.810936, 31.605946, 31.165903, 31.355717, 31.788517, 31.054236, 
31.543388, 31.726898, 31.857399, 31.376358, 31.218509, 30.380597, 30.415795, 30.461786, 30.415795, 30.415795, 30.397044, 30.304327, 30.403156, 30.403156, 30.382544, 30.403156, 30.399148, 30.405831, 30.462388, 30.415795, 30.415795, 30.415795, 30.444267, 30.441072, 30.400599, 30.71325, 30.429334, 30.239124, 30.356147, 30.704034, 30.522009, 30.410999, 30.403286, 30.566715, 30.441072, 30.362203, 30.441072, 30.441072, 30.371623, 30.249994, 30.710795, 30.600244, 30.289646, 30.94336, 30.258204, 30.36298, 
30.441072, 31.574319, 31.533354, 31.612287, 31.441613, 31.463533, 31.078189, 31.059186, 31.296257, 31.186981, 31.206278, 31.363848, 31.231448, 31.148177, 31.509919, 31.225598, 31.17494, 31.117097, 31.461337, 31.544331, 31.458217, 31.028259, 31.245067, 31.487982, 31.40227, 31.590797, 31.328058, 31.643751, 31.292262, 31.131018, 31.668442, 31.120979, 33.492107, 33.463004, 33.484147, 33.69048, 33.581599, 33.51633, 33.833689, 33.230508, 33.371974, 33.415448, 33.648956, 33.243098, 33.752213, 33.67341, 
33.313523, 33.577688, 33.312695, 33.743856, 33.413657, 33.596326, 33.702318, 33.54549, 33.483814, 33.659271, 33.608062, 33.786542, 33.344664, 33.450215, 33.459924, 33.453349, 33.615277, 33.463558, 33.333797, 33.606148, 33.321345, 33.619058, 33.779165, 31.41, 30.74, 30.9, 30.7, 30.8, 31.33, 31.55, 30.94, 31.82, 30.97, 30.87, 30.72, 31.18, 30.89, 31.66, 31.15, 31.77, 31.28, 31.76, 31.04, 31.56, 31.61, 30.79, 31.85, 30.97, 31.14, 31.48, 31.55, 31.82, 31.3, 32.540084, 31.92, 31.71, 31.73, 30.9, 33.891251, 
31.706345, 30.409245, 38.279797, 37.81109, 38.597624, 38.452451, 37.923734, 37.477192, 38.366467, 38.53445, 37.905918, 37.928563, 38.335106, 38.22977, 38.370336, 37.9348, 38.147801, 38.182772, 38.309597, 38.411964, 38.329718, 38.407833, 38.40464, 37.565894, 38.434443, 37.652712, 37.742806, 38.25361, 38.702793, 38.026767, 38.045982, 37.756941, 37.660251, 38.435604, 37.656291, 37.585365, 37.7604, 38.495454, 38.308109, 38.386916, 38.433076, 38.350915, 37.533395, 37.773962, 37.590699, 37.579519, 38.211511, 
38.197268, 38.210818, 38.400619, 37.702418, 38.486325, 38.045406, 38.552133, 38.122088, 38.491982, 37.840066, 37.93388, 38.3386, 38.087303, 37.788538, 37.768921, 37.973094, 38.062515, 37.93462, 37.816771, 37.753533, 37.915077, 38.106135, 37.600179, 37.895491, 37.89, 38.07, 37.675627, 37.894075, 37.777083, 37.750101, 37.652706, 37.88108, 37.849334, 37.61966, 37.802295, 37.937825, 38.028543, 37.723474, 37.828459, 38.005963, 37.756775, 37.670928, 37.997938, 37.965908, 37.969766, 37.826822, 37.934279, 
37.997957, 37.647315, 37.998628, 38.188962, 38.252854, 38.248106, 38.23862, 38.22292, 38.254671, 38.257489, 38.218764, 38.19187, 38.23067, 38.24142, 38.26632, 38.186126, 38.160936, 38.19192, 38.188886, 38.21632, 38.193769, 38.141638, 38.214982, 38.188962, 38.26507, 38.258941, 38.188962, 38.188962, 38.137586, 38.085601, 38.188962, 38.188962, 38.188962, 38.305636, 38.279059, 38.237155, 38.270855, 38.188962, 38.188962, 38.188962, 38.188962, 38.188962, 38.188962, 38.188962, 38.141719, 38.188962, 38.188962, 
38.188962, 38.188962, 38.188962, 38.188962, 38.096056, 38.246721, 38.188962, 38.188962, 38.188962, 38.188962, 38.188962, 38.188962, 38.188962, 38.147232, 38.188962, 38.188962, 38.188962, 38.188962, 38.188962, 38.188962, 38.188962, 38.190568, 37.754255, 38.320944, 37.846536, 38.156248, 37.933123, 38.176471, 38.140258, 37.968496, 37.937105, 38.221179, 37.561722, 38.206706, 37.773923, 38.016706, 37.694764, 37.9615, 37.942941, 37.866238, 38.012479, 37.979941, 38.153759, 38.302495, 38.304494, 38.19056, 
38.061248, 38.606023, 37.883886, 38.146395, 38.057744, 38.467809, 38.152302, 38.212471, 38.219407, 38.522034, 38.086673, 38.399525, 38.087867, 37.911825, 38.201485, 37.78422, 38.29617, 37.838747, 38.042639, 38.021292, 37.724497, 38.021292, 37.929101, 37.85743, 37.98223, 37.968496, 37.29409, 37.575568, 37.716443, 37.716443, 37.374681, 37.651397, 37.455879, 37.416008, 37.644426, 37.624659, 37.395468, 37.431549, 37.583748, 37.351449, 37.667083, 37.302783, 37.651397, 37.457017, 37.460003, 37.603345, 
37.36766, 37.406069, 37.59483, 37.55081, 37.416008, 37.65487, 37.40382, 37.703394, 37.345751, 37.745999, 37.716443, 37.43424, 37.520836, 37.369321, 37.471602, 37.351221, 37.345751, 37.709721, 38.037847, 38.017219, 38.007898, 38.039322, 38.058477, 38.028712, 38.047408, 38.051727, 38.005199, 38.064087, 38.105283, 38.028269, 38.010247, 37.984907, 37.952113, 38.071981, 37.985128, 38.028269, 38.028269, 38.028269, 38.028269, 38.028269, 38.032075, 38.028269, 38.028269, 38.028269, 38.028269, 38.028269, 38.028269, 
38.028269, 38.028269, 38.028269, 38.028269, 38.028269, 38.028269, 38.028269, 38.028269, 38.028269, 38.028269, 38.028269, 38.028269, 38.028269, 38.028269, 38.028269, 38.028269, 38.028269, 38.028269, 38.028269, 38.028269, 38.028269, 38.05, 38.201649, 38.234133, 38.234133, 38.234133, 38.234133, 38.234133, 38.234133, 38.234133, 38.234133, 36.608426, 36.942035, 36.937426, 37.152074, 37.231717, 36.705162, 36.930995, 36.990797, 37.015283, 37.143828, 37.137615, 37.134455, 37.060576, 37.137615, 37.137615, 
37.137615, 37.137615, 37.137615, 36.780333, 37.167752, 36.817151, 36.681189, 36.709853, 36.888978, 36.858906, 37.046365, 36.872801, 36.963608, 36.981495, 36.91707, 36.737835, 36.781517, 36.987495, 36.807137, 36.827233, 36.766134, 36.972292, 36.840955, 37.048238, 37.043142, 36.86772, 36.797447, 36.772301, 36.828285, 36.949181, 36.868363, 37.058837, 36.786271, 36.852687, 36.885169, 36.85107, 36.96222, 36.726258, 37.018413, 37.004426, 36.753043, 36.901802, 36.712383, 37.11181, 36.930024, 36.823334, 
36.982545, 36.836208, 36.825088, 36.853913, 36.942094, 37.112359, 36.887081, 36.72179, 36.920165, 36.889259, 36.855044, 37.147687, 37.147687, 36.867971, 36.871254, 36.607234, 37.176075, 36.947113, 37.147687, 36.966634, 36.897618, 37.147687, 36.943114, 36.769184, 36.793291, 37.164346, 36.842977, 36.617181, 37.25398, 36.750028, 37.016332, 37.331259, 36.933443, 37.32832, 36.842522, 36.78737, 36.888893, 37.005242, 39.0358, 38.946893, 38.76189, 38.535065, 38.677837, 39.020466, 38.796981, 38.910255, 38.663328, 
38.484843, 39.0752, 38.944663, 39.067811, 39.013062, 39.087593, 39.036361, 39.013755, 38.944663, 38.962372, 38.788439, 38.397678, 38.773111, 38.730747, 38.691006, 38.3481, 38.424954, 38.656527, 38.418131, 38.983853, 38.765448, 38.63785, 38.724439, 38.742296, 39.0805, 38.286314, 38.941953, 38.6622, 38.944663, 38.593226, 38.52217, 38.624534, 39.022732, 38.688556, 38.719573, 38.842166, 38.508638, 38.3481, 39.08347, 38.963761, 39.103011, 39.10941, 39.076011, 39.019185, 39.062761, 38.3481, 38.666588, 
39.034293, 38.709838, 38.930285, 38.815335, 38.37106, 38.87872, 38.775686, 38.61225, 38.628866, 38.60395, 38.963761, 38.473961, 38.439526, 38.370285, 38.370285, 38.456608, 38.028476, 38.602881, 38.433912, 38.360669, 38.251159, 38.365096, 38.688142, 38.52032, 38.570194, 38.282767, 38.323106, 38.552472, 38.272476, 38.061324, 38.225087, 38.565211, 38.019104, 38.074113, 38.338445, 38.292177, 38.630683, 38.298546, 38.538456, 38.68177, 38.089097, 38.262029, 38.71293, 38.676695, 38.530915, 38.132937, 38.204459, 
38.54912, 38.546281, 38.076051, 37.846064, 37.81711, 37.775385, 37.771963, 37.756007, 37.933492, 37.780917, 37.866327, 37.992794, 37.752473, 38.071237, 37.810757, 37.916701, 37.795418, 37.841448, 37.823275, 37.758445, 37.887278, 37.916221, 37.832617, 37.940709, 37.831324, 37.855873, 37.8583, 37.935529, 37.761356, 37.855146, 37.789291, 37.831277, 37.86388, 37.716311, 37.515013, 37.640938, 37.578547, 37.740503, 37.430777, 37.461944, 37.797688, 37.556255, 37.398617, 37.533559, 37.740503, 37.502641, 
37.54418, 37.426337, 37.398617, 37.914002, 37.791388, 37.60332, 37.382832, 37.711278, 37.593059, 37.383285, 37.611684, 37.416002, 37.635723, 37.473347, 37.424083, 37.643659, 37.792272, 37.690636, 37.970507, 37.690636, 37.997666, 37.690636, 37.891486, 37.784924, 37.690636, 37.690636, 37.914002, 37.914002, 37.745824, 37.65026, 37.736751, 37.932283, 37.914002, 37.478169, 37.481637, 37.67059, 37.254188, 37.357536, 37.672296, 37.184477, 37.60512, 37.279027, 37.300397, 37.424071, 37.437194, 37.641773, 
37.561944, 37.599893, 37.2701, 37.598267, 37.192483, 37.314335, 37.504315, 37.396574, 37.314848, 37.553553, 37.59865, 37.550374, 37.544224, 37.369612, 37.293386, 37.506174, 37.445906, 37.52976, 37.514166, 37.533643, 37.364548, 37.389786, 37.33162, 37.416995, 37.216465, 37.610331, 37.417254, 37.560929, 37.49947, 37.633524, 37.625031, 37.322411, 37.611434, 37.73696, 37.601078, 37.370358, 37.554631, 37.362943, 37.617197, 37.358509, 37.550496, 37.587133, 37.496608, 37.623492, 37.514748, 37.470216, 37.479754, 
37.555846, 37.509291, 37.398774, 37.493888, 37.587011, 37.470999, 37.544465, 37.449076, 37.568873, 37.351125, 37.465744, 37.667872, 37.511126, 37.569845, 37.428801, 37.568942, 37.446983, 37.322234, 37.670986, 37.331465, 37.274854, 37.320076, 39.08359, 37.373384, 37.22539, 37.163342, 37.295365, 37.325318, 37.369312, 37.257714, 37.33195, 37.350689, 37.266633, 37.263348, 37.115385, 37.029744, 37.370521, 37.348289, 37.348377, 37.30636, 37.328336, 37.204045, 37.300202, 37.17621, 37.207333, 37.31629, 37.229381, 
37.205562, 37.223635, 37.04877, 37.113248, 37.187088, 37.393894, 37.221636, 37.158397, 37.10014, 37.167173, 37.065439, 37.279297, 37.141017, 37.185228, 37.241284, 37.150537, 37.36778, 36.98586, 37.088069, 37.333551, 37.194426, 37.215305, 37.164562, 37.303276, 37.387358, 37.148006, 37.021403, 37.270358, 37.205961, 37.245041, 37.135518, 37.168682, 37.420362, 37.195448, 37.273854, 37.334629, 37.123583, 37.21583, 37.110216, 37.172969, 37.156856, 37.130559, 37.392257, 37.386051, 37.357624, 37.066543, 
37.085511, 37.044233, 37.220735, 36.697107, 36.796741, 37.149003, 36.881954, 37.071352, 36.854812, 36.92516, 37.24122, 37.013505, 36.678217, 36.755242, 37.336533, 36.911107, 36.731901, 37.157866, 37.051386, 36.800353, 36.614839, 36.532059, 36.97877, 37.031683, 36.6033, 37.2948, 36.765893, 36.511681, 36.558598, 36.852344, 37.107447, 36.716315, 37.058356, 37.08716, 37.054715, 36.968906, 36.885527, 36.723872, 37.331602, 36.733761, 36.921462, 36.863147, 36.617443, 36.540753, 37.282124, 36.574074, 37.217493, 
36.922652, 37.150978, 37.433695, 36.578907, 37.089948, 36.96575, 36.627427, 37.010643, 36.922292, 36.969761, 36.930527, 36.961988, 36.661883, 36.86316, 36.820727, 36.857666, 37.131203, 36.983441, 36.988613, 36.91297, 36.82928, 36.721319, 36.718074, 36.758166, 36.655006, 36.970776, 36.946326, 36.782131, 36.63667, 37.098753, 36.665767, 37.066581, 36.840503, 36.778567, 37.016847, 37.0896, 37.09425, 36.767969, 36.86322, 36.712179, 36.832502, 37.046968, 37.279564, 36.681441, 36.929243, 36.70996, 36.881837, 
37.293315, 37.197491, 37.215448, 36.846471, 37.143908, 36.983293, 37.004492, 37.04413, 37.170909, 36.887716, 36.898071, 36.654943, 36.847924, 36.673268, 36.983441, 36.705024, 36.866845, 36.898071, 37.157967, 37.248326, 37.17925, 36.657405, 37.020366, 37.237211, 37.274689, 37.219254, 36.664334, 36.752802, 36.780906, 37.229645, 36.983441, 37.196636, 36.931416, 37.223167, 36.860612, 36.953559, 36.869206, 37.273726, 36.727378, 37.311676, 37.197491, 37.753347, 37.745491, 37.758568, 37.745491, 37.377266, 
37.177839, 37.615062, 37.172261, 37.150125, 37.333802, 37.198074, 37.575772, 37.410099, 37.299591, 37.251296, 37.349023, 37.745491, 37.227223, 37.559872, 37.094139, 37.655016, 37.240117, 37.166299, 37.471839, 37.882498, 37.433703, 37.456942, 37.918157, 37.502836, 37.3799, 37.86975, 37.693229, 37.517388, 37.827235, 37.114594, 37.729714, 37.242948, 37.710929, 37.337926, 37.448681, 37.508047, 37.41277, 37.33976, 37.745491, 37.598406, 37.745491, 37.666515, 37.784577, 37.778911, 37.448198, 37.481719, 
37.743264, 37.183465, 37.52165, 37.275896, 37.216778, 37.425687, 37.807173, 37.825094, 37.330791, 37.458645, 37.67416, 37.238785, 37.36327, 37.178627, 37.641689, 37.12596, 37.396445, 37.859415, 37.674669, 37.143686, 37.600857, 37.514424, 37.801347, 37.860142, 37.558719, 37.493997, 37.771573, 37.729871, 37.488169, 37.168568, 37.075624, 37.09325, 37.112274, 37.191504, 36.94593, 36.965123, 37.180186, 37.067452, 37.305705, 37.3677, 37.029286, 37.177577, 36.94919, 37.111433, 37.144759, 37.303038, 37.250746, 
36.72024, 36.7703, 36.946642, 36.762748, 36.932769, 36.801922, 36.881682, 36.663153, 36.843563, 36.673236, 37.05401, 36.710692, 36.631706, 36.772507, 37.704287, 37.723474, 36.898169, 37.581023, 37.381189, 36.954911, 37.47534, 36.765985, 37.372314, 37.337936, 37.121145, 37.413211, 37.271372, 37.668721, 37.429456, 37.123196, 37.304661, 36.8395, 37.606543, 37.353227, 37.045089, 37.59641, 36.98182, 37.098391, 37.234802, 37.199656, 37.566527, 37.176738, 37.242258, 37.479797, 37.471943, 37.415382, 37.360392, 
36.824961, 37.113189, 37.443289, 37.463961, 37.291869, 37.52025, 37.349798, 37.567134, 37.456599, 36.819839, 37.55125, 40.091576, 40.05991, 40.40994, 39.998073, 40.285043, 40.471139, 40.340633, 39.93398, 40.175413, 40.000364, 40.304121, 40.235446, 40.470806, 40.295925, 40.089811, 40.109478, 39.956994, 40.493191, 40.202298, 40.351781, 40.070985, 39.958869, 40.021665, 40.132821, 40.42065, 40.108356, 39.968846, 40.151979, 40.328773, 39.960661, 40.173636, 40.353133, 40.27453, 40.255973, 40.306924, 40.052907, 
40.179696, 39.900063, 40.204914, 40.406113, 40.385636, 40.080252, 40.079115, 40.017096, 40.095148, 40.223286, 40.285343, 39.994001, 40.103133, 40.155515, 40.400799, 40.355958, 39.956384, 39.95, 40.217799, 40.173402, 40.123455, 39.996516, 40.270926, 39.909915, 40.136336, 40.112531, 40.242377, 40.109513, 40.14852, 40.102185, 40.145952, 40.097796, 39.969036, 40.095148, 40.095148, 39.466041, 39.651028, 39.720751, 39.860353, 39.624916, 39.703126, 39.916574, 39.854413, 39.501342, 39.803993, 39.598236, 
39.501913, 39.768502, 39.773025, 39.939871, 39.88628, 39.852363, 39.810093, 39.482096, 39.651917, 39.712887, 39.473379, 39.802655, 39.818249, 39.530972, 39.892676, 39.593121, 39.710455, 39.513028, 39.555409, 39.786202, 39.904288, 39.816577, 39.545786, 39.778306, 39.732474, 39.387214, 39.721965, 39.605605, 39.630003, 39.554697, 39.843864, 39.460218, 39.533002, 39.939528, 39.7631, 39.590417, 39.882017, 39.8, 39.86, 39.86, 39.86, 39.969036, 39.990764, 40.018814, 39.9718, 39.958496, 39.957265, 39.944564, 
39.897695, 39.958564, 40.003681, 40.012714, 39.988114, 39.966814, 40.053063, 39.965131, 39.969036, 39.824831, 39.969036, 40.002514, 40.047273, 40.02063, 39.958664, 39.935263, 40.039914, 39.969036, 39.944231, 39.954363, 40.085313, 40.039963, 40.076042, 39.924213, 39.969036, 40.099204, 40.135711, 40.146873, 39.969036, 39.969036, 39.969036, 39.969036, 39.969036, 39.969036, 39.969036, 39.969036, 39.969036, 39.969036, 39.969036, 39.969036, 39.969036, 40.616604, 40.589747, 40.56941, 40.56941, 40.518081, 
40.365923, 40.642604, 40.490756, 40.954293, 40.479649, 40.314099, 40.307923, 40.583666, 40.46242, 40.531614, 40.730593, 40.460862, 40.60796, 40.642266, 40.813023, 40.507868, 40.585905, 40.436172, 40.399648, 40.668497, 40.293691, 40.687548, 40.555366, 40.547039, 40.587559, 40.470755, 40.308916, 40.430758, 40.513261, 40.573227, 40.470605, 40.469231, 40.614239, 40.394773, 40.82732, 41.438281, 40.461613, 40.254824, 40.413252, 40.863848, 40.327984, 40.498069, 41.532003, 41.388519, 41.39235, 41.328037, 
41.277969, 41.565049, 41.304387, 41.63678, 41.240054, 41.39235, 41.477061, 41.35307, 41.523309, 41.390878, 41.553383, 41.503759, 41.645699, 41.333956, 41.715332, 41.252306, 41.601343, 41.51751, 41.533186, 41.536132, 41.425328, 41.455078, 41.596682, 41.683477, 41.5678, 41.53446, 41.4031, 41.318285, 41.512855, 41.671574, 41.269279, 41.532215, 41.603797, 41.28447, 41.509051, 41.404156, 41.57725, 41.28953, 41.245763, 41.602898, 41.455129, 41.673094, 41.529231, 41.697701, 41.523945, 41.471569, 41.419878, 
41.26256, 41.29037, 41.585627, 41.211032, 41.441679, 41.572443, 41.422158, 41.39066, 41.66143, 41.427352, 41.341081, 41.229001, 41.466185, 41.30569, 41.253169, 41.626651, 41.190401, 41.325764, 41.635979, 41.450082, 41.696808, 41.368743, 41.315943, 41.299247, 41.576992, 41.597362, 41.702622, 41.301347, 41.577428, 41.609365, 41.388278, 41.491702, 41.190188, 41.380047, 41.326664, 41.540724, 41.39235, 41.531159, 41.65973, 41.437905, 41.298409, 41.491112, 41.585948, 41.706383, 41.419152, 41.501902, 41.5615, 
41.349205, 41.586794, 41.517402, 41.425554, 41.720684, 41.646649, 41.686778, 41.658109, 41.642549, 41.671761, 41.65, 41.678248, 41.63105, 41.676299, 41.703379, 41.706048, 41.703899, 41.60135, 41.6522, 41.646398, 41.667361, 41.676897, 41.607416, 41.665849, 41.707649, 41.657099, 40.44652, 41.686778, 41.686778, 41.686778, 41.686778, 41.686778, 41.678167, 41.686778, 41.686778, 41.654649, 41.678167, 41.678167, 41.686778, 41.686778, 41.686778, 41.686778, 41.653788, 39.949377, 39.961236, 39.991729, 39.922656, 
39.827556, 39.989191, 39.841646, 39.789241, 40.028171, 40.009383, 39.806956, 39.946713, 39.917012, 39.968985, 39.741629, 40.025859, 39.873402, 39.484626, 39.617263, 39.742354, 39.85261, 39.923616, 39.876997, 39.851515, 40.064971, 39.855355, 39.905157, 39.950857, 39.884291, 39.966135, 39.862128, 39.710863, 40.157301, 39.994467, 39.717086, 39.76607, 40.041068, 39.675911, 39.859373, 39.621481, 40.011338, 39.888751, 39.740299, 40.018953, 39.717824, 39.588854, 39.990948, 40.038503, 39.842048, 39.895548, 
39.991056, 39.814025, 39.995987, 39.803205, 39.930047, 39.608984, 39.801679, 39.711168, 39.536415, 39.799978, 39.654386, 39.855474, 39.742066, 39.816891, 40.090643, 40.357237, 40.449531, 40.398274, 40.180136, 40.270198, 40.130754, 40.161484, 40.357857, 40.351271, 40.063886, 40.277376, 40.200382, 40.314481, 40.406106, 40.140472, 40.3479, 40.33503, 40.268019, 40.223285, 39.890564, 40.469171, 40.105279, 40.01558, 40.258447, 40.518045, 40.067767, 40.361891, 40.074284, 40.26212, 39.768134, 39.759825, 
40.122351, 40.212067, 40.641545, 39.764709, 40.450257, 40.510729, 40.11761, 40.008421, 40.566375, 39.676317, 40.561512, 39.938218, 40.076176, 40.103877, 40.130167, 40.318569, 40.176109, 40.027491, 40.263948, 39.861984, 40.211142, 40.43273, 40.624307, 39.646462, 39.964553, 40.269741, 40.086725, 40.109149, 40.371185, 40.369467, 40.012984, 40.523054, 40.679857, 40.170721, 40.465183, 40.360979, 40.022806, 40.621521, 40.46947, 40.152615, 40.099277, 40.189812, 40.18182, 40.352364, 40.147388, 40.184401, 
40.147075, 40.29649, 40.011338, 40.374942, 40.405788, 40.29649, 41.386533, 41.611348, 41.871212, 41.730146, 41.758952, 41.450538, 41.501595, 41.36995, 41.442863, 41.43932, 41.392171, 41.574171, 41.526301, 41.316001, 41.934916, 41.676362, 41.53335, 41.369846, 41.401494, 41.389546, 41.532584, 41.802618, 41.275919, 41.742693, 41.541756, 41.728451, 41.866806, 41.267051, 41.259352, 41.459218, 41.431875, 41.48054, 41.435642, 41.321189, 41.80063, 41.688162, 41.910676, 41.462346, 41.61391, 41.469908, 41.319704, 
41.904594, 41.415097, 41.478469, 41.837043, 41.2863, 41.535437, 41.716094, 41.372452, 41.767394, 41.759503, 41.659739, 41.6128, 41.674336, 41.314655, 41.783323, 41.407845, 41.147116, 41.603581, 41.52563, 41.625886, 41.653796, 41.910676, 41.910676, 41.539985, 41.523401, 41.473451, 41.513801, 41.484001, 41.450602, 41.507751, 41.480881, 41.53715, 41.448951, 41.562781, 41.459399, 41.534101, 41.484688, 41.50988, 41.493501, 41.475297, 41.570344, 41.499202, 41.586749, 41.472352, 41.526151, 41.472881, 41.602498, 
41.513752, 41.414403, 41.441697, 41.469951, 41.441153, 41.397701, 41.378051, 41.391753, 41.608298, 41.313758, 41.393852, 41.432149, 41.312752, 41.412653, 41.373949, 41.388387, 41.484193, 41.307688, 41.40035, 41.550318, 41.437018, 41.454439, 41.389371, 41.321827, 41.316784, 40.80066, 41.685744, 41.685744, 41.685744, 41.685744, 41.685744, 41.685744, 41.685744, 41.685744, 41.685744, 41.685744, 41.685744, 41.685744, 41.685744, 41.685744, 41.685744, 41.685744, 41.685744, 41.685744, 41.020057, 41.320612, 
41.017522, 41.128705, 41.169816, 41.244051, 40.965423, 41.069151, 40.936655, 40.976892, 41.141456, 41.128705, 41.1486, 41.174256, 40.964111, 41.295898, 40.932506, 41.233479, 41.337187, 41.028815, 41.248795, 41.128705, 41.128705, 41.148756, 41.249405, 41.170006, 41.146862, 41.020256, 41.029639, 41.161459, 41.039394, 41.286755, 41.139849, 41.127594, 41.043123, 41.138806, 41.234388, 41.010907, 41.159224, 40.971727, 41.09464, 41.022387, 41.09924, 41.101909, 40.951253, 41.093156, 41.230745, 41.037664, 
41.132725, 41.159706, 41.233722, 40.957955, 41.242864, 41.043955, 41.089405, 41.103205, 41.081788, 41.073606, 41.046055, 41.069605, 41.081755, 41.096205, 41.107655, 41.063055, 41.034156, 41.123588, 41.040155, 41.027977, 41.067506, 41.052455, 40.990922, 41.083155, 41.102587, 41.043496, 41.076425, 41.172713, 41.075955, 40.683695, 41.144661, 41.128705, 41.128705, 41.128705, 41.128705, 41.071603, 41.128705, 41.128705, 41.031141, 41.385826, 41.239987, 41.340211, 41.078058, 41.029666, 40.884299, 41.333312, 
41.024608, 41.099351, 40.838456, 40.76304, 41.017082, 41.428487, 41.304391, 41.160758, 41.017082, 40.75105, 41.309096, 41.166743, 40.723803, 41.443358, 41.100329, 41.24168, 40.864494, 40.757793, 41.046606, 41.159574, 41.22832, 41.459359, 41.146334, 40.776151, 40.966908, 40.917556, 41.188981, 40.842848, 41.186257, 40.992991, 41.449052, 41.090089, 40.951859, 41.32519, 40.910669, 40.787331, 40.898658, 41.294453, 41.051255, 41.236248, 41.205342, 41.317424, 41.252748, 41.226957, 41.237856, 41.317424, 
41.317424, 41.317424, 40.899731, 41.369527, 40.709282, 40.828584, 41.017082, 41.086279, 41.100296, 41.123757, 41.122524, 41.095658, 41.074508, 41.106249, 41.120507, 41.069158, 41.032675, 41.017082, 41.016159, 41.099008, 41.103858, 41.017082, 41.017082, 40.917908, 40.739199, 40.686028, 40.65151, 40.898618, 40.561587, 40.635332, 40.643724, 40.712109, 40.886688, 40.568568, 40.507088, 40.787827, 40.901738, 40.571372, 40.410604, 40.537509, 40.600062, 40.758473, 40.695377, 40.671036, 40.527648, 40.359172, 
40.929507, 40.521924, 40.96289, 40.630191, 40.832092, 40.738387, 40.485312, 40.657511, 40.547688, 40.983308, 40.843685, 40.646529, 40.68357, 40.909535, 40.805131, 40.793924, 40.811809, 40.874558, 40.623637, 40.895057, 40.433496, 40.542339, 40.569177, 40.733459, 40.694887, 40.622284, 40.596018, 40.722891, 40.477187, 40.843563, 40.840256, 40.835059, 40.798758, 40.76291, 40.641188, 40.922608, 40.506928, 40.687973, 40.865194, 40.565209, 40.440407, 40.59712, 40.503332, 40.397916, 40.373604, 40.561693, 
40.961206, 40.551575, 40.67926, 40.655909, 40.616646, 40.800086, 40.398664, 40.308212, 40.433246, 40.612253, 40.283493, 40.782408, 40.798859, 40.809108, 40.799358, 40.821858, 40.776858, 40.784158, 40.810931, 40.836508, 40.791108, 40.811809, 40.811809, 40.827659, 40.850683, 40.888408, 40.886297, 40.769763, 40.811809, 40.784646, 40.853958, 40.895721, 40.811809, 40.811809, 41.090712, 41.053889, 41.037511, 41.117339, 40.867016, 41.069216, 41.132988, 41.257163, 40.606221, 41.323499, 41.244095, 41.331398, 
41.193747, 41.00811, 40.815179, 40.561377, 41.393507, 40.952927, 41.227648, 40.795521, 41.234403, 41.164209, 40.720869, 41.249374, 41.020433, 40.773052, 41.388534, 40.801432, 41.249535, 40.639849, 40.701792, 40.990406, 41.024204, 41.306205, 41.238863, 40.920617, 40.815261, 41.034683, 41.098478, 41.057873, 40.954399, 41.100202, 40.792804, 41.236357, 41.261375, 41.019566, 40.845335, 41.240649, 40.772874, 40.66496, 40.99388, 40.906577, 41.140139, 41.42646, 41.49181, 40.963743, 40.888988, 40.949737, 
41.038842, 40.868645, 40.953556, 41.12071, 40.90261, 41.141541, 41.24323, 41.073672, 40.850833, 40.759156, 40.766589, 40.678208, 40.773556, 40.766056, 40.733243, 40.772874, 39.147991, 39.137818, 39.180358, 39.575126, 39.440956, 39.550241, 39.999367, 39.404856, 39.440956, 39.409188, 39.330356, 39.367106, 39.440956, 39.440956, 39.440956, 39.440956, 39.440956, 39.257936, 39.499635, 39.177002, 39.359268, 39.440152, 39.317735, 39.344258, 39.213282, 39.534907, 39.440956, 39.482957, 39.441008, 39.09646, 
39.155158, 39.352687, 39.44415, 39.451806, 39.498751, 39.31235, 39.480856, 39.325805, 39.562415, 39.371242, 39.557096, 39.482307, 39.525562, 39.343757, 39.588878, 39.440956, 39.440956, 39.440956, 38.671655, 39.023067, 39.082894, 38.749779, 38.956484, 39.293634, 39.074262, 39.195516, 38.792686, 39.397066, 39.362778, 38.815056, 39.184985, 38.880632, 38.821032, 38.87752, 39.222264, 39.343559, 39.104387, 39.137761, 38.914118, 38.789585, 39.344299, 39.162917, 39.34446, 39.416747, 39.258653, 39.213112, 
38.690566, 39.145698, 39.32006, 39.213739, 39.290475, 39.168818, 39.350319, 38.8702, 39.046589, 39.038055, 38.810072, 38.957385, 39.18779, 39.326987, 39.121637, 39.276492, 39.553045, 39.198813, 39.480543, 38.763305, 38.850094, 39.507106, 38.985368, 39.074266, 39.161061, 39.081436, 39.463476, 39.166759, 39.10441, 39.104127, 39.093345, 39.11071, 39.127527, 39.142246, 39.13786, 39.15406, 39.11226, 39.154159, 39.160693, 39.180893, 39.12056, 39.228859, 39.197109, 39.166948, 39.264791, 39.12721, 39.14426, 
39.166759, 39.166759, 39.161859, 39.204959, 39.13741, 39.114911, 39.15201, 39.070561, 39.152093, 39.078368, 39.242608, 39.173409, 39.117065, 39.166759, 39.166759, 39.205109, 39.188859, 39.112169, 39.207558, 39.284806, 39.276271, 39.242559, 39.18466, 39.119161, 39.075329, 39.288558, 39.209208, 39.160159, 39.278295, 39.166759, 39.258124, 39.282824, 39.166759, 39.166759, 39.066112, 39.166759, 39.166759, 39.166759, 39.166759, 39.166759, 39.166759, 39.166759, 39.166759, 39.166759, 39.166759, 39.166759, 
38.946921, 39.166759, 39.15, 39.166759, 39.166759, 39.262158, 39.711173, 40.40476, 40.215278, 39.990909, 39.640059, 40.464571, 39.580198, 40.128652, 39.844538, 40.352158, 39.629735, 40.0659, 39.744577, 39.853674, 39.796992, 40.170605, 40.123474, 39.918936, 39.739353, 39.888717, 39.877745, 39.867259, 39.808909, 39.685116, 40.144131, 39.628806, 40.112545, 40.135426, 39.647494, 40.094141, 39.998881, 40.260111, 40.446467, 39.62434, 40.438744, 39.981075, 39.849859, 40.008648, 40.372607, 39.880826, 39.631525, 
39.750471, 39.939925, 39.743766, 39.971929, 39.876255, 40.332705, 39.990945, 40.135426, 40.339356, 40.050308, 40.294031, 39.904603, 40.156514, 39.986011, 40.053483, 40.330423, 39.963492, 40.28577, 40.233304, 40.284855, 40.333611, 39.840367, 39.942716, 39.600367, 39.954239, 40.013871, 40.036525, 40.03997, 39.889356, 39.903161, 40.231735, 39.730506, 39.903258, 39.958117, 39.712772, 39.682836, 39.797227, 40.328535, 40.055737, 40.20451, 39.76, 39.750471, 39.757758, 39.762708, 39.783258, 39.788458, 39.784108, 
39.760058, 39.741558, 39.725705, 39.748309, 39.750471, 39.750471, 39.820807, 39.837256, 39.805207, 39.753108, 39.716161, 39.713309, 39.723909, 39.758058, 39.750471, 39.840308, 39.802606, 39.755758, 39.746656, 39.687459, 39.710787, 39.765259, 39.74035, 39.813743, 39.719092, 39.750471, 39.750471, 39.695702, 39.674192, 39.750471, 39.750471, 39.664226, 39.750471, 39.60828, 39.644609, 39.750471, 39.740509, 39.750471, 39.750471, 39.734409, 39.750471, 39.750471, 39.750471, 39.927059, 39.926617, 39.94831, 
39.941827, 39.91086, 39.910109, 38.782131, 39.33046, 39.228796, 39.015223, 38.919179, 38.789223, 39.280388, 38.892198, 38.448563, 38.943285, 39.111094, 39.364574, 38.630633, 39.172214, 39.390231, 38.653909, 38.793335, 38.825478, 39.46557, 39.171012, 38.592446, 38.535109, 39.034226, 38.967813, 39.047577, 38.86833, 39.459353, 38.557052, 39.086218, 39.282411, 38.911803, 38.746506, 39.267049, 38.833053, 38.877777, 39.376504, 38.879935, 38.866354, 38.766082, 38.67484, 38.987596, 39.046079, 38.762824, 
38.743244, 38.468003, 39.118117, 38.947693, 39.208053, 39.204151, 38.881743, 38.536685, 38.794115, 38.615111, 38.95352, 38.438617, 39.308063, 38.816072, 38.955485, 38.664532, 38.915013, 38.99754, 39.072829, 38.734463, 39.123071, 39.117212, 38.795145, 38.729816, 39.137773, 38.592851, 38.939364, 39.282728, 38.793335, 39.322847, 39.202517, 39.429095, 39.40032, 39.419647, 39.297622, 39.58849, 39.462005, 39.368235, 39.4001, 39.085629, 39.430738, 39.22241, 39.363901, 39.649854, 39.420916, 39.506243, 39.628144, 
39.262298, 39.197888, 39.475889, 39.07348, 39.273206, 39.077704, 39.533021, 39.611675, 39.627217, 39.426551, 39.65828, 39.006757, 39.431016, 39.450463, 39.32502, 39.524674, 39.397077, 39.092281, 38.988699, 38.978044, 39.143542, 39.471663, 39.089885, 39.191685, 39.368235, 39.341224, 38.999757, 39.370636, 39.368235, 39.483798, 39.168349, 39.389346, 39.526685, 39.430738, 39.5103, 39.551002, 40.759451, 40.781785, 40.72255, 40.739517, 40.668448, 40.7953, 40.832363, 40.844554, 40.774039, 40.696862, 41.18312, 
40.892253, 41.153855, 41.00433, 40.886803, 40.623695, 40.831339, 41.230816, 40.542778, 40.428177, 41.009008, 40.480128, 41.163632, 40.900986, 41.103903, 40.929839, 40.841409, 40.768846, 40.790676, 41.054934, 40.740456, 40.993263, 41.037325, 40.881217, 40.782854, 40.914909, 40.338583, 40.409441, 41.096421, 41.012, 40.713499, 41.030911, 40.983471, 40.758211, 41.088144, 41.112413, 41.106245, 40.691866, 40.400409, 41.090714, 40.669102, 40.892251, 41.103776, 40.391924, 40.488771, 40.903089, 40.958861, 
40.452556, 40.555807, 40.491725, 41.18394, 41.107804, 40.780889, 41.020852, 40.931687, 40.945888, 41.137873, 41.072614, 40.954985, 40.682303, 40.413734, 40.520289, 40.550005, 40.9871, 40.711394, 40.601985, 41.14062, 40.973064, 40.874092, 40.882077, 40.755619, 40.56914, 40.593532, 40.834233, 40.74011, 40.799531, 39.166759, 39.166759, 40.257082, 40.112913, 40.132892, 40.061092, 40.161733, 40.093792, 40.098641, 40.096343, 40.161733, 40.17449, 40.211166, 39.970241, 39.973731, 40.127019, 40.1915, 40.279375, 
39.96, 39.95645, 40.366648, 39.93549, 40.290615, 40.221208, 40.289779, 40.304473, 40.284101, 39.95634, 40.292007, 40.196061, 40.065589, 40.047966, 39.898378, 39.974904, 40.333772, 40.349135, 40.050109, 40.072462, 40.05, 40.27046, 39.997694, 40.427919, 40.304473, 40.378829, 40.134736, 40.340749, 40.126304, 40.284041, 40.041325, 40.007024, 40.363776, 39.960858, 40.072462, 39.96, 39.996577, 39.688673, 39.649096, 39.761986, 39.514024, 39.718744, 39.56578, 39.538087, 39.84952, 39.631344, 39.762448, 39.740158, 
39.805933, 39.65983, 39.513388, 39.679883, 39.761211, 39.764436, 39.366507, 39.522181, 39.61753, 39.717457, 39.674879, 39.821516, 39.680058, 39.482105, 39.609926, 39.652374, 39.799143, 39.62068, 39.601649, 39.661964, 39.597444, 39.619923, 39.96354, 39.803168, 39.885033, 39.563815, 39.442774, 39.856763, 39.743346, 39.484598, 39.561003, 39.588545, 39.351269, 39.67083, 39.542985, 39.726811, 39.324091, 39.852098, 39.416815, 39.872255, 39.69775, 39.668441, 39.525112, 39.842523, 39.614803, 39.837161, 39.523797, 
39.612844, 39.396833, 39.457143, 39.648251, 39.557799, 39.894667, 39.775125, 39.782842, 39.742593, 39.771743, 39.824858, 39.761293, 39.767293, 39.820708, 39.779492, 39.779492, 39.792993, 39.857639, 39.668795, 39.805841, 39.78001, 39.866913, 39.719444, 39.786793, 39.779492, 39.795593, 39.746993, 39.83729, 39.678495, 39.849474, 39.795025, 39.779492, 39.71962, 39.797622, 39.835369, 39.888225, 39.67859, 39.732943, 39.902039, 39.736844, 39.779492, 39.779741, 39.779492, 39.779492, 39.858989, 39.905689, 
39.779492, 39.779492, 39.844024, 39.779492, 39.907838, 39.651145, 39.898107, 39.76, 39.779492, 39.897548, 39.779492, 39.779492, 39.779492, 39.89792, 39.939102, 39.779492, 39.779492, 39.779492, 39.934949, 39.779492, 39.779492, 39.77, 39.779492, 41.687414, 41.354186, 41.36959, 41.616263, 41.74486, 41.418873, 41.461543, 41.179017, 41.491377, 41.639735, 41.527235, 41.610035, 41.551457, 41.549851, 41.587718, 41.583535, 41.461543, 41.634385, 39.77127, 41.397147, 41.32374, 41.533786, 41.526628, 41.479757, 
41.305178, 41.316401, 41.111996, 41.605749, 41.498992, 41.359415, 41.269789, 41.707539, 41.70354, 41.598294, 41.212184, 41.58327, 40.41663, 41.677087, 41.143358, 41.44862, 41.204744, 41.492085, 41.176325, 41.191665, 41.167119, 41.194816, 41.170584, 41.479916, 41.47339, 41.490545, 41.484652, 41.428873, 41.420078, 41.550192, 41.186662, 41.510333, 41.679185, 41.590686, 41.601086, 41.604654, 41.588636, 41.570086, 41.589135, 41.580469, 41.542536, 41.544736, 41.487369, 41.461543, 40.479112, 41.224036, 
41.259773, 41.301049, 41.450744, 41.725061, 41.154441, 41.12274, 41.218388, 41.361567, 41.707616, 41.641449, 41.676899, 41.646499, 39.580105, 41.291767, 41.567559, 41.597739, 41.600649, 41.741872, 41.356991, 41.411513, 41.282822, 41.720636, 41.519839, 41.458188, 41.323642, 41.168118, 41.685374, 41.408621, 41.525634, 41.650672, 41.681487, 41.688432, 41.444183, 41.708183, 41.48922, 41.547845, 41.328153, 41.701415, 41.672698, 41.213756, 41.347159, 41.696334, 41.105868, 41.411075, 41.208493, 41.565561, 
41.325513, 41.538432, 41.472858, 41.2281, 41.239365, 41.281518, 41.22163, 41.526405, 41.671197, 41.664198, 41.628483, 41.654547, 41.626588, 41.671848, 41.69248, 41.684504, 41.667797, 41.596769, 41.733223, 41.677397, 41.700776, 41.672543, 41.596769, 41.708505, 41.73104, 41.596769, 41.532773, 41.596769, 40.752777, 41.156891, 41.596769, 41.361895, 40.838891, 41.656798, 41.103797, 41.523914, 41.352638, 41.353742, 40.660174, 40.829196, 40.728816, 41.395275, 41.424095, 41.238825, 41.166034, 41.44551, 40.793562, 
41.386918, 40.831351, 41.724694, 41.334204, 40.599769, 41.202549, 41.544911, 41.215338, 40.954897, 41.722976, 41.556391, 41.243248, 40.872261, 41.449897, 40.598916, 41.359626, 41.634457, 41.28867, 41.209244, 41.219699, 40.708804, 41.464213, 39.712549, 40.74532, 40.852768, 41.665489, 40.736015, 40.988714, 41.081548, 41.732206, 40.880397, 40.611419, 41.578442, 40.74532, 40.641626, 40.83204, 40.967646, 41.493637, 41.317967, 41.536899, 41.080236, 41.267553, 41.583493, 40.830096, 40.683261, 41.441775, 
41.462326, 41.551546, 41.336115, 41.129274, 40.942397, 40.916397, 41.093763, 41.071681, 41.070498, 41.054247, 41.098248, 41.048148, 41.046848, 41.094348, 41.023147, 41.044502, 41.105691, 41.006281, 41.148298, 40.993914, 41.150677, 41.138599, 41.200465, 41.221366, 41.093763, 41.093763, 41.093763, 41.093763, 41.093763, 41.093763, 41.093763, 41.093763, 41.093763, 41.093763, 41.093763, 41.093763, 41.093763, 41.093763, 41.093763, 41.126298, 41.093763, 41.093763, 41.093763, 41.093763, 41.093763, 41.018247, 
41.093763, 41.093763, 41.093763, 41.093763, 41.093763, 40.501576, 40.450623, 40.469625, 40.469625, 41.040643, 40.614885, 41.040988, 40.507086, 40.646736, 40.495181, 40.584272, 40.626913, 40.580773, 40.472125, 40.911001, 41.040988, 40.597574, 40.873913, 40.412026, 40.542108, 40.409668, 40.947157, 40.593036, 40.48684, 41.040988, 40.482338, 40.418662, 40.468157, 41.007625, 40.680911, 40.832028, 40.736111, 40.974439, 41.040988, 41.035728, 40.754787, 40.882776, 40.952117, 40.58119, 40.53089, 40.387885, 
40.820851, 40.614644, 41.159868, 40.765286, 40.996628, 40.412741, 41.046274, 40.694298, 41.172438, 40.753091, 40.780955, 40.935304, 41.073678, 40.584272, 40.860779, 40.427588, 40.848927, 41.054969, 40.671369, 40.950873, 40.504346, 40.569731, 40.870115, 40.457599, 40.898561, 40.620755, 40.795068, 40.668348, 40.442117, 41.048063, 40.569059, 39.060204, 39.567147, 39.291624, 39.518217, 38.848761, 39.43115, 39.37427, 38.93049, 38.992471, 38.881346, 38.813326, 38.966859, 39.206203, 39.07308, 39.491509, 
39.129059, 39.428752, 39.126201, 39.075691, 39.281429, 39.205405, 39.310292, 39.382381, 39.1548, 38.855749, 39.111625, 38.944426, 39.240684, 39.035173, 38.788449, 38.77905, 39.155801, 39.288178, 38.897246, 38.762649, 38.749542, 38.539899, 38.457573, 38.190314, 38.648032, 38.096971, 38.453813, 38.208144, 38.287227, 38.350106, 38.328419, 38.12173, 38.311323, 38.345815, 38.435326, 38.300674, 38.284524, 38.363632, 38.461255, 38.544777, 38.557243, 38.303945, 38.309105, 38.437021, 38.286819, 38.286819, 
38.286819, 38.038838, 38.237852, 38.200101, 38.678365, 38.700523, 38.37482, 38.543388, 38.079482, 38.473919, 38.286819, 38.344403, 38.298486, 38.591735, 38.30382, 38.298486, 38.165541, 38.312878, 38.548693, 38.544512, 38.410145, 38.49903, 38.313345, 38.605039, 38.609733, 38.684426, 38.387722, 38.210303, 38.355935, 38.603451, 38.437021, 38.286819, 39.185341, 39.192972, 39.232235, 38.876537, 39.049336, 38.896209, 39.424072, 39.28249, 38.872926, 38.974458, 38.802486, 38.802781, 38.8937, 39.129171, 39.370375, 
38.982358, 39.152228, 39.333248, 38.873216, 38.699654, 39.246458, 39.001301, 39.297144, 39.0601, 38.897974, 38.787175, 39.037187, 39.005651, 38.846345, 39.292004, 39.001301, 39.308947, 38.962997, 39.011225, 38.838706, 39.419641, 39.085027, 38.958688, 39.296605, 38.805185, 38.982269, 39.171916, 39.952253, 40.164393, 40.221103, 40.215398, 40.192293, 40.202293, 40.162093, 40.227938, 39.902534, 40.290747, 39.656994, 39.757864, 39.685481, 40.548194, 39.816703, 39.802089, 39.644794, 40.117139, 39.812688, 
40.38509, 39.802917, 40.339779, 39.97566, 40.184743, 39.963113, 40.320458, 39.876764, 39.883711, 39.918857, 40.449883, 39.904323, 39.802646, 39.622812, 40.043267, 40.042138, 40.035904, 39.773709, 40.043409, 40.550511, 40.00296, 40.004196, 39.92698, 39.931785, 40.079197, 40.187403, 40.495879, 39.861314, 40.419489, 40.34703, 39.831061, 39.860417, 40.285505, 40.382778, 40.236181, 40.168528, 39.90952, 39.832904, 40.058307, 39.838735, 40.005999, 40.212425, 39.903236, 39.953627, 40.173141, 40.05085, 40.186603, 
40.461432, 39.131576, 39.173234, 39.121719, 39.188246, 39.173447, 39.173597, 39.173234, 39.183164, 37.975102, 38.912898, 38.865549, 39.021657, 39.173234, 39.232338, 39.245995, 38.773826, 39.235092, 38.507726, 39.355692, 39.012984, 39.196272, 38.978916, 38.722153, 39.160126, 39.037144, 39.039636, 38.96555, 39.125078, 38.733355, 39.199357, 38.926709, 38.896413, 38.647931, 38.924067, 38.533167, 39.311243, 39.448838, 39.037144, 39.173234, 39.110903, 39.290029, 38.967187, 39.085896, 39.298595, 39.039348, 
38.768275, 39.251349, 38.584248, 38.845709, 39.123925, 39.191057, 39.246268, 39.173234, 38.658196, 38.777038, 38.316017, 38.137325, 38.184046, 38.762261, 38.619866, 37.934311, 38.387935, 38.893458, 38.170876, 38.507039, 38.031757, 38.473956, 38.824546, 38.869876, 38.056909, 38.22309, 38.867886, 38.112396, 38.099889, 38.241887, 38.302272, 38.413906, 38.408794, 38.364749, 38.364749, 38.077016, 38.127871, 38.118547, 38.702827, 38.16644, 38.588354, 38.660051, 38.864563, 38.837695, 38.470473, 38.477037, 
38.791938, 38.744136, 37.934212, 38.313717, 38.19297, 38.160168, 38.892783, 38.115573, 38.345103, 38.663011, 38.248608, 38.267827, 37.971622, 38.012451, 38.356658, 38.668827, 38.862609, 38.652821, 38.384501, 38.05732, 38.047188, 38.022045, 38.190517, 38.170645, 38.130034, 37.965531, 38.218814, 37.903557, 37.997128, 38.199662, 37.940511, 39.00249, 38.06242, 37.958873, 38.117974, 38.168191, 37.93889, 37.883451, 38.132339, 38.081681, 38.187983, 38.484278, 38.215226, 38.240456, 38.343295, 38.25312, 38.323439, 
38.287411, 38.411923, 38.27312, 38.34841, 40.519221, 38.187432, 38.278452, 37.997128, 37.997128, 37.997128, 37.997128, 37.997128, 37.997128, 37.974642, 37.999542, 38.000442, 37.966292, 37.962542, 37.959092, 37.975476, 37.997128, 38.420839, 37.997128, 38.045951, 37.978035, 37.970192, 37.997128, 38.096771, 38.031942, 37.997128, 38.110995, 37.997128, 37.997128, 37.997128, 37.997128, 37.997128, 37.997128, 37.997128, 37.997128, 37.997128, 37.997128, 37.997128, 37.977492, 37.997128, 37.962292, 39.952416, 
39.433602, 39.393237, 39.46706, 39.495436, 39.535285, 39.470986, 39.433602, 39.470986, 39.433602, 39.433602, 39.433602, 39.433602, 39.779078, 39.877847, 39.869467, 39.360169, 39.52503, 39.647929, 39.625607, 38.957093, 39.406161, 39.282127, 39.66851, 39.387544, 39.377883, 39.830942, 39.065547, 39.193884, 39.25182, 39.573663, 39.080474, 39.536856, 39.819742, 39.185497, 39.813543, 39.526913, 39.255569, 39.865058, 39.725201, 39.061837, 39.783738, 39.580862, 39.041245, 39.020687, 39.293977, 39.414547, 
39.433602, 39.371187, 39.388638, 39.758142, 39.625041, 39.877847, 39.505935, 39.492838, 39.182707, 39.600636, 39.487119, 39.090479, 39.622536, 39.508235, 39.714267, 40.418585, 40.388656, 40.304402, 40.428735, 40.41836, 40.461012, 40.424923, 40.35589, 39.983709, 40.469643, 40.294316, 40.543522, 40.506071, 40.8685, 40.605, 40.487219, 40.882284, 40.767098, 39.946144, 40.671905, 40.247657, 40.133867, 40.034554, 40.040014, 40.040014, 40.040014, 40.040014, 40.040014, 40.040014, 40.118998, 40.375691, 40.692374, 
41.074738, 40.617152, 40.986799, 40.773474, 40.072123, 40.794442, 40.77759, 39.968437, 39.903358, 40.19705, 41.083487, 40.163921, 40.860496, 40.777036, 40.473159, 40.960029, 40.952608, 39.950948, 39.885739, 40.192176, 39.961958, 40.205056, 40.480675, 40.520834, 40.043359, 40.448708, 40.606301, 40.763755, 40.962747, 40.753293, 40.246558, 40.196628, 40.285727, 40.606301, 40.512643, 40.118561, 39.986538, 39.881586, 40.071792, 40.277121, 40.319429, 40.300013, 40.170546, 40.758188, 40.388656, 40.667985, 
42.631359, 42.938385, 42.931178, 42.824095, 42.842554, 43.062285, 42.606088, 42.544084, 42.604425, 43.01185, 42.479137, 42.535534, 42.755627, 42.466086, 43.013805, 42.693915, 42.524134, 42.536402, 42.952553, 42.563129, 42.459022, 43.125531, 42.46, 42.474234, 42.554134, 42.587117, 42.567543, 42.603172, 42.710445, 42.910198, 42.93281, 42.68347, 42.596784, 42.650265, 42.582961, 42.672322, 42.670932, 42.739751, 43.03154, 42.786198, 42.682081, 42.769956, 43.088742, 42.978974, 42.824095, 42.829226, 42.85452, 
42.773535, 42.826805, 42.503285, 42.488735, 42.660091, 42.472235, 42.482585, 42.501385, 42.497035, 42.518635, 42.948521, 42.465275, 42.499335, 42.833034, 42.462036, 42.497736, 42.526965, 42.556943, 42.563505, 42.597323, 42.660091, 42.516851, 42.467086, 42.672322, 42.465886, 42.511293, 42.514885, 42.727731, 42.779239, 42.753378, 43.131709, 42.599133, 42.587643, 42.254788, 42.280887, 42.266805, 42.307288, 42.253502, 42.253502, 42.232807, 42.291637, 42.008164, 42.194865, 42.239933, 42.253502, 42.566097, 
42.160216, 42.509476, 42.05589, 42.316922, 42.306288, 42.239933, 42.281638, 42.239933, 42.294987, 42.277388, 42.333787, 42.335687, 42.320237, 42.344837, 41.965806, 41.777302, 42.107026, 42.324338, 42.239933, 42.445724, 42.130091, 42.449117, 41.876895, 42.292582, 42.454366, 41.754298, 41.846349, 42.243488, 42.365936, 42.239933, 42.427835, 42.239933, 42.396194, 41.811196, 42.14784, 42.01968, 42.081363, 41.904793, 41.940898, 42.128069, 42.501401, 41.988228, 42.425506, 41.885451, 42.455063, 42.370837, 
42.073793, 42.212372, 42.405636, 42.16489, 41.807647, 42.45644, 42.049534, 42.231788, 41.773203, 42.137071, 42.276688, 42.335937, 42.293787, 42.33087, 42.289354, 42.422746, 42.134658, 42.121345, 42.199989, 42.16, 42.205289, 42.223482, 42.247039, 42.343787, 42.375237, 42.421936, 42.365337, 42.433703, 42.375787, 42.352837, 42.348937, 42.307088, 42.338137, 42.379019, 42.410037, 42.395904, 42.368137, 42.378287, 42.328338, 42.277738, 42.269288, 42.425236, 42.460986, 42.426786, 42.239933, 42.394586, 42.410487, 
42.438186, 42.331821, 42.388786, 42.355437, 42.250505, 42.386087, 42.239933, 42.239933, 42.239933, 42.432686, 42.427636, 42.425836, 42.467235, 42.396736, 42.379436, 42.426285, 42.20649, 42.239933, 42.239933, 42.712944, 42.239933, 42.239933, 42.239933, 42.239933, 42.239933, 42.239933, 42.239933, 42.239933, 42.239933, 42.239933, 42.239933, 42.239933, 42.239933, 42.239933, 42.239933, 42.239933, 42.239933, 42.239933, 42.239933, 42.239933, 42.546445, 42.5863, 42.660091, 42.586677, 42.569278, 42.708151, 
42.662293, 42.638533, 42.662732, 42.563644, 42.672322, 42.558151, 42.598734, 42.609789, 42.662902, 42.689632, 42.639777, 42.672322, 42.611783, 42.660091, 42.541268, 42.572442, 42.595233, 42.660091, 42.661129, 42.642764, 42.642302, 42.68828, 42.675435, 42.508809, 42.660091, 42.660091, 42.5065, 42.465142, 42.458502, 42.668532, 42.626947, 42.644581, 42.660091, 42.720966, 42.660091, 42.768373, 42.747677, 42.644709, 42.66415, 42.656281, 42.722932, 42.74628, 42.660091, 42.783379, 42.765582, 42.803277, 
42.838438, 42.820082, 42.823968, 42.467945, 42.462734, 42.470984, 42.511766, 42.586597, 42.571402, 42.593035, 42.657361, 42.642431, 42.7253, 42.549483, 42.660091, 42.532251, 42.523233, 42.491736, 42.660091, 43.357999, 43.558856, 42.940019, 43.053648, 43.803691, 42.869478, 43.268788, 43.214645, 43.262162, 42.816358, 43.420791, 43.176375, 43.154173, 43.263998, 43.029526, 43.50461, 43.519997, 42.936145, 42.918766, 42.78459, 43.89867, 43.072177, 43.66139, 43.239123, 42.870299, 43.111009, 42.911611, 42.925677, 
42.952899, 43.812371, 42.800191, 43.038967, 43.952534, 43.048777, 42.955783, 42.988946, 43.243891, 42.800911, 43.336126, 43.198014, 42.938891, 43.660079, 43.182851, 43.116959, 43.131102, 43.210744, 42.84391, 43.167457, 43.219132, 43.618879, 43.264205, 44.023181, 43.938529, 43.452038, 43.736207, 43.418054, 43.512287, 42.950128, 43.673699, 42.939379, 42.92, 42.965926, 43.014077, 43.011227, 43.043627, 43.062076, 43.047826, 42.973263, 43.020176, 42.984777, 42.972477, 43.002, 43.005477, 43.034927, 42.978995, 
42.977895, 42.973627, 42.972244, 43.011277, 43.032677, 43.080578, 43.002, 44.407339, 42.993102, 43.413975, 43.423925, 43.441975, 43.473075, 43.458776, 43.348535, 43.431375, 43.348535, 43.40153, 44.142282, 43.617796, 43.87787, 43.93724, 43.25118, 43.422568, 43.190239, 43.828266, 43.747084, 44.825431, 43.807728, 44.718279, 43.840787, 43.518309, 44.041529, 44.052759, 43.416335, 44.462149, 43.807162, 44.305812, 44.327064, 43.67579, 43.864435, 43.959478, 43.748816, 44.399711, 44.616344, 43.410627, 43.41, 
43.605457, 43.538252, 43.652404, 44.654024, 43.150386, 43.851276, 44.258616, 43.862479, 44.484145, 44.468977, 43.297082, 44.360384, 43.69784, 43.985129, 44.080925, 44.288158, 43.400958, 43.467315, 43.647297, 43.637471, 43.612884, 43.647297, 43.587817, 44.06434, 44.708179, 43.607523, 43.737798, 43.583323, 43.556574, 43.831509, 44.79652, 43.346632, 43.490117, 43.460075, 43.944466, 43.604819, 43.314176, 44.746486, 43.492259, 44.335904, 43.83014, 43.605861, 43.542822, 43.340413, 43.664593, 43.49442, 
44.54684, 44.563997, 44.379147, 44.663477, 43.410781, 44.725546, 44.442563, 43.34896, 44.580133, 43.274498, 43.519522, 44.328794, 44.046475, 44.447318, 43.736747, 43.85672, 44.206123, 43.462775, 43.407321, 43.737971, 43.331961, 44.54106, 44.821813, 44.250144, 44.266549, 44.147192, 44.127342, 43.645608, 43.370434, 43.327048, 44.246004, 43.334958, 43.377113, 43.389262, 42.581148, 43.640574, 42.599184, 43.179346, 43.145475, 42.821233, 43.085313, 43.184647, 43.413761, 42.580076, 42.841491, 42.757633, 
43.000193, 43.272279, 42.552218, 42.842438, 42.645985, 42.8288, 42.747922, 42.725884, 42.723784, 42.599184, 42.507093, 43.404412, 43.362879, 43.098253, 43.411924, 42.944209, 43.141649, 43.011103, 42.666646, 42.749774, 43.1791, 42.760217, 43.104499, 42.639235, 42.612243, 42.603479, 43.096466, 42.981932, 43.269967, 42.884921, 42.788151, 43.447625, 42.962965, 43.355304, 43.102399, 42.582902, 42.678059, 43.197414, 42.845703, 43.60616, 43.564736, 43.026842, 42.733673, 43.356518, 42.603479, 42.702128, 
43.090038, 42.997636, 42.99605, 43.113587, 43.160914, 42.807435, 42.987795, 43.184467, 42.864338, 42.640719, 43.403224, 43.713365, 42.998998, 43.422397, 42.929829, 42.803973, 43.534764, 43.21107, 43.247555, 43.426703, 42.944929, 43.297366, 43.293977, 42.759217, 43.402185, 42.643684, 43.662482, 42.928735, 42.68669, 43.523617, 42.705285, 42.599184, 42.764167, 42.596071, 42.596071, 42.599184, 42.704435, 42.677335, 42.734434, 42.599184, 42.737701, 42.599184, 42.735535, 42.599184, 42.728585, 42.723735, 
42.732535, 42.599184, 42.732535, 42.732535, 42.731885, 42.748734, 42.599184, 42.72, 42.732535, 42.599184, 42.278891, 42.210792, 42.245412, 42.330089, 42.323045, 42.295005, 42.29714, 42.26549, 42.272538, 42.531244, 42.089314, 42.347289, 42.308798, 42.311089, 42.30244, 42.34381, 42.35714, 42.246402, 42.245412, 42.246402, 42.447038, 42.10809, 42.001551, 42.216541, 42.371729, 42.345815, 41.850631, 42.142445, 41.854639, 41.907837, 41.924331, 42.239592, 42.239393, 42.595121, 41.912776, 42.32, 42.209307, 
42.224757, 41.960856, 42.245412, 41.847413, 42.296105, 42.105719, 42.504149, 42.004729, 42.292335, 42.504137, 42.184303, 42.111949, 42.289991, 42.37346, 42.395965, 42.19923, 42.64275, 42.424387, 41.878312, 42.36175, 42.393586, 42.215357, 42.144087, 42.037422, 42.026876, 42.277837, 42.204494, 42.540492, 42.234417, 42.005815, 42.588988, 42.245412, 41.916374, 42.439324, 42.245412, 42.459989, 42.22514, 42.462935, 42.171777, 41.943472, 42.379689, 42.178035, 42.074435, 42.117421, 42.187577, 42.010485, 
42.403593, 41.822244, 42.09724, 41.958306, 42.06137, 41.916613, 42.63222, 42.117028, 42.186679, 41.792628, 41.944869, 41.949244, 41.944691, 42.001551, 41.94263, 41.830012, 42.022092, 41.797792, 41.801264, 41.876483, 41.848782, 41.784691, 41.875968, 41.828055, 42.001551, 41.890521, 42.036334, 42.015092, 41.820452, 41.827718, 41.787096, 42.424092, 44.21551, 44.30476, 42.252268, 42.262135, 42.227536, 42.252847, 41.992765, 41.900927, 42.261257, 42.379469, 41.956743, 41.821595, 41.991654, 42.089891, 41.731009, 
42.071196, 42.121774, 41.853441, 42.067837, 42.177223, 41.910884, 41.782499, 42.284771, 42.107907, 41.89958, 42.147222, 42.118019, 41.857385, 41.766891, 42.048979, 42.018585, 42.464769, 42.034427, 41.974999, 42.230336, 41.776287, 41.746349, 42.054795, 41.884795, 42.371819, 42.164338, 41.963683, 42.158739, 42.443387, 42.020199, 41.844894, 41.757599, 41.869086, 42.285987, 41.886364, 41.832213, 42.398355, 41.843254, 41.988026, 41.798043, 42.395023, 41.912292, 41.791959, 41.79583, 42.050744, 42.050628, 
42.203838, 42.38806, 42.458785, 42.012268, 42.035005, 41.733173, 41.770793, 42.97252, 42.834137, 43.271422, 43.895264, 43.747406, 43.078615, 43.697651, 43.747881, 43.523037, 42.633006, 43.693086, 42.731193, 42.802932, 42.794914, 43.071201, 43.22724, 43.224155, 43.755335, 43.059661, 43.368957, 42.721597, 42.763599, 43.244538, 43.34022, 42.634199, 43.405689, 43.231933, 42.944838, 43.623053, 42.689437, 42.739942, 43.494361, 43.430588, 43.764906, 43.335474, 43.617313, 43.117214, 43.696188, 43.291089, 
42.588087, 43.161106, 43.587286, 43.3157, 42.681969, 43.57219, 43.031413, 43.031413, 43.031413, 43.031413, 44.321979, 43.60034, 42.973667, 43.930995, 43.125652, 43.06507, 43.907681, 42.643315, 42.575519, 43.080865, 44.016249, 44.100701, 43.464943, 43.554311, 43.135994, 42.630533, 43.04117, 42.891709, 42.679762, 43.708002, 43.595939, 42.985596, 42.765918, 42.823232, 43.443787, 42.873302, 42.826676, 42.904275, 42.985596, 43.010337, 43.967306, 42.768619, 43.032323, 43.678258, 43.436692, 43.234014, 43.199364, 
43.232615, 43.295493, 43.198048, 43.278021, 43.551783, 43.091183, 43.791699, 42.484769, 43.200998, 43.520576, 42.668174, 43.946244, 43.607628, 43.08767, 43.360182, 43.945299, 43.733491, 42.935483, 43.389775, 43.295493, 42.829252, 43.031413, 42.984226, 43.031413, 42.964176, 42.977925, 43.000076, 42.945727, 42.933077, 42.876661, 42.905877, 43.031413, 42.888821, 43.031413, 43.031413, 43.031413, 43.031413, 42.89, 43.031413, 43.022199, 42.9, 43.031413, 42.97, 42.999561, 42.927801, 42.868228, 43.031413, 
43.031413, 43.031413, 44.933988, 44.115429, 44.544624, 43.031413, 44.851771, 43.031413, 44.243788, 44.789382, 44.976915, 44.877741, 44.494139, 44.433903, 44.970267, 44.592766, 44.643593, 44.306885, 44.306548, 44.516368, 44.872464, 45.074263, 43.889404, 44.44905, 44.245509, 45.107683, 44.617592, 44.900873, 44.845213, 43.893894, 44.233529, 44.555245, 44.215959, 44.631, 44.884904, 44.647716, 44.30192, 43.84716, 44.701761, 43.880898, 44.634131, 44.105814, 44.371587, 44.743834, 44.515487, 45.000254, 44.561602, 
44.725887, 44.382889, 43.867421, 44.975051, 45.023384, 44.023714, 44.05505, 44.204505, 44.905437, 44.234322, 44.426913, 44.888566, 44.095357, 44.635328, 44.335387, 44.405334, 45.107479, 44.955872, 45.066568, 44.365757, 44.829056, 43.906666, 43.878924, 44.654872, 44.993085, 44.531456, 44.74136, 44.816178, 44.735559, 44.117243, 44.209541, 44.774285, 44.918887, 44.816178, 45.773926, 45.355074, 45.431122, 45.08583, 45.016358, 46.274091, 45.523425, 45.215511, 45.206973, 46.411782, 45.515594, 45.430705, 
45.714093, 45.998074, 45.294169, 45.589694, 45.416693, 45.625353, 46.33614, 45.992931, 45.994672, 45.1379, 46.355548, 45.160264, 45.039542, 45.354266, 44.809476, 45.028411, 44.989608, 46.064734, 45.580183, 44.683274, 44.682996, 45.502308, 45.282088, 44.993111, 46.01207, 45.068394, 44.827421, 46.340461, 45.418813, 44.884763, 44.963659, 46.250359, 44.99718, 45.631602, 44.839929, 45.856777, 44.682965, 45.433394, 46.048831, 45.563799, 46.142357, 45.423768, 45.354463, 44.920907, 46.659548, 45.567787, 
45.360111, 46.165132, 45.758378, 45.248956, 45.311011, 46.410777, 45.413252, 46.204512, 45.923952, 45.739114, 46.460895, 46.410777, 46.181451, 46.410777, 46.267303, 46.387377, 45.48586, 45.354677, 46.199197, 45.169729, 45.269001, 44.870234, 45.268255, 45.87178, 45.800687, 47.322703, 46.436663, 45.770006, 46.650313, 45.59232, 45.435313, 46.501074, 46.186913, 46.323845, 45.921508, 45.936883, 46.604141, 46.191702, 45.521574, 46.470986, 46.364487, 46.364395, 46.156073, 45.751671, 45.994849, 46.291233, 
45.947706, 45.769159, 46.180416, 45.847136, 46.095949, 46.655567, 46.000666, 46.299186, 45.692178, 45.709804, 45.376503, 46.458207, 45.781167, 46.301265, 46.042121, 46.554402, 45.1431, 46.54081, 46.37503, 45.610678, 45.840744, 46.604141, 46.517192, 46.434201, 46.07199, 45.792399, 46.440274, 45.987113, 45.889823, 45.693128, 45.80007, 46.108829, 45.926298, 46.345957, 46.086125, 46.085875, 46.460628, 46.399545, 46.356104, 45.695551, 45.417184, 46.229173, 45.755894, 45.314014, 45.778066, 46.191294, 45.685664, 
47.297841, 46.045407, 46.234686, 47.101109, 46.795417, 46.576653, 46.480948, 46.46077, 47.239083, 46.063428, 47.010896, 47.283086, 47.467597, 46.559834, 46.12624, 47.093922, 47.122751, 47.414054, 46.555946, 46.056611, 46.780926, 47.145007, 47.11929, 47.170691, 46.108022, 46.47351, 47.269659, 46.421861, 47.17583, 46.766303, 46.420235, 46.730077, 47.400603, 46.7596, 46.846455, 47.034828, 46.830728, 46.470746, 46.739853, 46.469552, 46.877, 47.069257, 46.081472, 47.001469, 46.459705, 46.466645, 46.258959, 
46.53227, 46.754237, 46.158139, 46.045288, 41.363615, 41.507565, 41.612628, 42.116477, 42.50767, 41.804875, 40.688451, 41.644716, 42.02933, 42.035998, 42.023557, 42.023535, 42.033235, 41.672687, 41.445635, 41.725288, 41.410484, 41.71, 41.741295, 41.853498, 41.472488, 41.820644, 41.845871, 42.038746, 41.666513, 41.360357, 42.490439, 41.704455, 42.074515, 42.036552, 41.519724, 41.830156, 42.174905, 42.632923, 41.534416, 42.417866, 41.202354, 41.89949, 41.491089, 41.514342, 41.02891, 42.16372, 42.13644, 
40.639737, 41.682808, 41.880967, 42.011477, 41.185045, 41.87131, 41.919495, 40.756632, 41.491203, 41.23022, 41.687847, 42.114858, 40.623677, 41.827287, 40.734072, 40.937432, 41.53106, 41.488275, 42.653654, 41.468077, 41.792118, 40.852515, 42.325266, 41.592497, 41.93746, 42.05, 42.682176, 42.24489, 40.801638, 41.472819, 42.110624, 41.87955, 42.036623, 40.834902, 41.759988, 41.84115, 41.67822, 41.736434, 41.690084, 41.17969, 41.671777, 41.457014, 41.313748, 41.940175, 42.30884, 40.854525, 41.893335, 
41.354068, 42.515426, 41.777174, 41.855913, 42.017677, 42.302683, 41.674757, 42.393155, 40.70332, 41.949947, 41.736358, 41.463624, 41.607887, 41.307595, 41.182964, 40.630919, 41.88053, 42.00533, 41.324195, 40.736802, 41.203946, 41.668493, 40.60243, 42.187863, 41.137674, 41.120845, 41.06058, 41.967091, 41.573516, 42.168307, 41.210955, 41.877415, 41.7388, 42.042506, 41.373193, 41.86625, 41.939663, 41.242194, 41.504978, 40.847504, 41.283703, 41.750745, 41.780089, 41.661112, 41.528347, 41.581309, 41.980296, 
41.039527, 41.685742, 41.334549, 41.334549, 42.026021, 42.250902, 41.445018, 41.702148, 41.193148, 41.470726, 42.045766, 41.031309, 41.456325, 41.701873, 42.17191, 41.348815, 41.411394, 41.846679, 41.223389, 42.162453, 41.381537, 41.782755, 42.594986, 41.584485, 41.381146, 42.303222, 42.237408, 41.557079, 41.604233, 41.89347, 41.931753, 42.168363, 41.536205, 40.962051, 42.135419, 41.304096, 41.308451, 41.56512, 41.864393, 41.871283, 42.281552, 42.010415, 42.186442, 42.280223, 41.500086, 41.5714, 
41.449489, 40.99355, 41.336267, 41.277693, 41.204733, 42.232454, 42.383133, 41.490848, 40.857503, 41.601516, 40.89222, 41.570916, 41.581181, 41.403794, 42.261478, 42.486287, 41.08869, 41.332618, 41.394625, 41.01619, 41.855315, 41.779131, 42.158866, 42.266846, 41.672687, 41.672687, 41.672687, 41.672687, 41.672687, 41.672687, 41.672687, 41.672687, 41.585939, 41.625988, 41.601189, 41.587039, 41.637638, 41.602989, 41.545089, 41.606339, 41.606939, 41.672687, 41.592089, 41.537059, 41.542789, 41.630521, 
41.625788, 41.6, 41.60787, 41.587818, 41.672687, 41.672687, 41.672687, 41.672687, 41.672687, 41.672687, 41.672687, 41.672687, 41.672687, 41.672687, 41.672687, 41.672687, 41.672687, 41.672687, 41.672687, 41.672687, 41.672687, 41.672687, 41.672687, 41.672687, 41.672687, 41.672687, 41.672687, 41.672687, 41.672687, 41.672687, 41.587839, 41.672687, 41.672687, 41.672687, 41.672687, 41.672687, 41.594543, 43.153969, 43.081604, 43.418395, 42.811536, 42.842616, 43.104076, 43.392145, 43.414156, 42.834852, 43.1375, 
42.985613, 42.735305, 43.222661, 42.922595, 43.260087, 43.157144, 43.259165, 43.102343, 42.930305, 43.329416, 42.743106, 43.287532, 43.343138, 42.926804, 43.349766, 43.002473, 43.418877, 43.379814, 42.77929, 43.363881, 43.38301, 43.450496, 43.289041, 42.916174, 43.147661, 43.444448, 43.220043, 43.290536, 43.248524, 43.484445, 43.376582, 43.206593, 43.048973, 42.994932, 42.7402, 43.148134, 43.402708, 43.46592, 42.88516, 43.441028, 42.97779, 43.385425, 42.939528, 43.242739, 43.356439, 43.124246, 43.104175, 
43.236648, 42.499242, 42.768165, 43.0739, 43.398596, 43.023296, 42.624944, 43.295639, 42.523953, 42.884723, 42.802568, 42.346859, 43.192938, 42.36534, 42.603391, 42.738313, 42.733001, 42.973868, 43.117331, 42.720708, 42.26594, 43.465883, 42.456733, 42.659143, 42.453686, 43.115156, 42.279123, 43.225165, 42.58816, 42.71032, 42.764886, 42.269537, 42.259002, 42.818996, 42.836636, 42.720313, 42.475817, 42.455148, 42.844055, 43.448529, 42.358466, 42.872099, 43.204803, 42.947984, 42.417882, 42.949884, 42.52503, 
42.855822, 42.437122, 42.527637, 42.612476, 42.417893, 42.899575, 42.638478, 42.878058, 42.724938, 42.55602, 42.814277, 42.846831, 43.291538, 42.395906, 42.842111, 42.778791, 42.43142, 42.907223, 42.402475, 42.339118, 42.646924, 43.392985, 42.684486, 42.728665, 42.658595, 42.587704, 42.464579, 42.97944, 43.077787, 42.579038, 42.563333, 42.74806, 43.191256, 42.606337, 42.834044, 42.752057, 42.616399, 42.58243, 42.226183, 42.805321, 42.275046, 42.527184, 42.469768, 43.072978, 42.788967, 43.110765, 
42.238432, 42.671132, 42.526943, 42.463161, 42.754361, 42.576054, 42.357549, 43.26232, 42.640202, 42.963377, 42.882349, 42.079127, 42.671214, 42.417252, 42.190943, 42.891377, 42.361095, 42.605576, 42.43442, 42.377311, 42.470191, 43.031136, 42.646089, 42.453206, 42.662282, 42.612267, 42.325098, 42.263223, 42.966003, 42.440131, 42.774435, 42.343304, 42.953461, 43.072094, 42.568395, 43.117425, 42.682886, 42.862275, 42.576102, 42.855231, 42.468387, 42.693119, 42.329448, 42.710399, 42.643265, 42.410168, 
42.527131, 42.846877, 42.193577, 42.807994, 42.741016, 42.451112, 42.778924, 42.459398, 42.473536, 42.475886, 42.513636, 42.469768, 42.407588, 42.477887, 42.469768, 41.070905, 41.029408, 40.931394, 40.671295, 40.69705, 40.621398, 41.237084, 41.048733, 40.796387, 41.002701, 41.039762, 41.242612, 40.814077, 41.307029, 41.142185, 40.780854, 41.308843, 40.909175, 41.247145, 40.700115, 40.944133, 41.20657, 41.053745, 40.618619, 40.905544, 40.80692, 40.857182, 40.960481, 41.672687, 41.672687, 41.672687, 
41.672687, 41.672687, 41.672687, 41.58, 41.57, 42.819093, 42.687676, 42.983011, 42.378152, 42.710831, 42.316288, 42.403236, 42.809286, 42.9552, 42.075717, 42.916772, 42.754004, 42.759208, 42.345024, 42.471378, 42.896225, 42.462159, 42.276668, 42.511431, 42.974759, 43.005927, 42.609657, 42.496494, 42.250507, 42.971195, 42.596358, 42.876589, 42.497015, 42.79728, 42.907563, 42.165283, 42.793354, 42.969595, 42.821249, 42.714106, 42.474905, 42.027176, 43.015685, 42.29688, 42.820632, 42.976116, 42.934345, 
42.571699, 42.626822, 42.786134, 42.20486, 42.307882, 42.498879, 42.38556, 42.221763, 42.23092, 42.837641, 42.996361, 42.036864, 42.0477, 42.576775, 42.725792, 42.137272, 42.493559, 42.368406, 42.505387, 42.524145, 42.505046, 42.466292, 42.411155, 42.554944, 42.528033, 42.406357, 43.184994, 43.352016, 43.091483, 43.306169, 43.19528, 43.291936, 43.332554, 43.072732, 43.192342, 43.30957, 43.451905, 43.43813, 43.443704, 43.242958, 43.086954, 43.430275, 43.192619, 43.189668, 43.406831, 43.075142, 43.150381, 
43.415305, 43.364496, 43.133063, 43.401328, 43.193363, 43.082426, 43.014514, 43.239934, 43.003251, 43.393113, 43.407616, 43.183038, 43.437775, 43.320149, 43.30288, 43.33158, 43.413538, 43.38762, 43.057948, 43.133294, 43.428983, 43.432156, 43.303488, 43.309573, 42.951621, 42.066399, 42.09809, 42.345965, 41.911924, 42.279474, 42.186982, 42.08255, 41.913691, 42.113042, 42.019336, 42.096445, 42.005206, 42.332677, 41.785808, 41.7196, 42.204515, 42.266805, 42.302091, 42.184035, 42.126994, 42.27586, 41.885538, 
41.913633, 42.315531, 42.040772, 42.130428, 42.172338, 42.022139, 41.910011, 42.072884, 42.256867, 42.072073, 41.916027, 41.251631, 41.269884, 41.2544, 41.292647, 41.233503, 41.952624, 41.48079, 41.9134, 41.231387, 41.362096, 41.828495, 41.927255, 41.856963, 41.77364, 41.596716, 41.140956, 41.029684, 41.039679, 41.232047, 41.388872, 41.638566, 41.020978, 41.137694, 41.427994, 41.6485, 41.313817, 41.812797, 41.64252, 41.77, 41.307465, 41.182061, 41.695375, 40.998667, 41.470605, 41.425925, 41.142148, 
41.557887, 41.64243, 41.739005, 41.911376, 41.455142, 41.320647, 41.022849, 41.725547, 41.568945, 41.816224, 41.650114, 41.006437, 41.52279, 41.123653, 41.987483, 40.979256, 41.595686, 41.231146, 41.388244, 41.470851, 41.719352, 41.743335, 41.030256, 41.332943, 40.750107, 40.738309, 40.738309, 40.588924, 40.615698, 40.738639, 40.671163, 40.616696, 40.822954, 40.707376, 40.622159, 40.884496, 40.732886, 40.599361, 40.741715, 40.865993, 40.679816, 40.65747, 40.76261, 40.886487, 40.836473, 40.737446, 
42.515252, 42.50963, 42.460604, 42.484861, 42.154059, 42.250445, 42.273028, 42.29025, 42.662381, 42.473959, 41.967074, 42.585197, 42.558403, 42.490907, 42.491416, 42.678463, 42.855022, 42.748558, 42.451496, 42.442226, 42.959691, 42.738079, 42.886672, 42.603334, 42.765031, 42.631604, 42.28911, 42.862739, 42.60483, 42.484297, 42.087769, 42.092925, 42.559621, 42.682337, 42.431983, 42.051619, 42.071239, 42.36059, 42.927724, 42.640962, 42.124141, 42.161997, 42.697689, 42.815385, 42.398112, 42.286954, 
42.484861, 43.345879, 43.47865, 43.194235, 43.119538, 43.468995, 43.00106, 43.382021, 43.442183, 42.935873, 42.834286, 43.141414, 43.195154, 42.960176, 43.463765, 43.358764, 43.1101, 43.419137, 43.051922, 43.019203, 43.042838, 43.061204, 43.48058, 43.130438, 43.104035, 43.21661, 42.839782, 43.308213, 43.069086, 43.203977, 42.845037, 43.212565, 43.068101, 43.265791, 42.983744, 41.320371, 42.158477, 41.808301, 41.686351, 42.106972, 41.993799, 42.088117, 41.887989, 41.911228, 42.32437, 41.753372, 42.115943, 
42.193727, 42.198823, 41.914489, 41.888182, 42.080758, 42.291075, 42.235999, 41.728994, 41.640716, 41.575609, 42.424914, 42.162873, 42.011889, 41.992936, 41.89239, 41.912296, 42.145175, 41.358606, 41.809975, 42.044409, 41.55464, 41.732868, 42.346132, 41.961726, 41.649867, 41.688215, 41.662116, 41.642657, 41.572682, 41.662083, 41.650916, 41.503882, 41.341027, 42.005883, 41.741215, 42.191979, 41.909156, 41.950398, 41.86521, 41.913959, 41.790216, 42.042648, 42.018441, 41.900204, 41.790988, 41.572665, 
42.109395, 42.221176, 42.006556, 42.259239, 41.929178, 41.995899, 41.527681, 41.755771, 41.900443, 41.642657, 42.003337, 42.134893, 41.6896, 41.983923, 42.065474, 41.597014, 42.394662, 41.483058, 42.073765, 42.349458, 42.338694, 42.093056, 41.809993, 41.736497, 41.449599, 42.0626, 41.888096, 41.840184, 41.95277, 41.710231, 42.112232, 42.02524, 42.079415, 42.222388, 42.010556, 41.715992, 41.990295, 42.172481, 42.091217, 41.876767, 42.290421, 41.300042, 41.90889, 41.459739, 41.478896, 41.680696, 41.356493, 
41.651571, 42.054649, 41.97545, 42.021016, 41.982201, 41.947335, 41.980283, 42.287191, 42.079415, 42.079415, 42.079415, 42.079415, 42.049941, 42.079415, 42.079415, 42.079415, 41.023872, 40.995466, 41.026796, 41.0255, 41.273646, 40.86112, 40.947787, 40.73045, 40.745286, 41.153462, 40.649744, 41.218744, 40.730159, 41.085573, 40.616347, 41.330967, 40.798007, 40.837112, 41.151537, 40.919465, 40.648624, 41.017736, 41.016566, 40.852256, 41.214824, 41.26457, 41.17196, 40.747997, 41.14579, 40.946765, 41.178396, 
40.948022, 40.679958, 40.86655, 40.679322, 40.620468, 40.797559, 41.201922, 41.281669, 41.130669, 40.792046, 40.801913, 40.66442, 41.194129, 41.339202, 40.873769, 40.673728, 41.328837, 40.777917, 40.833045, 41.286619, 40.814207, 40.542869, 40.697875, 41.209047, 40.865859, 40.741062, 40.675175, 40.655336, 40.637694, 40.823716, 40.784287, 40.409641, 40.991682, 41.008896, 40.828014, 40.547399, 41.09739, 40.974026, 40.977395, 41.038005, 40.920995, 41.069373, 41.133346, 40.594704, 40.848485, 40.952014, 
40.87657, 41.103879, 41.171534, 41.141336, 40.830534, 40.719775, 40.758742, 40.707554, 41.126832, 40.980185, 41.978834, 41.509085, 41.578393, 41.749701, 41.551883, 41.498603, 41.96264, 41.456515, 41.823151, 41.780515, 41.963196, 41.861633, 41.880619, 41.84, 41.880619, 41.259329, 41.265956, 41.378166, 41.825848, 41.73542, 41.712643, 41.603249, 41.659064, 41.355531, 41.926933, 41.836317, 41.277239, 41.609382, 41.349983, 41.476534, 41.732418, 41.801711, 41.744689, 41.462494, 41.57371, 41.413372, 41.720483, 
41.473955, 41.56823, 41.677679, 41.594283, 41.999113, 41.750868, 41.617234, 41.907575, 41.573818, 41.843587, 41.604559, 41.522832, 41.513182, 41.538582, 41.546931, 41.613034, 41.574581, 41.565433, 41.613034, 41.613034, 42.689339, 43.61014, 43.461969, 43.211067, 43.498943, 43.060872, 43.623996, 43.10836, 43.018696, 43.76983, 43.602787, 43.657079, 43.305412, 43.575272, 44.033215, 43.914168, 43.313002, 43.199526, 43.05348, 43.699527, 43.85255, 43.483263, 43.219155, 43.777582, 43.32546, 43.718294, 43.313361, 
43.132743, 43.639395, 43.446666, 43.233282, 43.345528, 43.395861, 43.178685, 43.322213, 43.075784, 43.378828, 43.52413, 43.924095, 43.740794, 43.055315, 43.153447, 43.257364, 43.584926, 43.887372, 43.499518, 43.151183, 43.018696, 43.146023, 43.80576, 43.108775, 43.289159, 43.433807, 43.949961, 44.067942, 43.97207, 43.018696, 43.689915, 43.108241, 43.114118, 43.622793, 43.076953, 43.758674, 43.40181, 43.564477, 43.265289, 43.3182, 43.808108, 43.394676, 43.736145, 43.718294, 43.797567, 43.731685, 43.33278, 
44.075128, 43.14004, 43.446623, 43.502688, 43.223907, 43.665399, 43.170606, 43.40328, 43.234506, 43.231506, 43.414202, 42.58098, 42.500141, 42.886982, 42.551693, 42.662671, 42.825711, 42.535968, 42.948416, 42.60027, 42.63427, 42.991622, 42.881035, 42.797775, 42.711105, 43.050762, 42.546003, 42.778642, 42.960098, 42.526028, 42.937448, 42.941264, 42.896145, 42.560001, 43.000999, 42.66749, 42.691937, 42.60217, 42.58098, 42.559823, 42.56427, 42.601842, 42.973663, 42.587613, 42.649557, 42.872477, 42.901235, 
42.980163, 42.574616, 42.935259, 42.884347, 42.879242, 42.540048, 42.529075, 42.555695, 42.742629, 42.573081, 42.550263, 42.642298, 42.909816, 42.642223, 42.699169, 43.015999, 42.515668, 42.515596, 42.696322, 43.002534, 42.532636, 42.798555, 43.015289, 43.018696, 43.020762, 42.967394, 42.818747, 42.573162, 42.511818, 42.58098, 42.512403, 42.566752, 42.55, 43.011264, 43.046213, 43.037963, 43.017414, 43.053763, 43.076179, 42.985465, 43.047863, 43.11941, 43.068962, 43.083012, 43.072062, 43.049012, 43.020363, 
42.999364, 43.086711, 43.14351, 43.11096, 42.996614, 42.969115, 42.953915, 43.083261, 43.163692, 43.153865, 43.11576, 43.048545, 42.997647, 42.966681, 43.037313, 43.017412, 42.971156, 43.017412, 42.94, 44.056094, 43.038663, 43.074583, 43.044013, 43.038513, 43.038763, 43.017412, 43.038863, 43.038863, 43.040963, 43.040963, 43.017412, 43.017412, 43.040613, 43.037263, 43.040813, 43.017412, 42.727153, 42.767286, 42.704519, 42.743169, 42.714369, 42.730807, 42.731224, 42.727153, 42.999481, 42.727153, 42.605454, 
42.71815, 43.150122, 42.698173, 42.642661, 43.15498, 43.008697, 42.865397, 42.729814, 42.526464, 42.669779, 43.131939, 42.802663, 43.031138, 43.23854, 42.613107, 42.839241, 42.552731, 42.99273, 42.551253, 42.970855, 43.073751, 43.116408, 43.228109, 42.686745, 43.055415, 43.240098, 42.974296, 42.841688, 43.011323, 42.772516, 42.668944, 42.924942, 43.222854, 42.572413, 42.632325, 43.043206, 42.878192, 42.69146, 42.666761, 42.729359, 42.68, 42.993905, 42.567333, 43.082761, 42.92239, 42.906219, 43.325153, 
43.213963, 43.339823, 43.015498, 43.172619, 43.177861, 43.37262, 43.103711, 42.778497, 42.852038, 42.603462, 42.989241, 42.745346, 43.277409, 42.985255, 43.1914, 42.81636, 42.929208, 42.635236, 43.302123, 43.318318, 43.296299, 42.85044, 43.361048, 43.020516, 43.267183, 43.279435, 42.518695, 42.5744, 42.584521, 43.174503, 42.926473, 43.189953, 43.06956, 42.988593, 43.18584, 42.976078, 43.192403, 43.182873, 43.21352, 42.649309, 42.547163, 43.680522, 43.06956, 43.06956, 43.078646, 43.121416, 43.073395, 
43.074296, 43.06956, 43.06956, 43.06956, 43.06956, 43.036696, 43.037647, 43.099861, 43.061546, 43.065621, 43.072994, 43.095178, 43.029497, 43.06956, 43.06956, 43.06956, 43.07, 43.06956, 43.06956, 43.098202, 43.06956, 43.06956, 43.15955, 43.048908, 43.06956, 43.06956, 43.06956, 43.076691, 43.06956, 43.06956, 43.06956, 43.06956, 43.06956, 43.06956, 42.922835, 42.873625, 42.563769, 42.873162, 43.136963, 42.734625, 42.607138, 42.627951, 42.98995, 42.818053, 42.532592, 42.859325, 42.847591, 42.996023, 
42.941786, 42.743948, 42.695285, 43.036566, 42.859325, 42.928048, 43.124756, 43.063729, 42.522232, 43.549851, 43.908737, 43.321005, 43.483503, 43.456814, 43.414202, 43.734566, 43.660412, 43.518602, 43.559975, 43.503482, 43.340383, 43.664224, 43.95546, 43.426936, 43.752732, 43.691602, 43.740108, 43.407179, 43.566325, 43.967604, 43.588986, 43.868852, 43.378638, 43.693508, 43.589593, 43.579867, 43.468211, 43.401354, 43.705113, 43.727646, 43.747501, 43.783534, 43.792518, 43.90147, 43.393526, 43.776098, 
43.765621, 43.522529, 43.404191, 43.544491, 43.535249, 43.393767, 43.53414, 43.442214, 43.469055, 43.685137, 43.633781, 43.907282, 43.645603, 43.648089, 43.49534, 43.412658, 43.39269, 45.326339, 44.96915, 44.782907, 45.319095, 45.237727, 45.586187, 45.189667, 45.351585, 44.734759, 44.718955, 45.115377, 45.06461, 44.626915, 44.957487, 44.978518, 45.122052, 45.299735, 44.752662, 44.854636, 44.970887, 45.469339, 45.142151, 45.221875, 44.938989, 44.944206, 43.690997, 43.747687, 43.489717, 44.393405, 
45.068411, 44.788898, 45.503625, 45.655708, 45.428789, 44.472424, 44.710588, 44.179504, 44.826617, 45.054842, 44.264904, 45.245131, 44.42042, 45.613142, 45.755118, 45.873589, 44.205239, 44.904959, 45.634252, 44.291766, 44.795823, 44.860223, 44.131149, 44.293197, 44.416326, 44.901909, 44.268387, 44.76022, 45.312629, 44.943923, 44.286637, 44.728341, 45.092448, 45.204046, 44.984514, 45.732689, 44.565437, 44.886571, 44.86802, 44.52284, 45.595032, 45.057605, 45.207353, 44.1196, 45.116325, 44.65711, 44.51523, 
44.779241, 44.173538, 44.506022, 44.718335, 44.640367, 45.047766, 45.30942, 45.370117, 44.325856, 44.731453, 44.613604, 45.059668, 44.109853, 44.753401, 44.58906, 44.237283, 44.086144, 44.358527, 45.027668, 45.271782, 45.158078, 45.146473, 44.693392, 44.200758, 44.224851, 44.456022, 44.55681, 44.096194, 44.132295, 45.059713, 44.27809, 44.257289, 44.559995, 44.142939, 44.008575, 45.186528, 44.844133, 44.326784, 44.174245, 44.829002, 44.037618, 45.365984, 44.19011, 44.489059, 44.505782, 44.530892, 
44.499346, 44.460064, 44.460064, 44.460064, 44.459509, 45.210664, 44.485243, 44.564261, 44.460064, 45.610429, 44.42504, 45.54142, 46.18508, 44.958382, 44.900936, 44.976118, 44.466554, 44.950905, 44.421111, 44.513056, 45.03324, 45.121666, 44.536298, 45.040345, 44.662975, 44.283542, 44.95258, 44.619128, 44.879391, 45.025111, 45.221567, 45.222391, 44.619487, 44.903, 44.984128, 44.585504, 45.28142, 45.006072, 44.907131, 44.834167, 45.440199, 44.780171, 45.138072, 45.116388, 44.900936, 45.186932, 45.206757, 
45.372921, 44.557846, 44.775105, 45.206757, 44.830734, 44.645158, 45.345991, 44.612879, 45.249382, 44.758265, 45.077541, 44.935076, 44.656686, 45.006232, 45.171131, 45.181311, 44.620203, 44.787003, 44.553719, 44.260056, 44.490241, 45.434426, 44.945107, 45.392118, 45.516138, 45.249382, 45.393536, 44.404914, 44.452277, 44.348816, 45.297753, 44.918707, 44.466554, 44.641554, 44.885168, 44.484001, 44.903194, 44.764411, 45.064903, 44.524054, 44.57, 44.793747, 45.381803, 44.734445, 45.510639, 44.844939, 
44.456798, 45.321034, 45.211554, 44.509433, 44.729524, 44.373468, 44.376507, 45.034443, 44.797279, 45.64672, 45.69606, 46.083178, 45.54608, 46.024995, 45.536545, 46.136639, 46.040996, 45.522208, 45.922669, 45.85263, 46.429932, 45.500701, 46.119661, 45.707456, 45.549336, 45.754415, 45.337678, 46.40553, 46.346699, 45.527003, 45.964667, 45.811923, 46.149936, 45.55375, 45.920035, 45.731478, 46.122746, 46.273618, 46.183572, 45.869921, 46.410758, 46.187253, 45.927783, 46.056677, 45.716124, 45.549425, 46.221041, 
45.914371, 46.495575, 45.995755, 46.058408, 45.815926, 45.477056, 45.63298, 46.309371, 45.432682, 45.924341, 43.797116, 43.907739, 43.848665, 44.362741, 44.44202, 44.253423, 44.061018, 43.894741, 44.277231, 44.293183, 43.95685, 43.749142, 44.087601, 43.659389, 44.248179, 43.713575, 43.433893, 44.130528, 43.217285, 44.168986, 43.373139, 44.13288, 44.087366, 43.291992, 43.559832, 43.610055, 44.400995, 43.978816, 43.880649, 43.795422, 43.610629, 43.246161, 43.94521, 44.15175, 44.186869, 44.029269, 43.31493, 
44.057528, 43.836783, 43.971514, 43.899664, 43.740893, 43.454264, 43.869244, 43.265154, 43.388055, 43.96977, 43.194284, 43.68804, 44.309131, 43.984412, 44.026843, 44.003084, 43.502238, 43.543934, 44.134587, 43.656393, 43.903949, 43.833159, 43.900433, 44.780427, 44.726626, 44.82961, 44.80416, 44.62411, 44.699923, 44.608838, 45.101683, 45.062111, 44.946486, 44.963809, 45.312195, 44.932711, 45.012181, 45.36469, 45.155211, 45.275752, 45.086186, 44.946496, 44.613891, 44.718959, 44.586469, 44.872678, 44.763269, 
44.601345, 44.763678, 44.311074, 45.319786, 45.253108, 44.550251, 44.38161, 45.074725, 44.949207, 44.615442, 44.86877, 44.434537, 44.584633, 44.451724, 45.235611, 44.555876, 44.478326, 44.424662, 44.624559, 45.24647, 45.186997, 44.946496, 45.142866, 45.323865, 44.833746, 44.963528, 44.530201, 44.545046, 44.95298, 45.084813, 44.377781, 45.07413, 45.850775, 45.418325, 46.577191, 45.455304, 45.39701, 45.646145, 46.856701, 46.682796, 45.661506, 45.423409, 45.45273, 46.588243, 46.213138, 45.401622, 45.454867, 
45.505963, 46.802909, 45.858431, 45.552434, 46.036193, 46.326236, 45.742668, 45.671767, 46.449996, 45.679878, 46.233591, 46.360155, 45.75118, 45.612444, 46.513247, 46.005082, 46.765166, 45.811685, 46.372151, 46.553351, 45.477445, 46.476428, 46.799835, 45.468941, 45.577963, 46.626518, 46.396053, 46.433167, 45.591546, 45.52624, 46.127976, 46.599122, 45.766112, 45.458812, 46.587809, 46.757192, 45.767489, 45.517226, 45.714265, 45.750367, 45.780793, 46.354613, 46.58521, 45.947509, 45.842713, 46.684273, 
45.882227, 45.967422, 45.407855, 46.525129, 46.69297, 45.870441, 45.422669, 45.843581, 44.043984, 43.988616, 44.06858, 44.018871, 44.06858, 44.28018, 44.276986, 44.416326, 44.322836, 44.267411, 44.244753, 44.416326, 44.307561, 44.538848, 43.978561, 44.617819, 44.101044, 44.732083, 44.63605, 44.025668, 44.416326, 43.830749, 44.666988, 44.00443, 43.769889, 43.740559, 43.785391, 44.237843, 43.841808, 44.29382, 44.122177, 44.333183, 44.558941, 44.336537, 44.191271, 44.779838, 44.472791, 44.669461, 44.416326, 
44.212448, 44.180085, 44.198944, 43.959371, 44.394143, 44.481372, 44.042594, 43.923141, 44.167646, 44.220945, 44.13777, 43.842646, 44.269991, 44.057375, 43.849309, 43.797693, 44.461926, 44.176716, 44.454684, 44.805167, 43.877109, 43.987186, 44.331217, 44.064068, 44.319005, 44.186455, 44.075084, 44.110806, 44.461926, 44.903133, 45.513447, 45.017767, 45.395494, 45.722, 45.955831, 45.566735, 44.493575, 44.544465, 45.335128, 45.41766, 45.365164, 45.153516, 44.830966, 45.677366, 44.422975, 44.415567, 
44.571365, 44.29478, 44.649263, 45.272117, 44.523212, 44.408846, 45.642235, 45.842603, 44.607553, 45.586488, 44.726517, 45.871294, 46.008128, 45.161267, 45.470239, 44.42278, 44.999023, 44.9316, 44.669564, 45.387281, 44.464394, 45.195606, 44.172277, 45.897003, 44.232811, 44.338132, 44.571056, 44.871166, 45.509818, 44.459969, 44.07393, 45.824236, 44.534866, 44.539036, 46.074687, 44.732105, 45.690784, 45.395912, 44.835366, 46.131798, 45.275771, 45.381784, 44.887966, 44.844833, 44.825391, 45.513447, 
45.403157, 45.651767, 45.054551, 45.021016, 45.424065, 44.674317, 44.247889, 44.541055, 44.586242, 45.054666, 45.329115, 44.964852, 44.935315, 44.964115, 44.953665, 44.934465, 44.967565, 44.928315, 44.982515, 45.010632, 45.081266, 44.882838, 45.076365, 45.011215, 44.964815, 45.060048, 44.913815, 44.989065, 44.903165, 44.957315, 44.873398, 44.844965, 44.804548, 44.804048, 44.743963, 44.921982, 45.085643, 45.076708, 44.985792, 44.896938, 44.97, 45.005902, 45.005902, 45.005902, 44.942656, 44.884265, 
44.952165, 45.005902, 44.990915, 45.005902, 45.005902, 45.005902, 45.005902, 45.005902, 45.005902, 45.005902, 45.005902, 45.005902, 45.005902, 46.837172, 45.005902, 45.005902, 45.005902, 45.005902, 45.005902, 46.147161, 45.237867, 45.246631, 45.247509, 45.254715, 44.953763, 44.732569, 44.613278, 45.426203, 45.358004, 44.761856, 45.102133, 44.723259, 45.175558, 44.751001, 44.736595, 45.170714, 44.866236, 44.809954, 45.470068, 45.387625, 45.085142, 44.768762, 45.015914, 45.057766, 45.091115, 45.217054, 
45.032489, 45.321197, 45.317152, 44.901368, 44.529702, 44.541889, 44.542729, 44.527707, 44.773886, 44.770297, 44.670908, 44.730662, 45.07343, 45.15546, 44.74323, 44.921599, 44.867013, 44.915413, 44.880435, 44.831413, 44.848263, 45.064272, 44.896255, 44.657463, 45.328802, 44.881515, 45.104473, 44.985463, 45.088013, 45.244744, 45.002212, 44.909362, 44.940212, 45.301337, 45.046143, 44.933712, 45.200875, 44.673454, 44.886776, 44.756883, 45.120764, 44.787651, 45.576431, 44.704646, 45.087513, 45.197646, 
44.906512, 45.20382, 45.540181, 44.761796, 44.776138, 45.315823, 44.904987, 45.299358, 44.805487, 44.936423, 44.724926, 44.858595, 44.849912, 44.955136, 45.291986, 45.066811, 44.963063, 45.015914, 45.200875, 44.805487, 44.960829, 44.536882, 44.801162, 45.455085, 44.805487, 44.984615, 44.975565, 44.971765, 44.963365, 44.971798, 44.938615, 44.934915, 44.947515, 44.924115, 44.911564, 44.999165, 45.027715, 44.997665, 44.980379, 44.973415, 44.946664, 44.905365, 45.019315, 44.902414, 44.837964, 45.050434, 
45.014764, 44.877164, 44.904414, 44.846765, 44.952064, 45.006764, 45.059997, 45.064714, 45.059265, 44.829564, 45.095674, 45.163848, 45.164248, 44.875614, 44.903864, 44.822764, 44.8257, 44.875997, 45.015914, 45.001997, 45.046701, 45.108581, 45.106065, 45.112742, 45.039312, 45.003363, 45.186232, 45.168287, 44.882365, 44.969465, 44.971965, 45.015914, 45.015914, 45.015914, 44.97, 45.015914, 45.015914, 45.015914, 44.805487, 45.015914, 45.015914, 45.015914, 45.015914, 45.015914, 45.015914, 45.015914, 45.015914, 
45.015914, 45.015914, 45.281604, 44.805487, 44.805487, 44.805487, 44.805487, 44.805487, 44.805487, 44.805487, 44.805487, 44.805487, 44.805487, 44.805487, 44.805487, 44.805487, 44.805487, 44.805487, 45.200875, 44.805487, 44.805487, 44.805487, 45.015914, 45.015914, 45.015914, 45.015914, 45.015914, 45.015914, 45.015914, 45.015914, 45.015914, 45.015914, 45.015914, 45.200875, 45.200875, 45.200875, 44.805487, 45.200875, 45.200875, 45.200875, 45.200875, 44.989512, 45.200875, 45.200875, 45.200875, 45.200875, 
45.015914, 44.805487, 45.015914, 45.015914, 45.015914, 45.015914, 45.015914, 47.258584, 47.309443, 47.502703, 47.939037, 47.967442, 47.940908, 47.664633, 44.741484, 46.94939, 47.757804, 47.651374, 47.314743, 47.677189, 47.077723, 46.471964, 47.640367, 46.956644, 47.764569, 46.22572, 47.45225, 47.688083, 46.533977, 47.533314, 47.372262, 47.655096, 46.870672, 46.275431, 47.49307, 47.494762, 47.32211, 47.058166, 46.649697, 47.509833, 46.727077, 47.247648, 47.285247, 47.854987, 47.172574, 48.262021, 
46.667284, 47.757041, 47.087782, 47.913365, 47.624206, 46.708371, 47.4211, 46.250308, 46.929033, 47.296271, 47.4741, 47.169979, 47.243062, 47.087782, 47.413817, 47.640367, 46.956138, 46.463827, 47.517269, 47.405699, 46.974237, 47.39654, 46.374991, 46.512349, 47.511214, 46.67746, 47.512426, 47.310374, 47.319362, 47.086392, 47.249626, 46.44429, 47.502878, 47.406731, 48.098627, 48.081686, 47.30797, 47.640367, 46.626514, 46.908416, 46.670691, 47.672765, 47.813694, 46.379971, 47.061875, 46.878205, 47.314189, 
46.679313, 47.825059, 47.640367, 47.527383, 47.116453, 46.317812, 47.930468, 46.534005, 46.723028, 47.005566, 46.774593, 46.972432, 46.86242, 46.798339, 46.770773, 46.738841, 46.674141, 46.753414, 46.821489, 46.809438, 47.640367, 47.640367, 47.640367, 44.048931, 43.991846, 43.996613, 43.988708, 44.022513, 44.064733, 43.564175, 44.128262, 43.671988, 43.88481, 43.743087, 43.664102, 44.024835, 43.630012, 43.569417, 43.84113, 44.035716, 43.910929, 43.731945, 44.026272, 43.975269, 43.511822, 44.135053, 
43.65099, 44.006609, 43.74676, 43.715085, 43.55123, 43.885028, 43.756567, 44.019989, 43.769776, 44.035512, 44.273406, 44.268145, 43.829382, 43.70844, 43.743278, 43.525845, 43.959148, 43.519177, 43.498082, 44.068344, 44.272368, 44.244633, 44.093056, 44.152623, 43.6122, 43.762272, 44.196932, 44.164431, 43.646355, 43.786802, 44.340826, 44.079021, 43.599507, 43.80784, 43.977555, 43.797677, 43.57279, 43.686356, 43.862105, 43.550714, 44.301714, 43.93422, 44.374261, 43.82009, 44.285672, 44.157166, 44.033867, 
44.025446, 43.714071, 44.24431, 44.297157, 44.15644, 44.056047, 44.184909, 44.056047, 43.652042, 43.667207, 43.899907, 44.616113, 43.630763, 43.589604, 43.764506, 44.304948, 44.11754, 43.613686, 44.277333, 44.049908, 43.782104, 44.153696, 43.764111, 43.884985, 43.482104, 44.207288, 43.516115, 44.325833, 43.646916, 43.766208, 43.579548, 44.029058, 43.819798, 43.550747, 44.017609, 43.680519, 44.149047, 43.796535, 43.65048, 44.555899, 43.762109, 43.955103, 43.738397, 44.102188, 44.28491, 43.535709, 
44.320314, 44.431776, 44.128212, 44.070204, 44.393899, 44.449976, 43.930032, 44.045998, 44.204121, 43.723693, 43.931415, 43.848573, 44.429956, 44.546463, 43.899778, 44.308395, 44.331757, 43.735594, 43.671266, 44.007228, 44.080713, 43.986563, 44.337276, 44.21838, 44.302893, 44.29717, 44.239384, 43.834331, 43.563452, 43.95885, 43.930363, 44.067673, 44.234274, 43.731479, 43.764936, 43.870469, 43.626278, 43.645226, 44.398668, 43.971169, 44.227802, 43.621142, 43.513198, 43.936146, 43.702735, 43.957826, 
43.535662, 43.89707, 44.084381, 44.053323, 43.820313, 43.556667, 43.89387, 43.495384, 44.238659, 43.861532, 44.212536, 43.783098, 46.829136, 44.512114, 43.826163, 43.529153, 44.092188, 43.907841, 43.884657, 44.476959, 43.625811, 43.854184, 44.057605, 43.674883, 43.750164, 44.268332, 43.649239, 44.015184, 44.227021, 43.834517, 43.763442, 43.653947, 44.396043, 43.642511, 43.942515, 43.847252, 43.724852, 43.843264, 44.020814, 43.725227, 44.2127, 43.536338, 43.608503, 44.319682, 44.17521, 43.660847, 
44.007631, 43.521947, 44.031366, 44.260625, 43.771341, 43.887295, 44.274909, 44.249331, 43.672105, 44.043567, 43.783453, 44.028354, 43.623255, 45.118846, 45.532754, 45.228278, 45.128657, 45.559291, 45.593033, 45.140784, 44.59231, 45.317872, 44.945988, 44.838823, 45.606998, 44.725437, 45.556847, 44.974538, 44.761504, 44.375214, 45.459383, 45.409218, 45.290863, 44.933861, 44.609098, 44.79129, 45.27133, 44.932368, 45.697239, 45.664974, 44.616243, 44.515475, 45.568463, 44.794723, 45.168724, 45.488399, 
44.690608, 45.34373, 45.800145, 45.299531, 45.133103, 45.18553, 44.959237, 44.397402, 45.036047, 44.986761, 44.446885, 44.943885, 45.113285, 44.417337, 44.58701, 44.985313, 44.417533, 45.584124, 44.552749, 45.242264, 45.327429, 45.897971, 45.245844, 44.766441, 45.335958, 45.200641, 44.633159, 44.945831, 45.028945, 44.540923, 44.783251, 44.79624, 44.716494, 44.475845, 45.238936, 45.344013, 44.598116, 44.501023, 44.403815, 44.317104, 45.024344, 45.823795, 44.6367, 45.526066, 45.49343, 45.568516, 45.547283, 
45.632455, 45.88645, 46.080287, 45.624705, 45.902998, 45.460931, 45.785883, 45.814436, 45.968739, 45.510591, 46.061307, 45.85303, 45.990781, 45.462728, 45.578278, 45.63381, 46.169964, 45.562459, 46.011931, 45.778773, 45.953535, 45.695411, 45.732493, 45.67539, 45.950306, 45.691714, 45.609555, 45.601429, 45.819474, 46.035241, 45.825031, 45.749908, 45.830998, 46.212757, 45.795887, 46.061307, 45.994029, 45.973572, 45.728732, 46.274325, 45.659491, 45.760191, 46.063391, 45.92084, 45.628804, 45.699995, 
45.831767, 46.073505, 45.884771, 46.156758, 45.389395, 45.697362, 45.996396, 47.572516, 45.745266, 45.448703, 45.470635, 45.432316, 45.52886, 45.840565, 45.582653, 45.702598, 45.498506, 45.622966, 45.729898, 45.608178, 45.578335, 45.904129, 45.80679, 45.702767, 46.114445, 45.550378, 45.946528, 45.799542, 45.52886, 45.52886, 45.52886, 45.52886, 45.52886, 45.52886, 46.352758, 46.347175, 46.862332, 46.507241, 45.910946, 46.977161, 46.376819, 46.823666, 47.143679, 46.252854, 46.149276, 46.129933, 46.528094, 
46.67066, 46.194584, 46.438976, 46.145445, 46.735697, 46.747211, 46.166054, 46.244818, 46.963355, 46.32091, 46.483523, 46.650706, 47.206754, 46.498749, 47.239049, 47.260013, 46.770167, 46.527729, 46.362398, 46.970017, 46.501623, 46.702947, 46.974221, 46.602684, 46.368605, 46.718997, 46.099545, 46.630023, 46.605266, 46.380664, 46.434002, 46.447659, 46.439079, 47.099774, 46.809965, 46.933961, 46.732051, 47.322444, 46.863375, 46.723274, 46.653912, 46.284496, 47.4514, 47.55171, 46.467905, 47.158015, 
46.27324, 47.015728, 46.130213, 47.651391, 46.235125, 46.659932, 46.383585, 46.528138, 46.878062, 45.990556, 46.405807, 46.470638, 47.666426, 47.050391, 46.282084, 46.412413, 47.557644, 47.325074, 47.571567, 46.290371, 46.742349, 47.363986, 47.10033, 46.884481, 47.36461, 46.864977, 47.271427, 46.31855, 46.988379, 46.434718, 46.861527, 47.656231, 47.330624, 46.861413, 46.890034, 46.890034, 46.890034, 46.040316, 47.257131, 46.534993, 47.53525, 47.093608, 46.895156, 46.428432, 46.608461, 46.607429, 
47.197932, 47.042394, 46.467527, 46.933961, 46.920986, 46.459359, 46.754039, 47.457626, 46.014161, 47.245894, 47.087171, 46.330985, 46.64246, 46.246571, 47.174775, 46.033624, 46.933961, 47.530842, 46.821648, 46.565562, 47.504496, 47.625699, 47.436583, 48.663939, 47.340327, 48.186112, 47.667203, 48.551313, 47.722624, 47.087782, 47.373207, 47.67265, 47.382872, 47.611885, 47.852874, 47.243893, 46.631748, 47.755904, 47.771933, 47.666705, 48.579947, 47.997931, 47.465509, 47.702771, 48.366833, 48.527572, 
46.975876, 47.578093, 48.27888, 47.64542, 47.954759, 47.821937, 46.850438, 47.464399, 48.018746, 47.750406, 48.603143, 48.443118, 47.854118, 47.871135, 47.036967, 48.730013, 47.506665, 47.508863, 48.27888, 47.663689, 47.617774, 48.769244, 47.690018, 47.855588, 48.153759, 48.786139, 47.501402, 47.756467, 48.118625, 48.192532, 49.342144, 48.071847, 48.342579, 48.795471, 47.808866, 47.761982, 48.574128, 47.956458, 47.970507, 47.826487, 48.445999, 48.128712, 48.698749, 48.32162, 48.787016, 48.655487, 
48.909857, 48.565296, 48.634961, 48.732852, 48.892011, 47.702366, 48.436061, 48.348745, 48.771938, 49.242285, 47.899103, 48.233942, 47.915369, 47.886448, 48.817919, 48.011365, 48.954448, 48.869494, 48.478075, 48.472648, 48.565391, 48.232438, 48.609478, 48.195512, 48.890886, 38.9, 38.89, 38.89, 38.92, 38.9, 38.86, 38.86, 38.89, 38.89, 38.89, 38.86, 42.974216, 44.287058, 43.726266, 43.069991, 43.590014, 44.305418, 44.369696, 42.819124, 43.608442, 43.294672, 43.111838, 43.410132, 43.89916, 44.001123, 
43.797629, 43.672525, 43.268424, 43.833265, 43.997522, 42.728534, 44.252315, 43.192357, 44.047857, 43.335663, 43.735778, 42.886177, 43.424257, 43.614888, 43.134318, 43.643112, 43.281047, 43.104527, 42.585305, 43.350093, 43.060656, 43.723468, 43.995586, 43.42258, 42.846853, 43.214133, 42.945468, 43.50934, 43.734095, 42.524771, 44.159515, 44.219545, 43.29183, 43.414257, 44.129029, 43.668009, 43.521559, 44.102243, 43.73161, 43.133482, 44.245062, 42.861759, 42.944651, 43.450592, 43.917178, 42.991775, 
43.012455, 43.582689, 42.812664, 43.194321, 44.278584, 42.989201, 43.005861, 44.156514, 43.993676, 43.994948, 43.327859, 42.888538, 42.867556, 43.546358, 43.537075, 43.560826, 43.525226, 43.514392, 43.577696, 43.488472, 43.674582, 43.544375, 43.521895, 43.674582, 43.674582, 43.55, 43.674582, 43.674582, 43.674582, 43.674582, 43.674582, 43.674582, 43.674582, 43.674582, 43.674582, 44.916657, 44.977634, 44.543593, 44.377534, 44.551141, 44.484691, 45.285323, 45.085704, 44.652381, 45.278469, 44.459833, 
44.588318, 44.723825, 45.859112, 44.877579, 44.790157, 45.377288, 44.34715, 44.374289, 45.631637, 44.494263, 44.587419, 45.053712, 44.971494, 44.797788, 44.865062, 45.489637, 44.695445, 44.775741, 44.917623, 44.416191, 44.889964, 45.048009, 45.725677, 44.578302, 44.355088, 45.268329, 45.215805, 45.151477, 45.859799, 45.217342, 45.478644, 44.889927, 45.013469, 45.871636, 45.536715, 45.667565, 45.128333, 45.104925, 45.014788, 45.278474, 44.573144, 45.227773, 45.83907, 44.736853, 45.084154, 45.369654, 
45.316779, 44.428052, 44.623706, 45.391241, 43.711862, 43.383541, 43.645927, 44.195319, 43.302262, 44.046328, 43.006529, 43.104344, 43.548586, 43.87045, 44.638862, 44.157714, 44.305089, 43.781193, 43.71725, 43.438138, 43.002628, 43.261271, 43.481227, 43.565083, 43.549862, 43.037683, 44.008344, 44.074578, 43.772732, 44.070421, 43.257067, 43.449261, 44.601978, 44.246147, 43.73319, 44.625453, 44.025045, 44.377801, 44.391844, 43.334069, 43.754325, 43.144738, 43.136365, 44.070966, 43.896226, 43.007052, 
44.523028, 43.69156, 43.429115, 43.808858, 43.391523, 43.062919, 43.733471, 43.435193, 43.854809, 44.430739, 44.514512, 43.738472, 43.556293, 43.220164, 44.276539, 43.045048, 44.428879, 44.051324, 43.69412, 44.414842, 44.05448, 44.492158, 44.414319, 45.46932, 45.589567, 45.470676, 45.327593, 45.755146, 45.418297, 45.008745, 45.727807, 45.499572, 45.459575, 45.163452, 45.827391, 45.674523, 45.625285, 45.175381, 45.160833, 44.863792, 45.796151, 45.06623, 45.32904, 44.857069, 45.834246, 45.007901, 45.697865, 
45.458312, 45.864171, 45.593008, 45.726524, 45.253428, 45.43694, 45.549059, 45.612148, 45.041882, 45.743673, 45.893818, 45.26493, 45.152388, 45.425378, 45.151166, 45.213867, 44.84796, 45.493324, 44.864263, 44.899458, 45.42443, 45.486222, 45.020366, 45.287179, 45.223419, 44.713517, 45.032244, 45.321875, 45.663385, 44.425356, 44.830961, 43.839641, 44.500958, 43.190783, 43.483177, 43.205207, 43.263007, 43.990243, 44.326157, 43.229236, 43.630273, 44.461748, 44.545795, 43.070066, 44.466602, 43.615797, 
43.573247, 43.829457, 43.908053, 43.501449, 44.057302, 43.223447, 44.159861, 44.478744, 43.233874, 44.475844, 43.889878, 43.493132, 43.908211, 43.360304, 44.68577, 45.426656, 43.321116, 44.036966, 43.893368, 43.839997, 43.232817, 43.085296, 43.111157, 43.126441, 43.934133, 43.552017, 43.026834, 43.579476, 43.289115, 43.528885, 43.557963, 45.472087, 45.454454, 45.764511, 44.617992, 45.103367, 44.926725, 44.947869, 45.55964, 44.992051, 45.098685, 45.592102, 45.834848, 45.448377, 45.814856, 45.03794, 
46.034096, 45.708402, 45.768967, 45.869314, 45.796863, 45.708402, 45.402823, 45.884074, 45.700753, 45.098685, 45.896895, 45.511837, 45.849098, 45.414346, 45.125932, 45.690446, 45.354993, 45.51978, 45.68838, 45.708402, 45.831561, 45.198748, 45.924062, 44.556082, 45.984316, 44.090788, 44.085288, 44.052788, 44.05164, 44.144225, 44.271094, 44.076106, 43.31492, 43.134526, 44.768396, 44.173449, 44.122693, 45.547869, 43.473186, 45.616269, 43.940637, 44.308909, 43.789695, 44.338702, 43.424499, 44.338785, 
44.560996, 43.682883, 44.40932, 44.65371, 43.796169, 43.965949, 43.401616, 44.59203, 43.654636, 43.892254, 43.389365, 44.312922, 45.869257, 43.24449, 45.033915, 44.197255, 44.854326, 44.133058, 44.688572, 43.178182, 43.257154, 44.939762, 43.364717, 44.110334, 44.236634, 43.046493, 43.331433, 43.609557, 43.156481, 44.042842, 45.578941, 44.735001, 44.079794, 44.578116, 43.726261, 43.239655, 44.48837, 44.409616, 44.619045, 44.60302, 44.018548, 44.067091, 44.562488, 44.472475, 43.138184, 43.994049, 44.492688, 
44.798968, 45.632378, 42.505818, 48.226422, 46.448462, 46.859694, 47.028291, 47.057098, 47.10167, 47.020312, 46.304176, 47.331202, 46.920174, 46.912684, 46.076891, 46.775027, 46.581114, 47.34623, 46.059066, 46.437401, 46.729689, 46.630659, 47.118212, 46.043951, 46.767912, 46.098941, 46.449141, 47.25098, 47.15096, 47.251489, 46.153098, 46.214772, 46.052141, 46.984696, 45.979819, 47.389215, 47.293363, 46.724294, 47.198818, 46.657292, 46.634764, 46.650902, 46.067238, 46.43383, 47.252754, 46.451477, 
46.167324, 46.839654, 46.253432, 46.27338, 46.669107, 46.947243, 47.151891, 46.650741, 46.072821, 46.564908, 46.232799, 46.930679, 46.934311, 46.283291, 46.28232, 46.271839, 46.533488, 46.875367, 46.883504, 46.282064, 46.900348, 46.860864, 46.812118, 46.9414, 46.934596, 46.934596, 46.934596, 46.82352, 46.934596, 46.934596, 46.934596, 46.934596, 46.934596, 46.934596, 47.899217, 47.920679, 47.938898, 47.943847, 47.933481, 47.933481, 47.933481, 47.933481, 48.391059, 47.694, 48.204374, 47.930777, 48.883906, 
47.592267, 47.472415, 48.797042, 48.62293, 47.505171, 48.173113, 48.593133, 48.527038, 47.882652, 48.497876, 47.475797, 48.214268, 48.228707, 47.889186, 48.084335, 48.714076, 48.415911, 48.782885, 48.950929, 47.631, 48.710208, 48.515762, 48.144073, 48.811921, 48.288615, 47.942137, 47.765244, 48.999101, 48.083218, 47.490878, 48.008825, 48.052404, 48.622954, 48.288316, 48.689123, 48.956342, 48.000075, 47.76354, 48.695247, 48.39642, 48.943042, 48.013283, 48.303376, 47.491179, 47.67933, 48.628551, 47.608142, 
47.772417, 48.855352, 48.915739, 48.528451, 48.10066, 48.122688, 48.617378, 48.637939, 48.165299, 48.837507, 48.628607, 48.864955, 47.663508, 48.28641, 48.204745, 48.849591, 48.485321, 48.272135, 48.088486, 48.855835, 48.427738, 48.65545, 48.058376, 47.580254, 47.968523, 47.587372, 48.530196, 48.900063, 47.767862, 48.311156, 48.021136, 48.303578, 48.286717, 47.955217, 48.100632, 48.696001, 48.636915, 48.591846, 47.669608, 47.931081, 46.084899, 48.091057, 47.75436, 48.223375, 48.742513, 48.84741, 
48.653781, 48.855873, 48.273263, 48.937584, 47.994379, 47.799663, 48.947387, 47.839733, 48.478826, 47.934575, 47.836237, 47.840223, 48.318106, 48.609924, 48.470278, 48.3223, 46.906983, 46.97882, 46.913344, 46.052308, 46.362812, 47.555709, 47.42157, 47.073601, 47.450049, 47.609264, 47.49417, 46.888946, 47.446297, 47.227781, 46.868175, 47.201159, 47.581276, 46.522016, 46.892518, 46.366866, 46.067077, 47.652764, 46.014472, 46.310458, 46.163828, 46.596847, 47.435273, 47.480027, 47.54777, 47.31361, 47.456626, 
47.456477, 46.57995, 47.290251, 46.270766, 46.367889, 46.309847, 46.654622, 47.483877, 47.583586, 46.611528, 46.867794, 46.638134, 46.090506, 47.149515, 47.189716, 47.229815, 47.135224, 47.092093, 46.92853, 46.947101, 46.862714, 46.631342, 47.399657, 47.435936, 46.856925, 47.177348, 46.0327, 46.368093, 47.154922, 47.141711, 46.278442, 47.153361, 46.770483, 46.83962, 46.8887, 46.861794, 46.768617, 46.82126, 46.980475, 46.980475, 46.657221, 47.03541, 47.229528, 46.596608, 46.249361, 46.320916, 47.133382, 
47.575888, 46.86485, 46.408171, 46.501898, 46.062798, 47.646187, 47.396933, 46.05082, 46.488312, 47.290543, 46.467732, 46.257466, 46.814568, 46.812148, 46.813571, 47.429223, 46.677294, 46.477491, 46.346028, 46.909229, 46.291855, 47.494559, 46.59174, 46.155222, 46.258711, 46.421762, 47.281472, 46.885406, 46.094998, 47.543706, 47.446392, 47.302682, 47.178883, 47.281173, 46.014164, 46.878057, 46.820185, 46.486096, 47.077257, 46.922727, 46.182799, 47.252561, 47.346329, 47.219032, 46.860364, 46.759443, 
46.713628, 47.393108, 47.371929, 46.877355, 46.043733, 47.411564, 46.666229, 47.151337, 46.2715, 47.402085, 46.92752, 46.379559, 46.511555, 46.140764, 46.405798, 46.329565, 46.891017, 46.172025, 46.85992, 46.808668, 46.975615, 47.304598, 48.19983, 48.336898, 48.277024, 48.41647, 48.234184, 48.245267, 47.87756, 48.94424, 47.985515, 48.552669, 47.82781, 48.327365, 48.811975, 48.251187, 47.785232, 48.466756, 48.844129, 48.889528, 48.422289, 48.171782, 48.506446, 47.869756, 47.916124, 48.917722, 48.485288, 
48.269326, 48.102064, 48.719925, 47.808989, 48.687522, 48.611257, 48.845965, 48.632655, 47.962814, 47.702563, 47.781908, 47.855591, 48.686244, 48.770684, 48.671806, 47.983034, 48.676056, 48.857983, 48.250987, 48.330437, 47.927133, 48.073998, 48.973939, 48.574749, 47.710089, 48.24767, 47.783028, 47.811566, 48.037844, 48.944324, 48.900962, 48.366981, 48.271451, 48.76715, 48.363285, 48.567655, 48.053192, 47.971295, 48.871815, 48.298407, 48.64055, 48.20496, 48.168836, 48.586475, 47.826449, 48.843926, 
48.894491, 47.73943, 47.83202, 48.278037, 48.894636, 48.629988, 47.8845, 48.326813, 48.388509, 48.069085, 47.835713, 48.567291, 47.612579, 48.986763, 46.506905, 45.522248, 45.932174, 45.486308, 46.017965, 45.947154, 45.159808, 45.103044, 45.949226, 45.883409, 45.351247, 45.464156, 45.242325, 46.096447, 45.457795, 45.894359, 45.602343, 45.058868, 45.613564, 46.095217, 45.090049, 45.430445, 45.310206, 45.373162, 45.391138, 45.145353, 45.521423, 47.041005, 45.734139, 45.780451, 45.224859, 46.435446, 
45.862261, 46.208375, 46.69244, 45.505519, 45.585984, 45.665424, 46.418078, 45.674463, 45.272302, 45.550177, 46.491523, 46.56503, 46.13263, 45.846359, 47.05992, 46.455469, 45.45236, 45.154425, 45.622948, 45.903794, 45.336151, 45.353002, 45.951002, 45.241761, 45.708186, 45.352866, 45.343978, 46.53932, 46.444224, 46.367286, 45.395656, 46.2644, 47.130621, 46.383158, 46.001031, 45.006307, 45.33333, 46.017965, 47.173641, 46.501026, 46.075387, 47.000478, 46.059495, 45.076746, 45.737525, 45.778852, 45.978288, 
45.978288, 45.836121, 45.777818, 45.825204, 45.978288, 45.978288, 45.978288, 45.978288, 45.978288, 45.978288, 45.978288, 48.126066, 48.695994, 48.1154, 48.132347, 47.274624, 47.520661, 47.577478, 48.132161, 48.519946, 47.900376, 48.739987, 48.006744, 48.202722, 48.317939, 48.15381, 48.404667, 48.330241, 48.39962, 48.40892, 47.71754, 48.599534, 48.280119, 48.503927, 48.13336, 48.860359, 48.893223, 48.730966, 48.77466, 48.136011, 48.694565, 48.750625, 48.591968, 47.777938, 48.717859, 48.544159, 47.463172, 
48.809655, 47.683129, 48.330241, 47.859083, 48.887447, 48.897816, 46.343483, 45.189905, 46.017965, 46.357253, 45.078881, 47.441629, 45.567085, 45.385223, 47.426998, 45.567085, 47.049949, 45.915952, 45.797477, 46.810255, 46.077231, 47.107345, 45.386374, 46.271872, 46.429205, 47.349999, 46.579645, 47.253136, 46.860997, 45.666174, 46.43208, 45.391078, 46.632549, 45.365698, 46.897901, 45.942409, 46.969132, 46.127895, 48.643651, 47.509157, 47.510209, 47.258392, 47.514307, 47.476152, 47.619998, 47.503261, 
48.871429, 47.351391, 47.526385, 48.037351, 48.556986, 47.248497, 48.007556, 47.834943, 47.223693, 47.840047, 47.383325, 48.190331, 48.680309, 47.316304, 48.177132, 47.895071, 48.424793, 48.609072, 47.624913, 47.696452, 46.906403, 47.83055, 47.547517, 48.635319, 47.055715, 47.661952, 47.268612, 48.309341, 47.530558, 47.468715, 46.883052, 46.678858, 48.744885, 48.281911, 47.054233, 48.008655, 48.609072, 47.089167, 47.057303, 46.956343, 46.926021, 48.842195, 48.093269, 47.69094, 47.261238, 47.377169, 
47.409591, 48.65417, 48.479975, 47.459112, 47.104848, 47.188396, 48.881178, 47.465072, 48.979905, 47.429273, 48.336146, 47.577613, 47.065531, 48.555536, 48.584562, 48.141017, 48.321712, 48.487928, 48.485856, 48.148715, 48.733088, 48.483212, 48.023133, 48.555089, 48.843446, 48.631693, 48.675352, 48.597362, 48.031253, 48.817553, 48.235694, 48.525132, 48.824171, 48.751881, 48.962291, 47.896703, 48.607955, 46.588803, 46.696501, 46.6672, 47.184233, 46.590083, 46.610002, 46.601832, 47.184233, 46.231547, 
46.205729, 46.818147, 46.479732, 46.578943, 46.620549, 46.376532, 46.973643, 46.748706, 46.206922, 46.24656, 46.186442, 46.394352, 46.615309, 46.45447, 47.035168, 45.996957, 45.905345, 45.905345, 45.905345, 45.125532, 46.141686, 46.650216, 45.85291, 45.707153, 45.268367, 45.627982, 45.680811, 45.627982, 44.99257, 45.849728, 46.392658, 45.149805, 45.146179, 45.794048, 46.481128, 45.30767, 45.417898, 46.565168, 45.149805, 46.606751, 45.688676, 45.26938, 44.712015, 45.462512, 45.810687, 45.631031, 45.587974, 
45.534274, 45.659738, 46.025762, 45.528809, 45.946694, 45.681898, 45.899881, 45.513742, 45.296409, 46.201464, 44.727561, 45.851349, 45.782744, 45.595349, 45.757767, 45.72465, 45.636149, 45.627982, 45.349274, 44.658614, 46.855423, 46.896821, 46.790915, 46.854974, 47.116034, 46.910342, 46.92275, 47.116034, 45.652577, 46.971146, 47.169203, 46.900409, 47.425832, 46.716741, 47.500385, 45.905748, 46.313969, 45.836508, 47.388827, 47.291275, 46.695594, 46.642043, 47.049623, 46.060169, 47.015705, 46.522136, 
46.214883, 46.336533, 47.365882, 46.878117, 48.03036, 47.740524, 47.107612, 46.752798, 47.689156, 46.871508, 48.017227, 47.044698, 47.597618, 47.387824, 46.293656, 47.452071, 47.696131, 47.594957, 47.540256, 47.317264, 47.3245, 47.417172, 47.222677, 46.53135, 45.887807, 47.113918, 47.710209, 47.844268, 46.39449, 48.201414, 48.189424, 48.22372, 48.240382, 47.802143, 47.952716, 48.438331, 48.428564, 47.868708, 47.829886, 48.249467, 48.840305, 48.75853, 48.185481, 48.034766, 48.605472, 48.005656, 48.309374, 
48.080862, 48.36435, 48.595224, 48.863964, 47.923911, 48.875701, 47.911242, 48.073924, 48.68464, 48.611903, 48.671585, 48.497774, 48.409454, 42.324761, 42.46617, 42.108428, 42.069327, 41.811929, 42.005978, 42.07506, 41.811929, 42.160791, 42.322814, 42.265643, 42.217523, 42.226623, 42.169325, 42.047178, 42.028779, 42.008429, 42.024278, 42.409445, 42.194946, 42.130976, 42.07672, 41.811929, 42.056529, 42.338955, 42.375821, 42.424338, 42.468318, 42.181875, 42.21196, 42.097976, 42.324761, 42.205724, 42.372721, 
42.277691, 42.088128, 42.286222, 42.238087, 42.410687, 42.199957, 42.290922, 42.198674, 42.348406, 42.324761, 42.041999, 42.35344, 42.097976, 42.065427, 42.263623, 42.229856, 42.124576, 42.326072, 41.811929, 42.10979, 42.01183, 42.188074, 42.105576, 42.464639, 42.405464, 42.366253, 42.143819, 42.322814, 42.03618, 42.033313, 41.811929, 42.322814, 42.442519, 42.441869, 42.116377, 42.428187, 42.263181, 42.361271, 42.43335, 42.404272, 42.312372, 42.167638, 42.131526, 42.077178, 42.322814, 42.104127, 
41.811929, 41.811929, 42.48067, 42.384504, 42.316121, 42.451371, 41.931573, 42.17315, 41.977477, 41.882924, 41.839679, 41.956479, 42.023977, 41.94954, 42.052112, 42.121188, 41.998231, 41.921121, 41.93171, 41.839679, 41.924127, 41.839679, 41.839679, 42.101502, 41.876506, 42.037176, 42.04133, 42.067101, 42.034776, 42.03, 41.839679, 41.89103, 41.878878, 41.839679, 42.034502, 41.871331, 41.93548, 41.839679, 41.980896, 41.885728, 42.10028, 42.099479, 41.869779, 41.839679, 41.920228, 42.086218, 41.858028, 
42.171973, 41.972328, 41.936977, 42.102014, 42.100571, 41.936977, 41.875429, 41.964197, 41.933061, 41.91842, 42.242199, 41.880281, 41.851257, 41.857931, 42.185733, 41.970628, 41.811929, 41.89988, 41.811929, 41.872997, 41.886794, 41.91823, 41.90158, 41.811929, 42.04, 42.025776, 41.92583, 41.980761, 42.051927, 41.919808, 41.944577, 41.95683, 41.99215, 41.990505, 42.079336, 42.229437, 41.880429, 41.908736, 41.936977, 41.953427, 41.891978, 41.839679, 41.858279, 41.918578, 41.839679, 41.875228, 41.962979, 
42.065827, 42.01299, 42.037108, 42.067809, 42.056376, 41.839679, 41.839679, 41.839679, 42.056391, 42.030327, 42.048879, 41.811929, 42.058629, 42.04973, 41.85, 41.887981, 41.893941, 41.811929, 41.87355, 41.893031, 41.882081, 41.96, 41.350484, 41.836981, 41.55, 41.51, 41.656592, 41.230524, 41.262178, 41.614188, 41.439518, 41.511307, 41.811929, 41.702482, 41.292011, 41.439034, 41.626839, 41.089453, 41.429681, 41.539384, 41.501178, 41.174117, 41.544584, 41.609078, 41.6, 41.574034, 41.556734, 41.52493, 
41.533631, 41.511644, 41.52543, 41.54338, 41.50798, 41.168761, 41.565685, 41.676028, 41.703097, 41.598235, 41.407474, 41.503468, 41.243419, 41.631683, 41.64273, 41.473553, 41.536782, 41.422555, 41.370642, 41.509231, 41.605633, 41.715082, 41.811929, 41.742432, 41.730533, 41.723782, 41.746432, 41.744082, 41.00148, 41.51829, 41.623532, 41.663548, 41.664582, 41.699432, 41.472934, 41.598255, 41.331114, 41.628034, 41.169068, 41.483844, 41.642933, 41.597472, 41.173313, 41.470084, 41.570384, 41.5738, 41.561134, 
41.231718, 41.737616, 41.298186, 41.688827, 41.44, 41.57, 41.684752, 41.6, 41.811929, 41.784832, 41.77, 41.71, 41.760067, 41.756129, 41.766029, 41.936977, 41.845228, 41.75537, 41.706034, 41.822681, 41.779533, 41.80348, 41.761463, 41.75253, 41.599139, 41.778379, 41.776884, 41.772915, 41.839679, 41.837716, 41.788536, 41.829831, 41.839679, 41.792378, 41.620636, 41.789079, 41.812331, 41.598631, 41.56253, 41.721886, 41.823478, 41.764779, 41.529433, 41.809387, 41.684896, 41.607624, 41.665654, 41.836131, 
41.645393, 41.490329, 41.769322, 41.527585, 41.645998, 41.830628, 41.779939, 41.82552, 41.768498, 41.438531, 41.805531, 41.795358, 41.631342, 41.745623, 41.794885, 41.707118, 41.728738, 41.839679, 41.839679, 41.935616, 41.839679, 41.839679, 41.66, 41.61, 41.839679, 41.839679, 41.839679, 41.886456, 41.882937, 41.880446, 41.877589, 41.860019, 41.882582, 41.875882, 41.850532, 41.814283, 41.898582, 41.904667, 41.880682, 41.953256, 41.922682, 41.801525, 41.8474, 41.719973, 41.945681, 41.744834, 41.740483, 
41.776983, 41.900332, 41.850232, 41.879365, 41.971614, 42.009731, 41.695434, 41.777482, 41.971044, 41.99623, 41.809299, 41.655423, 41.944454, 41.776633, 41.779384, 41.787982, 41.921431, 41.973181, 41.946431, 41.9, 41.696433, 41.881331, 42.008956, 41.995331, 41.921126, 41.335445, 41.761734, 41.818682, 41.901485, 41.7446, 41.819833, 41.888627, 41.696283, 41.97508, 41.940832, 41.991381, 41.990631, 41.882082, 41.811929, 41.811929, 41.811929, 41.968029, 41.811929, 41.811929, 41.811929, 41.811929, 41.811929, 
41.811929, 41.811929, 41.811929, 41.811929, 41.811929, 41.811929, 41.811929, 41.811929, 41.811929, 41.86, 41.811929, 41.811929, 41.811929, 41.85, 41.811929, 41.85, 41.87, 41.811929, 41.811929, 41.867532, 42.096428, 41.811929, 41.85, 41.85, 41.811929, 41.811929, 41.811929, 41.96418, 41.922681, 42.005331, 42.032379, 41.675861, 41.844382, 41.719933, 41.649717, 41.114132, 41.146464, 41.078981, 40.883641, 40.968579, 41.147958, 41.170442, 41.144256, 41.04699, 40.598963, 40.987824, 41.024846, 40.757447, 
41.005603, 40.565374, 40.572516, 40.937573, 40.766096, 40.873, 40.823527, 40.876303, 40.465251, 40.465744, 40.966528, 41.17569, 40.463079, 40.767194, 40.748087, 41.244016, 41.05113, 40.465869, 41.146464, 40.827011, 40.908942, 40.526477, 40.375602, 41.250408, 40.912916, 40.562833, 40.624025, 41.147918, 40.706634, 40.966993, 40.448736, 41.11, 40.779834, 40.439688, 41.105629, 40.625486, 40.372447, 41.045785, 40.762507, 40.613942, 40.6756, 41.109101, 40.784447, 40.543697, 40.710295, 42.472458, 41.865034, 
42.199457, 42.257229, 42.131245, 42.376423, 42.401104, 42.375078, 41.97068, 41.982993, 42.222221, 41.902977, 42.403305, 42.440374, 42.101928, 41.843702, 42.436585, 42.483971, 42.332038, 42.298773, 42.119619, 41.84036, 42.300918, 42.400744, 41.788761, 42.255617, 42.213851, 42.270426, 41.69339, 42.045123, 42.320303, 42.111421, 42.139244, 42.381064, 42.054546, 42.4447, 41.965904, 42.110548, 42.1009, 42.046139, 41.830896, 41.797256, 42.455036, 42.475891, 42.00663, 42.250987, 42.307665, 41.989386, 42.364394, 
42.298218, 41.935139, 42.407384, 41.759473, 42.447856, 42.419097, 42.099635, 42.473737, 42.355422, 42.236813, 42.15834, 42.325364, 42.484835, 41.813776, 42.112207, 42.350108, 42.491388, 42.271385, 42.475078, 41.905844, 42.292221, 42.25517, 42.303365, 42.25537, 42.325364, 42.325364, 42.280019, 42.254087, 42.213439, 42.325364, 42.326227, 42.245596, 42.306666, 42.352539, 42.325364, 42.325364, 42.325364, 42.325364, 42.325364, 41.4903, 41.466752, 41.554901, 41.554901, 41.766003, 41.202461, 41.440852, 
41.292977, 41.412944, 41.409646, 41.518317, 41.336752, 41.286797, 41.497667, 41.439784, 41.483484, 41.697188, 41.610151, 41.518733, 41.657803, 41.738551, 41.863049, 41.464473, 41.554666, 41.590161, 41.522044, 41.369036, 41.228561, 41.719782, 41.28595, 41.260255, 41.426583, 41.490333, 41.554901, 41.819003, 41.223984, 41.357236, 41.372408, 41.599642, 41.30589, 41.612038, 41.585883, 41.31653, 41.303101, 41.501234, 41.605825, 41.406276, 41.978758, 41.520333, 41.347117, 41.707588, 41.042878, 41.435197, 
41.064946, 41.310471, 41.289819, 41.261853, 41.4276, 41.710715, 41.011259, 41.350864, 40.963663, 41.321814, 41.435327, 41.770952, 41.234167, 41.264159, 41.252101, 41.504603, 41.380259, 41.53364, 41.747471, 41.190024, 40.990965, 41.144329, 41.168946, 41.111077, 41.427282, 41.4547, 41.265597, 41.336202, 41.543149, 41.394429, 41.280262, 41.513879, 41.292401, 41.543342, 41.35263, 41.690735, 41.330789, 41.372528, 40.986256, 41.363772, 41.320345, 41.400837, 41.332908, 41.25645, 41.129482, 41.638122, 41.279825, 
40.992084, 41.21076, 41.499089, 41.466102, 41.37061, 41.543813, 41.037822, 41.546706, 41.057649, 41.722744, 41.369056, 40.948073, 40.932207, 40.802633, 40.401282, 41.067549, 41.189123, 41.117342, 40.661165, 40.496817, 40.781504, 40.854865, 41.200711, 40.555678, 41.174037, 40.550883, 40.889288, 41.073398, 40.778519, 41.118359, 40.499297, 40.952695, 40.94399, 40.617275, 40.642927, 40.449305, 41.172197, 40.972589, 40.859964, 40.854247, 40.579737, 41.02572, 40.324365, 40.337555, 41.092081, 41.247536, 
40.867285, 40.910079, 41.098764, 40.567399, 40.953365, 40.249363, 41.010666, 40.685436, 40.456986, 40.553989, 40.776079, 40.503305, 40.734056, 40.918849, 41.200936, 41.100353, 41.069414, 41.254936, 40.957929, 40.614899, 40.696535, 41.105401, 40.70595, 40.740729, 40.581413, 41.095037, 40.500643, 40.777241, 40.999497, 40.727428, 40.368358, 41.09638, 40.292388, 41.025484, 41.195087, 41.030951, 40.929497, 41.183299, 41.068691, 40.234249, 40.850381, 40.816162, 40.744179, 40.466397, 40.552853, 40.914377, 
40.490965, 40.849036, 40.936244, 40.776845, 40.780415, 40.718228, 40.68847, 40.35756, 40.577778, 40.40943, 40.590353, 40.690205, 41.113829, 40.558329, 41.030697, 40.975736, 40.39309, 40.392048, 40.688615, 40.873236, 40.442037, 40.619174, 40.784412, 40.613788, 40.817587, 40.449305, 40.567088, 40.56071, 40.554538, 40.935608, 41.198061, 40.795911, 40.874269, 40.489747, 40.49271, 41.036199, 40.340202, 40.513656, 40.691022, 40.920631, 40.701037, 40.796752, 40.928331, 40.288318, 39.809913, 40.693137, 40.677987, 
40.712887, 40.709237, 40.678037, 40.699137, 40.642049, 40.643846, 40.683387, 40.744179, 40.742537, 40.755343, 40.764368, 40.743266, 40.696287, 40.744179, 40.692037, 40.744179, 40.765301, 40.731165, 40.689637, 40.744179, 40.699937, 40.702487, 40.796887, 40.709837, 40.785653, 40.640002, 40.744179, 40.765301, 40.744179, 40.744179, 40.87671, 40.744179, 40.744179, 40.744179, 40.744179, 40.582108, 40.477286, 40.519236, 40.459584, 40.47, 40.461431, 40.477735, 40.553838, 40.341123, 40.434885, 40.256893, 
40.336763, 40.600045, 40.740106, 40.145501, 40.56944, 40.619306, 40.537652, 40.607615, 40.528515, 40.615875, 40.369256, 40.193547, 40.395487, 40.450325, 40.731662, 40.741158, 40.882858, 40.756972, 40.628105, 40.877451, 40.740729, 40.32122, 40.422027, 40.627948, 40.091729, 40.122884, 40.21927, 40.345004, 40.63872, 40.321811, 40.533634, 40.027071, 40.52835, 40.431577, 40.893593, 40.515485, 40.884053, 40.564323, 40.885397, 40.430727, 40.738973, 40.399689, 40.584937, 40.426186, 40.653799, 40.574936, 
40.240627, 40.242378, 40.51032, 40.519236, 40.488468, 40.109647, 40.121648, 40.10593, 39.909736, 40.293159, 40.27363, 39.918042, 40.231345, 40.112616, 39.91613, 40.059068, 39.889596, 40.466273, 40.114931, 40.108631, 40.126854, 40.139946, 40.139946, 40.113139, 40.020978, 40.2159, 40.133786, 40.096186, 40.175463, 40.139336, 40.310244, 40.039632, 40.251945, 40.313921, 40.126299, 40.376141, 39.97412, 40.310063, 40.306282, 40.028716, 39.92804, 39.950391, 39.901988, 40.205916, 40.213607, 39.919693, 40.0334, 
40.11594, 40.121098, 40.149486, 40.296282, 39.907919, 39.989282, 40.306774, 40.307065, 39.90241, 40.192015, 39.945328, 40.124202, 40.061694, 40.107548, 39.907331, 40.004053, 40.243692, 39.981936, 40.119483, 40.040115, 40.10311, 40.810131, 39.676634, 39.704391, 39.529566, 39.809929, 39.639487, 39.706131, 39.783794, 39.496547, 39.786334, 39.719012, 39.45274, 39.806718, 39.685822, 39.59477, 39.797661, 39.556054, 39.800512, 39.724744, 39.474889, 39.805101, 39.801562, 39.802798, 39.655063, 39.608494, 
39.646359, 39.582494, 39.793493, 39.679882, 39.858506, 39.434148, 38.884434, 38.906065, 39.177478, 39.079147, 39.092526, 38.912297, 39.11204, 39.038752, 38.968323, 39.039382, 39.212833, 39.301561, 39.081889, 38.905998, 39.017877, 38.976011, 38.997296, 39.110422, 38.868136, 38.819297, 38.733748, 39.241734, 38.958848, 39.155608, 39.103735, 39.114972, 39.127717, 38.75592, 38.947841, 38.91384, 38.985138, 38.720938, 39.213822, 39.362285, 39.236358, 38.889879, 39.128014, 38.833898, 39.146809, 39.430595, 
39.205747, 39.114762, 39.322422, 39.192501, 39.179875, 38.967324, 38.6565, 38.6807, 38.78956, 38.726548, 39.188838, 39.235652, 38.91973, 39.077557, 39.328077, 38.6516, 38.964162, 39.299771, 39.261791, 39.031623, 39.477337, 39.115848, 39.136284, 39.261499, 39.481469, 39.354674, 38.8494, 39.078047, 38.996375, 38.828347, 39.011612, 39.130404, 38.67065, 39.053344, 39.433041, 39.068901, 39.249272, 38.860447, 38.932347, 39.376153, 38.62855, 38.6163, 38.598175, 38.631383, 38.6151, 38.564451, 38.59035, 38.596199, 
38.377193, 38.517125, 38.607817, 38.178395, 38.535097, 38.605187, 38.50046, 38.532311, 38.439983, 38.55615, 38.439983, 38.544298, 38.53895, 38.620018, 38.623384, 38.636749, 37.921816, 38.679282, 38.442906, 38.188624, 38.034281, 38.526792, 38.535325, 38.011729, 38.092615, 38.425949, 38.200113, 38.554515, 38.889355, 38.977111, 38.299507, 38.752017, 38.540238, 38.601768, 38.761214, 38.601648, 38.303147, 38.30426, 38.260108, 38.481674, 38.013132, 38.463718, 37.988745, 38.931719, 38.346578, 38.318253, 
38.520285, 38.478, 38.271313, 38.589849, 38.227604, 38.439574, 38.006386, 38.780229, 38.078231, 38.812744, 38.095119, 38.214515, 38.153322, 37.845454, 38.706847, 38.363228, 38.647775, 38.887748, 38.399148, 38.122112, 38.002188, 38.596948, 38.214035, 38.611798, 38.725498, 38.299904, 38.049616, 38.325969, 39.929597, 39.96008, 39.97863, 40.416145, 40.223837, 39.704649, 40.319528, 39.756139, 40.232385, 40.513153, 40.147818, 40.020397, 40.414128, 39.817702, 39.988988, 40.034398, 40.421857, 40.571353, 
40.630407, 40.396983, 40.467994, 39.98152, 40.112726, 39.71345, 40.402015, 39.709855, 40.18275, 39.700245, 40.151799, 39.876235, 40.180236, 40.160393, 40.094396, 39.563599, 39.983824, 40.531825, 39.440654, 39.599949, 39.696523, 40.587769, 40.028595, 39.813094, 39.469982, 39.781349, 39.606349, 39.795818, 39.450931, 40.304799, 39.510835, 40.240004, 40.403553, 39.983573, 40.09625, 39.884796, 40.314446, 40.233504, 37.726738, 39.123807, 39.148234, 38.528202, 39.062913, 39.138761, 39.167788, 38.710336, 
38.720425, 39.018987, 38.625864, 39.299447, 38.755492, 39.251624, 39.452478, 39.01077, 38.830182, 38.913064, 38.869453, 39.25287, 39.228594, 39.139262, 39.113033, 38.835884, 39.374287, 39.190088, 39.317235, 38.738226, 39.393267, 39.396463, 39.32463, 38.95232, 39.272317, 39.183055, 38.48679, 39.32205, 38.974018, 39.006483, 38.72456, 39.006924, 38.588301, 39.004728, 39.042992, 38.93148, 38.596277, 39.194021, 39.223922, 39.2807, 38.98981, 39.354837, 38.732726, 39.125573, 39.273828, 39.35239, 38.961799, 
39.012089, 39.4505, 38.868463, 38.527107, 39.229885, 39.175832, 39.038732, 38.994595, 39.122158, 39.984292, 39.530502, 39.346468, 40.139482, 39.716269, 39.759905, 39.861289, 39.591537, 40.05232, 39.936817, 39.824457, 39.828586, 39.840482, 39.844086, 39.853981, 39.853981, 39.878041, 39.853981, 39.568077, 39.66363, 39.777583, 39.442669, 39.529092, 39.925806, 39.642083, 39.867151, 39.359529, 39.855984, 39.58755, 39.969864, 39.965691, 39.693983, 39.77386, 39.430427, 39.771541, 39.993254, 39.777116, 39.617542, 
39.838505, 39.869841, 39.279357, 39.93706, 39.476356, 39.465887, 39.3928, 39.580159, 39.312686, 39.85973, 39.71984, 39.409126, 39.638951, 39.548928, 39.588585, 39.385344, 39.370091, 39.940934, 39.754308, 40.300508, 39.564501, 39.883346, 39.891861, 39.982768, 39.588902, 39.852164, 40.167991, 40.005505, 39.740558, 39.979614, 40.104623, 40.153557, 39.909732, 39.280289, 40.051603, 39.770936, 39.676558, 39.260146, 39.817322, 40.214759, 40.02489, 40.291512, 39.609647, 40.04195, 39.436584, 40.087711, 40.247835, 
40.296415, 37.803216, 39.348487, 39.730234, 39.698311, 39.564228, 40.147371, 40.149927, 40.031115, 39.858933, 39.669508, 39.749457, 39.544196, 40.200537, 39.818631, 40.088774, 39.487357, 39.576392, 39.735761, 40.186852, 39.397248, 40.095009, 39.429687, 40.008726, 39.128248, 39.847253, 40.134957, 40.29916, 39.260862, 39.901588, 39.14665, 39.350726, 39.944264, 39.539071, 39.503383, 39.952909, 39.583983, 39.956803, 39.628929, 39.627307, 39.80095, 39.819, 39.7715, 39.7778, 39.749457, 39.79885, 39.757896, 
39.806089, 39.749457, 39.76, 39.76, 39.749457, 39.749457, 39.848201, 39.778044, 39.749457, 39.749457, 39.749457, 39.749457, 39.749457, 39.749457, 39.749457, 39.749457, 39.749457, 39.749457, 39.749457, 39.852361, 39.749457, 39.749457, 39.749457, 39.749457, 39.749457, 39.749457, 39.749457, 39.749457, 39.749457, 39.749457, 39.749457, 39.749457, 37.277483, 39.749457, 39.749457, 38.523736, 38.460331, 37.994296, 38.375576, 38.735571, 38.319427, 38.268959, 38.218349, 38.384799, 38.000245, 38.362934, 38.452172, 
38.192726, 37.954727, 38.378706, 37.980455, 38.247883, 38.087838, 37.973175, 38.51684, 38.689663, 37.996241, 38.160972, 38.190536, 37.999757, 38.441538, 38.22669, 38.011729, 38.361654, 37.97622, 38.101667, 38.096551, 38.374627, 38.857185, 38.667752, 37.994296, 37.80308, 38.460323, 38.365545, 38.257064, 38.073931, 38.149474, 38.757302, 38.436236, 38.594744, 38.513119, 38.423947, 38.351613, 38.516025, 38.768452, 38.403424, 37.994296, 38.911662, 38.806292, 38.090004, 38.041978, 38.032574, 38.219997, 
38.415676, 38.322558, 37.963264, 38.16542, 37.914363, 38.696562, 37.971434, 38.614141, 37.877628, 38.281485, 37.921795, 38.751756, 38.282464, 38.388876, 38.578119, 38.764802, 38.875494, 38.623789, 38.60823, 38.164136, 38.085829, 38.859515, 38.374398, 38.185822, 38.127516, 38.455562, 37.913984, 38.01492, 38.804938, 38.469244, 38.212746, 38.34239, 37.894496, 38.084617, 38.335675, 38.661358, 37.707763, 37.758646, 37.758646, 37.571235, 37.457806, 37.871546, 37.308412, 37.44725, 37.140282, 37.477639, 
37.152775, 37.025325, 37.782057, 37.933269, 37.692923, 37.766029, 37.495812, 37.540571, 37.804876, 37.613705, 37.34, 37.82526, 37.363981, 37.940448, 37.501552, 37.822259, 37.511139, 37.907619, 37.774517, 37.716434, 37.836537, 37.374723, 37.558235, 37.727109, 37.239385, 37.629601, 37.342538, 37.333591, 37.725834, 37.567779, 37.804014, 37.835684, 37.75858, 37.820724, 37.42084, 37.20812, 37.703552, 37.500757, 37.279433, 37.305331, 37.612173, 37.724504, 37.18308, 37.340918, 37.097546, 37.08751, 37.119739, 
37.801972, 37.771806, 37.582136, 37.159227, 37.199769, 37.758646, 37.548762, 37.311333, 37.780592, 37.618822, 37.214012, 37.844963, 37.796784, 37.426076, 37.884066, 37.712847, 37.458878, 37.635792, 37.240381, 37.223589, 37.540479, 37.272477, 37.150263, 37.901441, 37.422815, 37.152714, 37.983687, 37.508233, 37.8974, 38.638318, 38.646981, 38.638318, 38.42727, 38.601403, 38.337458, 38.415995, 38.654011, 38.401406, 38.352825, 38.647023, 38.226997, 38.120303, 38.576253, 38.638318, 38.280328, 38.638318, 
38.494203, 38.502854, 38.187767, 38.129238, 38.8016, 38.638318, 38.79505, 38.832863, 37.97861, 38.412764, 38.578703, 38.499489, 38.575835, 38.262811, 38.7785, 38.725331, 38.757318, 38.638318, 38.194104, 38.261863, 38.473921, 38.259946, 38.405287, 38.385265, 38.252726, 38.535934, 38.404826, 38.341918, 38.247062, 38.257711, 38.252726, 38.280943, 38.558836, 38.482353, 38.279016, 38.137345, 38.369435, 38.527729, 38.727184, 38.336093, 38.274398, 38.200244, 38.434806, 38.024849, 38.553253, 38.46292, 38.535499, 
38.387446, 38.638318, 38.631551, 38.6352, 38.631451, 38.610701, 38.645484, 38.644451, 38.6628, 38.646201, 38.586052, 38.622601, 38.559302, 38.661351, 38.656701, 38.702651, 38.676851, 38.580552, 38.628402, 38.594901, 38.590652, 38.691901, 38.706301, 38.582702, 38.549452, 38.645802, 38.524066, 38.552303, 38.53987, 38.500734, 38.469953, 38.663951, 38.618582, 38.675784, 38.679684, 38.738217, 38.74785, 38.73835, 38.748183, 38.787849, 38.610901, 38.73965, 38.662302, 38.612452, 38.619152, 38.638318, 38.688585, 
38.692861, 38.6531, 38.638318, 38.6531, 38.6531, 38.6531, 38.6531, 38.6531, 38.6531, 38.6531, 38.6531, 38.6531, 38.638318, 38.6531, 38.6531, 38.6531, 38.6531, 38.6531, 38.6531, 38.6531, 38.6531, 38.62, 38.6531, 38.6531, 38.6531, 38.638318, 38.6531, 38.808583, 38.581299, 38.762715, 38.72926, 39.257008, 38.590155, 39.03288, 39.318552, 39.354092, 38.750949, 39.334216, 38.68879, 38.605967, 39.151543, 39.239548, 39.267199, 38.750949, 39.069965, 38.814432, 38.96624, 38.898823, 38.862422, 39.249616, 39.449012, 
38.647611, 39.151911, 38.973583, 38.952724, 38.881628, 38.716287, 38.786335, 38.796601, 38.78, 38.935776, 39.085749, 39.25597, 38.935496, 37.73473, 38.778579, 39.110908, 38.770187, 38.991916, 38.995145, 39.310099, 38.818852, 39.081392, 38.808884, 38.876781, 39.184054, 38.886456, 39.00006, 38.797388, 39.695798, 40.381613, 39.753475, 40.497304, 39.549602, 39.906312, 40.178309, 39.501697, 39.742551, 39.952258, 39.788052, 39.98803, 39.484069, 40.453333, 39.677082, 40.415683, 40.14036, 40.109412, 40.044294, 
39.650093, 39.922732, 40.101973, 40.489269, 39.93264, 39.645523, 40.143679, 39.98354, 39.584889, 40.011886, 39.793879, 39.430693, 39.814354, 39.972337, 40.526542, 40.431201, 39.650045, 39.677131, 39.820466, 39.925941, 40.396289, 40.246729, 40.354422, 40.114109, 40.183335, 39.911723, 40.281881, 39.75496, 40.181653, 39.7418, 40.569026, 40.486993, 40.164349, 39.952779, 39.893011, 40.096431, 40.513638, 40.361121, 40.244242, 40.256611, 40.335091, 40.145396, 40.524127, 40.018881, 40.496773, 39.747736, 
40.469438, 40.184189, 39.963355, 39.728897, 40.228235, 40.367584, 40.410297, 40.303327, 40.472841, 40.031642, 40.411635, 36.018996, 37.844197, 37.383001, 37.520078, 37.790928, 37.682669, 37.740163, 37.538148, 38.053566, 38.051824, 37.929597, 37.416192, 38.020743, 37.753408, 37.119566, 37.442703, 37.292529, 37.73411, 37.210461, 37.779206, 37.54834, 37.505462, 37.827126, 37.614822, 37.675442, 37.863193, 37.478054, 37.416023, 37.611019, 37.913799, 37.89872, 37.513967, 37.624572, 37.91496, 37.313752, 
37.327153, 37.91259, 37.833644, 38.038731, 37.326021, 37.32564, 37.350624, 37.291432, 37.366166, 37.101789, 37.584014, 36.992718, 37.093104, 37.663253, 37.082526, 37.360527, 37.182556, 37.157131, 37.522361, 37.197279, 37.24237, 37.734776, 37.555405, 37.671971, 37.146953, 37.332487, 37.30925, 37.212218, 37.413716, 37.189843, 37.247942, 37.052849, 37.309447, 37.437077, 37.043378, 37.509022, 37.593256, 37.076536, 37.04613, 37.094857, 37.716811, 37.734776, 37.500656, 37.21183, 37.527341, 37.101911, 37.605626, 
36.990215, 37.265867, 37.115431, 36.891163, 37.005572, 36.824596, 36.048279, 36.662399, 36.905584, 37.00384, 36.91732, 36.180226, 36.27471, 36.754415, 36.041645, 36.174029, 36.916675, 36.642019, 36.915335, 36.450404, 36.603844, 36.053078, 36.213318, 36.784453, 36.74432, 36.818652, 36.442124, 36.449337, 36.124101, 36.822129, 36.235881, 36.37451, 36.058612, 36.048254, 36.237128, 36.267961, 36.67088, 36.588424, 36.569283, 36.521724, 36.751798, 36.845481, 36.59793, 36.611902, 36.267825, 36.101239, 36.436042, 
36.550379, 36.313319, 36.131733, 36.079378, 36.507559, 36.349977, 36.330522, 36.779519, 36.911648, 36.759357, 36.712451, 36.66101, 36.687259, 36.509916, 37.20739, 36.624115, 36.808827, 36.936583, 36.512944, 36.647754, 36.772841, 36.918139, 36.546354, 36.828561, 37.068349, 36.637085, 37.19068, 37.119566, 37.124019, 37.028626, 36.585908, 36.559031, 36.604837, 37.199631, 37.151397, 36.956662, 36.58479, 36.712451, 37.072189, 37.248929, 36.985902, 36.947396, 36.944333, 39.10223, 38.91, 38.980527, 38.810856, 
38.964518, 39.017559, 39.016612, 39.118608, 39.203641, 39.446161, 38.763144, 38.97688, 39.116219, 39.192552, 39.340332, 39.283928, 39.012404, 38.883548, 38.843576, 39.29596, 39.214233, 39.058604, 38.712465, 39.44609, 39.09888, 39.080369, 39.076405, 39.107845, 39.108704, 39.053255, 39.115776, 39.069165, 39.150754, 39.365318, 38.765972, 39.443609, 38.913857, 38.98861, 38.966641, 39.134657, 39.176165, 39.246179, 39.282869, 38.895469, 39.049517, 39.237332, 39.314899, 39.093759, 38.99535, 38.98915, 39.22471, 
38.706077, 39.356596, 38.776782, 38.908657, 38.850243, 38.803528, 39.378901, 39.311978, 38.92811, 39.282869, 39.15207, 39.389339, 38.760865, 39.228875, 38.772117, 39.214193, 39.120155, 39.445387, 39.103037, 39.093854, 39.104204, 39.103704, 39.084554, 39.065954, 39.033505, 39.056505, 39.037605, 39.013638, 38.966056, 39.14912, 39.165253, 39.213082, 39.202654, 39.125304, 39.035038, 39.113604, 39.107304, 39.104887, 39.092304, 39.089704, 39.066754, 39.051455, 39.034838, 38.972473, 38.991406, 39.013905, 
38.928206, 39.01543, 38.929356, 38.969806, 38.959277, 39.035038, 39.035038, 39.282869, 38.896407, 38.899843, 38.849841, 39.035038, 38.872285, 39.174903, 39.215652, 39.216635, 39.281602, 39.261679, 39.276828, 39.281486, 39.283535, 39.230259, 39.282869, 39.164953, 39.31835, 39.335365, 39.317974, 39.322849, 39.3173, 39.343225, 39.035038, 39.035038, 39.035038, 39.035038, 39.035038, 39.035038, 39.035038, 39.035038, 39.035038, 39.035038, 39.035038, 39.035038, 39.343225, 39.035038, 38.953942, 39.035038, 
39.035038, 39.343225, 39.035038, 39.035038, 39.035038, 39.035038, 39.627397, 40.247423, 40.478118, 39.90444, 39.898708, 40.192991, 40.266201, 40.528127, 40.115496, 40.44627, 39.743859, 39.827889, 40.527919, 40.266289, 40.242954, 40.264258, 39.850535, 40.135643, 40.183995, 39.527667, 39.585185, 40.386181, 40.481133, 39.742355, 39.493351, 40.527275, 40.321432, 39.892645, 39.599578, 40.041181, 39.982831, 40.33816, 39.61222, 40.187914, 40.496954, 40.162731, 40.527055, 39.917997, 40.521372, 40.057066, 
40.024499, 39.535467, 40.17606, 40.390465, 40.341716, 39.91125, 40.148933, 40.264749, 39.986725, 39.771525, 40.43702, 40.447373, 39.571712, 40.287996, 40.351697, 40.061613, 40.358817, 40.437038, 40.03722, 39.544889, 39.94728, 40.530798, 40.30191, 40.218842, 39.74226, 40.452497, 39.474988, 39.634086, 39.981974, 40.497797, 39.933989, 40.554988, 40.402118, 39.766144, 39.676333, 39.741794, 39.707694, 39.812344, 39.787394, 39.748827, 39.676333, 39.689033, 39.790132, 39.900508, 39.630482, 39.48743, 39.470242, 
39.581772, 39.757364, 39.792042, 39.591141, 40.037077, 39.79373, 40.448528, 39.355424, 39.931666, 40.109791, 39.575445, 39.616309, 39.382255, 39.912973, 40.165088, 40.154895, 39.610631, 39.731689, 40.299574, 40.115577, 40.036453, 39.977935, 39.780045, 39.637805, 39.785731, 40.025913, 39.884096, 39.96054, 40.448227, 39.671985, 40.130633, 39.668998, 39.78583, 39.57756, 40.522402, 39.743993, 40.30922, 40.385432, 39.344835, 40.051163, 39.541896, 40.542119, 40.391564, 39.958661, 39.657285, 39.869353, 
40.230884, 39.410971, 39.647537, 39.542571, 40.07823, 39.743, 39.315544, 39.808311, 39.868966, 38.641509, 38.40388, 38.266148, 38.363183, 38.171591, 38.493639, 38.526134, 37.692776, 38.259528, 38.581879, 38.671517, 38.364214, 37.899548, 38.506491, 38.250989, 37.825966, 38.505786, 38.668901, 37.853003, 38.164781, 38.616741, 38.575037, 37.371365, 37.943914, 37.946913, 38.081874, 37.326648, 37.621338, 37.507321, 38.585719, 37.555366, 38.137769, 37.849889, 37.501451, 37.747201, 37.499513, 38.277754, 
37.766787, 37.838563, 38.039239, 38.251879, 37.906353, 38.086255, 38.054666, 37.981824, 38.005777, 37.665823, 38.429061, 38.024133, 37.903772, 37.09416, 37.206219, 37.206219, 37.047161, 36.739448, 37.236623, 36.658583, 37.292467, 37.195692, 37.174256, 37.149458, 37.168985, 37.002574, 37.081103, 36.799869, 36.734769, 36.913607, 36.61041, 37.172786, 37.256327, 36.86429, 36.828416, 36.547736, 37.260443, 36.571849, 37.241939, 36.898694, 37.146249, 36.712525, 37.086771, 36.530266, 36.902332, 36.833365, 
36.871373, 36.73901, 36.632573, 37.206219, 37.155108, 37.011487, 36.760347, 39.781173, 39.035038, 39.035038, 38.287405, 38.784123, 38.361276, 38.279787, 38.31417, 38.575173, 38.084663, 38.624862, 38.032648, 38.599175, 38.630396, 38.633533, 38.662989, 38.311355, 38.223649, 38.351597, 38.561436, 38.341076, 38.675775, 38.232201, 38.196429, 38.692923, 38.35222, 38.659798, 38.674914, 38.632055, 38.77066, 38.14008, 38.364291, 38.192972, 38.543408, 38.477953, 38.058473, 38.543762, 38.483274, 38.674914, 
38.280617, 38.674735, 38.607257, 38.493511, 38.723957, 38.407056, 38.130807, 38.33895, 38.751905, 38.798727, 38.748204, 38.248494, 38.485815, 38.259655, 38.36528, 38.78615, 38.364491, 38.156071, 38.634516, 38.642614, 38.217129, 38.142363, 38.428609, 38.417602, 38.535897, 38.530921, 38.530921, 38.530921, 38.530921, 38.530921, 38.530921, 38.530921, 38.568287, 38.530921, 38.530921, 38.926838, 39.00234, 38.925204, 39.044719, 38.903318, 38.937608, 38.953238, 38.903318, 38.903318, 38.903318, 39.29161, 
39.0159, 39.168227, 38.935305, 39.436768, 38.782638, 39.522573, 39.212252, 39.278949, 39.487134, 39.370265, 39.626821, 39.148876, 39.024196, 38.852436, 39.235444, 39.104503, 39.137047, 39.286571, 39.516668, 39.442539, 39.580455, 39.500486, 38.959191, 39.460422, 39.09551, 39.179316, 39.420353, 39.015654, 39.463743, 38.849336, 39.342316, 39.014478, 39.213975, 39.461414, 39.369471, 39.539711, 39.208685, 39.199784, 39.506878, 38.884926, 38.903318, 38.702964, 38.724577, 38.732758, 39.070941, 39.093236, 
38.975799, 38.459369, 38.151604, 38.451021, 38.203621, 38.972563, 38.609313, 39.226389, 38.61917, 38.901528, 38.825456, 38.503623, 38.76699, 38.780854, 38.34463, 39.180956, 39.10518, 39.310853, 38.55338, 38.99158, 38.708894, 39.221658, 38.671012, 38.982222, 38.675515, 38.242861, 38.525725, 37.94384, 37.963208, 37.876191, 38.062095, 37.309426, 37.624096, 36.95653, 37.672965, 37.615344, 38.126316, 38.125349, 37.365975, 37.817055, 37.85017, 37.95348, 38.092097, 37.780711, 37.829068, 37.990962, 37.68574, 
37.693916, 37.84762, 37.191845, 37.165828, 37.260073, 37.532445, 37.737264, 37.353209, 37.316088, 37.366219, 38.10273, 37.995489, 37.464282, 37.926116, 39.235169, 37.782433, 37.689335, 38.091816, 37.678528, 37.767937, 37.622778, 37.489718, 37.47449, 37.153294, 36.996408, 37.862197, 37.545213, 37.37815, 37.828549, 37.508599, 38.011872, 37.630896, 37.241589, 37.919808, 37.716972, 37.840129, 37.465392, 37.184223, 37.81186, 37.153294, 36.741969, 38.10675, 38.175146, 37.820367, 37.827415, 37.858464, 37.805756, 
36.996441, 37.246525, 37.61082, 37.97957, 37.537425, 37.859361, 37.557203, 37.270684, 36.918018, 36.679742, 37.736871, 36.921199, 36.527558, 37.042293, 36.54602, 37.218244, 37.616822, 36.734544, 36.660981, 36.64417, 37.436062, 36.755168, 37.134829, 37.020827, 37.630577, 36.749457, 36.725025, 36.681589, 36.610463, 36.569847, 36.897807, 36.829356, 37.015404, 37.494752, 36.901929, 38.015379, 37.508827, 37.277247, 36.753498, 36.851944, 37.707827, 36.536324, 37.509611, 37.476695, 37.339631, 36.690297, 
37.391275, 37.618579, 37.802535, 37.145969, 36.706492, 37.021147, 36.606281, 36.771898, 36.839078, 36.557301, 37.746461, 37.330625, 37.439717, 37.465808, 37.586048, 37.193688, 36.651607, 37.302013, 37.913567, 36.923067, 36.600309, 36.617892, 37.793322, 36.930861, 36.569901, 36.603318, 36.660582, 36.561455, 37.411943, 37.298292, 37.751804, 36.63101, 36.648817, 37.132577, 36.58466, 36.602467, 36.79589, 37.073473, 37.128682, 37.007586, 37.330958, 37.220289, 36.91816, 37.487034, 37.176376, 37.101742, 
37.412437, 37.045593, 36.733415, 37.093694, 36.935499, 37.021086, 37.582527, 36.956471, 37.85245, 37.43378, 36.616515, 37.789907, 36.87478, 36.525433, 36.618869, 36.655356, 37.93345, 36.483329, 36.795164, 38.059763, 36.693007, 37.124302, 36.531361, 36.713014, 36.651607, 37.122896, 36.614975, 36.530992, 37.157055, 36.587559, 37.343226, 37.000766, 36.850549, 36.802445, 37.103672, 37.281619, 36.739739, 36.606892, 36.489216, 36.681335, 37.827158, 37.25807, 36.545211, 37.844753, 36.919476, 36.935443, 
37.410221, 36.773538, 36.619334, 36.757025, 37.914579, 36.719145, 36.629135, 36.524268, 36.531635, 37.939779, 37.340995, 37.715074, 36.695557, 37.703022, 37.968547, 38.067095, 36.801103, 36.857128, 36.679277, 36.543362, 36.996755, 37.25807, 37.212639, 37.257053, 37.161299, 37.25807, 37.206624, 37.168435, 37.25807, 37.167282, 37.120301, 37.25807, 37.25807, 37.25807, 37.19, 37.180349, 37.181498, 39.553786, 38.789719, 39.145077, 39.703642, 38.102749, 39.065703, 38.733271, 38.226434, 38.067424, 39.47305, 
39.720911, 38.961396, 38.94575, 39.331919, 38.762545, 39.521275, 39.756944, 38.917032, 38.404804, 39.348031, 38.813839, 38.824863, 38.278069, 38.368325, 39.85881, 38.658068, 38.088951, 38.35152, 39.589832, 38.442448, 39.258624, 38.983551, 38.952526, 38.932303, 38.920649, 39.298776, 38.97583, 39.025994, 38.899901, 39.01201, 38.602219, 39.201274, 38.141903, 39.548048, 39.415907, 38.889784, 38.860511, 38.899901, 38.489733, 39.214825, 38.614986, 39.201834, 38.574804, 38.328516, 39.097559, 38.184882, 
38.612869, 39.423964, 38.49159, 38.542788, 38.398831, 39.773145, 38.736692, 38.798648, 39.112379, 39.79684, 39.339975, 39.774356, 38.185196, 38.698415, 38.21086, 39.959033, 38.455968, 39.328743, 39.118054, 39.112204, 39.059254, 39.137003, 39.084954, 39.066732, 39.156275, 39.096551, 39.076554, 39.117009, 39.073539, 39.141419, 39.096551, 39.105854, 39.096551, 39.718697, 39.914389, 39.096551, 39.007755, 39.023105, 39.020405, 38.992255, 39.030172, 38.959256, 38.957396, 38.999505, 38.900535, 38.924739, 
38.925159, 38.959606, 38.899634, 38.961756, 38.961006, 39.009485, 39.021629, 39.011673, 38.963798, 38.964728, 38.865825, 38.899901, 38.860552, 38.862007, 38.899901, 39.029641, 38.972197, 38.899901, 38.899901, 38.899901, 38.899901, 38.899901, 38.899901, 38.899901, 38.899901, 39.814081, 37.57189, 38.990708, 38.918102, 39.877691, 39.891751, 39.877735, 39.207942, 39.949989, 38.935058, 39.656045, 39.921671, 38.767905, 38.82517, 39.697296, 39.516144, 39.655741, 39.267478, 39.377827, 38.964532, 39.317301, 
38.8421, 39.681813, 39.811818, 39.43982, 39.689409, 39.671207, 39.094823, 38.810071, 39.496479, 39.857155, 39.466971, 39.853477, 39.659471, 39.254902, 39.01585, 39.074628, 39.383205, 39.251831, 38.602873, 37.302792, 39.053241, 39.184986, 39.241083, 39.304937, 39.194065, 39.076048, 39.852696, 39.337531, 38.503219, 39.201628, 39.149612, 39.936121, 39.626301, 39.113103, 39.964921, 39.417531, 39.483435, 39.865907, 38.611619, 38.775185, 39.06583, 39.747135, 38.60969, 39.303014, 39.8202, 39.143168, 39.889544, 
39.21939, 39.200733, 38.771467, 39.840496, 39.136616, 39.502211, 39.977047, 39.020437, 38.647459, 39.694315, 38.895185, 39.220965, 39.691428, 39.427973, 39.654548, 39.471738, 39.585484, 39.472188, 39.783753, 38.988075, 39.0562, 39.04045, 39.013988, 39.058177, 39.044056, 39.077066, 38.988508, 38.981849, 39.0161, 39.040333, 39.015374, 39.067174, 39.065249, 39.130354, 39.126429, 38.946977, 39.042939, 39.042939, 39.042939, 39.042939, 39.042939, 39.042939, 39.042939, 39.042939, 39.042939, 39.199103, 39.042939, 
39.042939, 39.042939, 39.042939, 39.042939, 39.672989, 39.042939, 39.042939, 39.042939, 39.042939, 39.042939, 39.042939, 39.042939, 39.042939, 39.042939, 37.823295, 37.551596, 37.644301, 37.547763, 37.026091, 37.628076, 37.916575, 37.705016, 37.666078, 37.59292, 37.347065, 37.17473, 37.559151, 37.16944, 37.799021, 37.594166, 37.616393, 37.522439, 37.539672, 38.01707, 37.091398, 37.464733, 37.726754, 37.923162, 37.506616, 37.66749, 37.424622, 37.802718, 37.926666, 37.918044, 37.332679, 37.364275, 
38.017205, 37.933658, 37.554735, 37.420016, 38.005429, 37.568611, 37.344142, 37.900385, 37.408511, 37.455819, 38.066976, 37.840828, 37.074648, 37.500157, 37.75459, 37.27522, 37.691117, 37.478331, 37.777886, 37.000262, 37.848943, 37.603419, 37.300262, 37.284559, 37.873778, 38.410549, 39.964236, 38.614057, 38.672825, 38.862376, 38.513771, 38.536957, 38.211108, 38.064497, 38.018802, 38.224172, 38.344157, 38.649811, 38.877563, 38.395027, 38.228452, 38.078496, 38.000062, 38.281776, 37.888276, 38.427161, 
38.095388, 38.473549, 38.556941, 38.126728, 38.359189, 38.14969, 37.831349, 38.368683, 38.241502, 38.175115, 38.532132, 38.415712, 37.925128, 38.382581, 38.79144, 38.682093, 39.568803, 39.718857, 39.761524, 39.675346, 39.824657, 39.908065, 39.594163, 39.594485, 39.837438, 39.81884, 39.827165, 39.791338, 39.688224, 39.841886, 39.888945, 39.968115, 39.609023, 39.652106, 39.792636, 39.835476, 39.689909, 39.966106, 39.790935, 39.883769, 39.933522, 39.934395, 39.827894, 39.618962, 39.633913, 39.931181, 
39.776903, 39.794538, 39.815522, 39.798339, 39.936773, 39.588426, 37.779021, 37.693585, 37.144088, 37.270346, 37.067387, 37.454925, 37.233697, 37.68066, 37.660135, 37.390809, 37.886437, 37.818158, 37.076529, 37.314208, 38.008128, 37.784193, 37.062453, 37.327404, 37.104057, 37.647611, 37.518342, 37.469499, 37.259332, 37.787206, 37.400431, 37.519257, 37.655003, 37.298982, 37.557434, 37.150816, 37.513371, 38.054115, 37.830417, 37.854192, 37.64248, 37.173305, 37.663743, 37.104798, 37.651845, 38.246972, 
37.590146, 37.78335, 38.007112, 37.041728, 37.297898, 37.658761, 37.552425, 37.088979, 38.142541, 38.347058, 37.461079, 37.746879, 37.795395, 37.618339, 37.5731, 37.037218, 37.316336, 37.561112, 38.376681, 37.686034, 37.775593, 37.043519, 37.26475, 37.286936, 37.251663, 37.447829, 38.193313, 37.831684, 37.581777, 37.474542, 37.625625, 37.442074, 38.051679, 38.073865, 37.460764, 37.253486, 37.459433, 37.629754, 37.946174, 37.642738, 37.196316, 37.436662, 37.42198, 37.813869, 37.573226, 37.494728, 
37.921185, 37.647292, 37.253964, 37.065497, 37.468889, 37.363445, 37.804776, 37.395382, 37.853935, 37.538257, 37.026317, 38.13467, 37.268972, 37.963712, 37.34323, 37.256575, 37.422585, 37.651974, 37.686992, 37.703932, 37.754443, 37.738348, 37.703247, 37.669803, 37.701997, 37.67129, 37.638946, 37.667175, 37.700632, 37.669067, 37.705384, 37.626676, 37.619858, 37.62421, 37.670092, 37.765919, 37.745561, 37.628158, 37.751267, 37.73674, 37.750904, 37.62812, 37.774174, 37.683392, 37.556692, 37.639491, 37.568951, 
37.692778, 37.542182, 37.693588, 37.693588, 37.693588, 37.693588, 37.693588, 37.693588, 37.693588, 37.693588, 37.693588, 37.216856, 37.180641, 37.051587, 37.021498, 37.026172, 37.278991, 37.047431, 37.041838, 37.050156, 37.058083, 37.347626, 37.059559, 37.279439, 37.37477, 37.326384, 37.103604, 37.479165, 37.135671, 37.376701, 37.337559, 37.200877, 37.053112, 37.182538, 37.339913, 37.074399, 37.107867, 37.327608, 37.035742, 38.827875, 38.78359, 38.94112, 37.872226, 38.674468, 39.433975, 39.18871, 
38.362379, 39.440546, 39.03407, 38.980027, 38.813761, 38.50978, 38.369576, 39.520894, 38.959448, 39.341513, 37.125692, 39.26795, 39.50357, 38.499781, 38.744056, 38.894257, 38.660286, 38.372202, 38.527035, 39.367111, 39.503154, 39.475173, 38.657542, 38.677306, 38.61616, 38.689794, 39.229204, 38.703443, 39.034792, 38.590743, 38.40198, 39.171661, 38.57504, 38.367298, 38.590489, 39.342965, 39.131275, 39.459244, 38.891137, 39.248278, 39.409385, 39.579664, 38.596837, 38.391722, 39.384449, 38.702546, 38.950725, 
39.023406, 39.027261, 38.538684, 38.998387, 39.32071, 39.180886, 39.188023, 38.817788, 38.367098, 38.807138, 39.339801, 38.034292, 38.094945, 37.953219, 38.027185, 37.992099, 38.442368, 38.238827, 38.446509, 37.876541, 38.674455, 38.400425, 38.427837, 37.947324, 38.573848, 38.618706, 38.122234, 38.200452, 38.360414, 38.555566, 38.347872, 38.070818, 38.363151, 37.898787, 38.562172, 38.15141, 38.224457, 37.918313, 38.560733, 38.179418, 37.876262, 38.654948, 38.356474, 38.589291, 37.934689, 38.41473, 
38.443723, 38.137119, 37.861674, 38.526757, 38.587486, 37.953609, 38.262021, 38.006382, 37.784834, 38.660733, 38.278487, 38.193997, 38.445884, 38.014216, 37.976752, 38.19784, 37.967166, 37.804591, 38.669493, 37.94119, 38.881082, 39.792611, 39.891365, 39.461403, 39.360896, 38.86913, 38.927648, 39.647706, 39.707176, 37.097273, 39.028141, 39.336054, 38.834958, 39.610945, 38.933306, 39.640967, 39.652794, 38.878181, 39.360338, 39.676204, 39.644576, 39.609655, 39.65573, 39.947283, 39.059815, 39.120158, 
39.359896, 39.202987, 39.907372, 39.822766, 38.989828, 39.22742, 39.118835, 39.301053, 38.704467, 39.799834, 39.212784, 39.823946, 38.866551, 39.684032, 38.711024, 39.436461, 39.799148, 38.861194, 39.015522, 39.166845, 38.868064, 39.450984, 39.394701, 39.810204, 39.758864, 39.424782, 39.356075, 39.488765, 39.332837, 38.882722, 39.117535, 39.042757, 39.893743, 39.356622, 39.358034, 39.406853, 39.857038, 39.792736, 39.071265, 39.11329, 39.832075, 39.116982, 39.038252, 39.40544, 39.773872, 39.534756, 
38.865428, 38.912898, 38.930464, 38.942421, 37.755267, 37.196075, 37.523175, 37.84899, 38.043992, 37.554849, 38.039676, 38.514924, 37.040749, 37.629346, 37.549041, 37.73, 37.401983, 39.296417, 37.976008, 38.134219, 38.591591, 38.089121, 37.989353, 37.842421, 38.080626, 37.557733, 38.140691, 37.974098, 37.513348, 37.23521, 37.995238, 38.503037, 37.585473, 38.551037, 37.21313, 37.394383, 37.586422, 37.881899, 37.257151, 37.496762, 38.48461, 37.845029, 37.525821, 38.022874, 38.478369, 37.569601, 37.805301, 
37.067979, 37.021641, 39.43042, 37.011254, 37.185269, 37.30755, 37.23606, 37.163412, 41.334744, 41.47502, 41.068476, 42.009508, 41.146848, 41.36753, 41.538439, 41.53827, 41.25973, 41.28216, 41.386373, 41.03664, 41.064961, 41.309443, 41.761217, 41.988034, 41.274881, 41.463418, 41.434796, 41.567907, 41.118694, 41.665663, 42.326727, 41.62307, 41.344868, 41.134234, 41.465023, 41.330124, 41.391914, 40.992426, 41.948587, 42.110959, 41.285973, 41.22091, 41.095604, 41.53608, 41.830827, 41.151899, 42.112028, 
40.999245, 41.309115, 41.108443, 42.053783, 41.092703, 41.653831, 41.003188, 41.074548, 41.783203, 42.187938, 41.733433, 41.328149, 41.077766, 41.199626, 42.148163, 41.396848, 41.255649, 41.200338, 42.232805, 41.61023, 41.249536, 41.291736, 41.260566, 41.291736, 41.292445, 41.240854, 41.242313, 41.205198, 41.240562, 41.291736, 41.292321, 41.294547, 41.334947, 41.127805, 41.264531, 41.294069, 41.208364, 41.263194, 41.291736, 41.291736, 41.348081, 41.117337, 41.235064, 41.203029, 41.183458, 41.240036, 
41.264418, 41.26565, 41.144085, 41.296748, 41.203791, 41.177298, 41.204631, 41.175935, 41.291736, 41.365763, 41.235248, 41.291736, 41.179338, 41.344394, 41.264952, 41.291736, 41.182198, 41.296198, 41.291736, 41.291736, 41.291736, 41.291736, 41.291736, 41.291736, 41.291736, 41.291736, 41.291736, 41.26, 41.291736, 41.12044, 41.264333, 40.472055, 40.247793, 40.874192, 40.376356, 40.789284, 40.048634, 40.264193, 40.781788, 41.009984, 40.248038, 41.014534, 40.680749, 40.14601, 40.910954, 40.487422, 40.400172, 
40.328889, 40.135672, 40.549923, 40.042191, 40.29141, 40.015959, 40.473614, 40.50482, 40.716216, 40.481866, 40.327774, 40.620175, 40.29735, 40.965773, 40.11127, 40.327793, 40.739508, 40.135651, 40.389849, 40.105725, 40.632861, 40.56985, 40.034277, 40.666814, 40.805678, 40.289859, 40.837204, 40.061702, 40.652298, 40.151358, 40.633747, 40.097217, 40.298643, 40.533257, 40.630445, 40.95178, 40.516034, 40.163122, 40.832663, 40.627475, 40.974167, 41.03937, 40.563073, 40.154291, 40.763846, 40.612736, 40.211775, 
40.025484, 40.172733, 40.20808, 40.394814, 40.41, 40.242528, 40.081107, 40.653589, 40.744844, 40.918054, 40.918749, 40.617147, 40.772835, 40.501404, 40.912199, 40.915826, 40.661439, 40.833188, 40.32194, 40.052388, 40.401484, 40.728493, 40.702467, 40.596093, 40.106605, 40.48863, 40.385662, 40.806723, 40.298729, 40.969816, 40.059775, 40.679251, 40.056628, 40.060469, 40.909197, 40.43034, 40.240436, 40.626661, 40.996127, 40.05097, 40.224384, 40.229899, 40.450262, 40.409283, 40.400494, 40.656899, 40.188015, 
40.537185, 40.373895, 40.394354, 40.412117, 40.698235, 40.820408, 40.898329, 40.152937, 40.239986, 40.897974, 40.764867, 40.924298, 40.87142, 40.410478, 40.487481, 40.087289, 40.865237, 40.865142, 40.789051, 40.823602, 40.8442, 40.82655, 40.785557, 40.85115, 40.814191, 40.784451, 40.807106, 40.7448, 40.940125, 40.749224, 40.92185, 40.798632, 40.855645, 40.790601, 40.740529, 40.859321, 40.740833, 40.849249, 40.816765, 40.879752, 40.900801, 40.796876, 40.784451, 40.784451, 40.784451, 40.784451, 40.820645, 
41.437838, 41.53808, 41.708281, 41.482181, 41.909737, 41.441371, 41.342529, 41.177056, 41.552082, 41.212516, 41.70879, 41.692408, 41.259891, 41.706209, 41.388893, 41.083432, 42.009216, 41.76983, 41.375063, 41.44996, 41.73427, 41.690401, 41.691648, 41.707169, 41.504301, 41.400937, 41.484782, 41.21361, 41.861111, 41.545453, 41.068368, 41.632602, 41.192785, 41.546604, 41.574309, 41.472784, 41.184669, 41.306574, 41.704483, 41.693462, 41.113813, 41.106694, 41.08293, 42.026209, 41.916476, 42.450185, 42.214277, 
42.573338, 42.53961, 41.993408, 41.944906, 42.408389, 42.651113, 42.845614, 42.337964, 42.923088, 42.281323, 42.62177, 42.182794, 42.163976, 42.509494, 42.379899, 42.469145, 42.774493, 42.424303, 42.459805, 42.288154, 42.475789, 42.189511, 42.750269, 42.272213, 42.264356, 42.624108, 42.145982, 42.367879, 42.376443, 42.460155, 42.437732, 42.787371, 42.402076, 41.836046, 42.609687, 42.481711, 41.995961, 42.855832, 42.946169, 42.150892, 42.660607, 41.769497, 42.700145, 42.776379, 42.049818, 42.516792, 
42.395137, 42.35077, 42.41927, 42.200994, 41.999564, 42.331689, 42.563297, 42.377338, 42.231317, 42.367457, 42.821095, 42.467095, 42.843338, 42.880251, 41.955429, 42.591725, 42.028202, 42.811418, 42.620877, 42.242742, 42.437174, 42.50198, 42.221382, 41.841032, 42.534339, 42.175272, 42.000682, 42.749481, 40.607095, 40.922826, 40.872457, 40.916866, 40.860494, 40.887707, 41.726833, 41.296709, 41.420141, 41.172932, 41.251967, 40.83605, 41.348094, 41.09121, 41.976053, 41.400263, 41.820617, 40.99858, 41.288656, 
41.12561, 41.031618, 41.556172, 41.125399, 40.763643, 41.824292, 41.013936, 41.336945, 40.708697, 41.6477, 41.217633, 40.754582, 40.769633, 41.517347, 40.894366, 41.067301, 40.713265, 41.068227, 40.709895, 40.686053, 40.849654, 40.786048, 41.158146, 41.286479, 41.019927, 41.168004, 41.488642, 40.966548, 41.48443, 41.146805, 40.699986, 41.597942, 40.752213, 41.244441, 40.895553, 40.982236, 40.718287, 41.014592, 40.817442, 41.121028, 41.097169, 41.230069, 41.639578, 41.523574, 40.786865, 40.970793, 
41.826783, 41.393902, 41.44271, 41.413885, 40.807789, 40.589299, 40.589594, 40.142462, 40.318156, 40.370382, 40.493457, 40.431821, 40.106595, 40.534445, 40.320042, 40.121789, 40.284783, 40.303479, 40.523823, 40.34357, 40.365387, 40.310905, 40.627711, 40.425264, 40.103792, 40.532115, 40.459158, 40.084405, 40.023871, 40.635514, 40.568436, 40.099617, 40.306853, 40.34435, 40.434479, 40.465821, 40.142355, 40.60418, 40.595599, 40.642616, 40.275161, 40.507276, 40.491484, 40.085446, 40.19484, 40.478879, 
40.230878, 40.145771, 40.247784, 40.176513, 40.090341, 40.113307, 40.083133, 40.459642, 40.126094, 40.605538, 40.576873, 40.092127, 40.03686, 40.603945, 40.674132, 40.287173, 40.338567, 40.225039, 40.241652, 40.097723, 40.317358, 40.489063, 40.242582, 40.618751, 40.049447, 40.429297, 40.656225, 40.756879, 40.032262, 40.383691, 40.560493, 40.530405, 40.236212, 40.056031, 40.142872, 40.638541, 40.646065, 40.358455, 40.133487, 40.519197, 40.150605, 40.160252, 40.484407, 40.106363, 41.129363, 41.046447, 
41.398865, 41.569138, 41.058171, 41.036035, 41.583579, 41.091667, 41.173278, 41.104806, 40.868727, 41.406407, 40.808779, 41.207381, 40.847471, 42.211636, 40.952436, 40.850141, 41.318554, 41.931243, 41.186837, 41.250772, 41.24058, 41.296221, 41.376624, 41.521238, 41.168155, 40.845229, 41.020868, 42.088889, 41.115512, 41.402127, 41.154635, 41.233268, 42.1088, 41.220549, 42.07739, 41.162214, 41.437215, 41.194109, 41.918663, 41.560479, 40.734776, 40.820868, 40.770008, 40.892469, 41.615307, 42.716711, 
42.530382, 42.838967, 42.914711, 42.61416, 42.939915, 42.519402, 42.848109, 42.686576, 42.940698, 42.63002, 42.13928, 41.823881, 41.861313, 41.777948, 41.996022, 41.660814, 42.808213, 42.672974, 42.23242, 41.803503, 42.567701, 41.549736, 42.624764, 42.580176, 42.369213, 41.992583, 41.926792, 42.21773, 41.849619, 41.746944, 42.485817, 41.781984, 41.863357, 41.940693, 41.986025, 42.737843, 41.885553, 41.851012, 42.963117, 41.92305, 42.755969, 30.08677, 29.984096, 30.011517, 29.997168, 29.677893, 29.999453, 
30.013985, 29.677893, 29.677893, 29.677893, 29.960375, 29.810193, 29.942703, 29.958802, 29.677893, 29.715795, 29.822707, 29.307982, 29.900075, 29.749706, 29.351783, 29.380066, 29.946404, 29.96765, 29.61829, 29.969128, 30.071155, 30.033974, 29.384033, 30.058276, 30.053907, 29.915355, 29.677893, 29.677893, 29.894261, 29.967081, 29.878578, 29.677893, 29.677893, 29.991051, 29.677893, 29.677893, 30.022853, 29.999471, 29.652752, 30.073941, 30.091158, 29.907162, 30.04401, 29.869283, 29.677893, 29.935089, 
30.055429, 29.981674, 30.007089, 29.878373, 29.285081, 29.572751, 29.529091, 30.059516, 29.86089, 30.013027, 29.962601, 29.979997, 29.277457, 29.902193, 29.877893, 29.91534, 29.677893, 30.03, 29.956804, 29.943505, 29.938155, 29.927305, 29.968054, 29.970404, 29.952305, 29.974504, 29.961875, 30.006353, 29.952605, 30.006003, 29.951705, 30.016002, 30.033475, 30.05031, 30.063059, 29.938005, 29.917005, 30.032997, 29.95612, 29.677893, 30.032997, 30.032997, 29.930433, 30.032997, 30.032997, 30.030902, 30.032997, 
30.032997, 30.032997, 30.032997, 30.032997, 30.032997, 29.940138, 30.032997, 30.032997, 29.922905, 30.032997, 30.032997, 30.032997, 30.032997, 29.95006, 30.032997, 30.032997, 30.032997, 30.032997, 30.032997, 30.032997, 30.032997, 30.032997, 30.032997, 30.032997, 30.032997, 30.032997, 29.677893, 30.067646, 29.677893, 30.032997, 30.032997, 30.032997, 30.032997, 30.032997, 30.032997, 30.032997, 29.987528, 29.797776, 29.458689, 29.803282, 29.931838, 29.688425, 30.030819, 29.692515, 29.553952, 29.385126, 
29.523897, 30.103905, 29.696385, 29.384672, 29.435146, 29.670214, 29.658394, 29.275485, 29.227769, 29.696636, 29.593377, 29.382117, 29.560581, 29.626988, 30.285602, 29.865202, 29.829135, 29.535139, 29.620122, 29.697038, 30.204707, 29.428462, 29.694806, 29.694629, 30.350849, 29.91599, 29.990967, 29.69828, 29.995157, 29.715302, 29.718856, 29.352141, 30.517866, 30.513982, 30.484785, 30.505061, 30.482725, 30.612371, 30.723034, 30.932125, 30.762908, 30.591363, 30.83503, 30.613004, 30.496278, 30.470793, 
30.492753, 30.53978, 30.793858, 30.616777, 30.844465, 30.375852, 30.867259, 30.686968, 30.628735, 30.923938, 30.327126, 30.623502, 30.424049, 30.367119, 30.272335, 30.944302, 30.546528, 30.401481, 30.702471, 30.427599, 30.520782, 30.769493, 30.42551, 30.269565, 30.42551, 30.298048, 30.266707, 30.386031, 30.658471, 30.534785, 30.875453, 30.560995, 30.90169, 30.42551, 30.42551, 30.400949, 30.432586, 30.847346, 30.22, 30.2334, 30.319799, 30.185867, 30.21385, 30.202251, 30.211901, 30.2786, 30.163368, 
30.156506, 29.943573, 30.032434, 30.411741, 29.907136, 29.841827, 30.47461, 30.365586, 30.301254, 30.134801, 30.079692, 30.327199, 30.336379, 29.75226, 29.883266, 30.566122, 30.414588, 30.213767, 30.228409, 29.945707, 30.198258, 30.237007, 30.477275, 29.941157, 30.182784, 30.492895, 30.261809, 29.759314, 29.761665, 30.419571, 30.005408, 30.328683, 29.910582, 30.242533, 29.984184, 30.082515, 30.517709, 30.475194, 30.076638, 30.63, 30.101305, 30.188258, 30.101464, 30.142775, 29.975453, 29.739932, 30.022348, 
29.909643, 30.530965, 30.57445, 29.866543, 30.781744, 30.549089, 30.234581, 30.675449, 30.24711, 30.148473, 30.244311, 30.394648, 30.871853, 30.710639, 30.653805, 30.246368, 30.103107, 30.20812, 29.700243, 30.22, 30.20812, 30.20812, 30.226399, 30.264232, 30.165907, 30.264232, 30.129908, 30.264232, 30.32797, 30.264232, 30.239906, 30.264232, 30.264232, 30.077002, 29.778234, 29.836547, 30.44431, 30.835881, 30.685067, 30.86741, 30.994164, 30.366126, 31.111979, 29.77124, 30.799893, 29.995358, 30.107308, 
30.243213, 30.494379, 30.235892, 30.518729, 30.599065, 30.685274, 30.710561, 30.620456, 30.937089, 30.472103, 30.518748, 30.921274, 30.586251, 30.338939, 30.811926, 30.245205, 30.264232, 30.154028, 30.183689, 30.251665, 30.51589, 30.608471, 30.204707, 30.350306, 30.508318, 30.949066, 30.584787, 30.822847, 30.261384, 30.547187, 30.201004, 30.384402, 30.587305, 30.216906, 30.823174, 30.063433, 30.130584, 30.468526, 30.337495, 30.295446, 30.546033, 30.810733, 30.605673, 30.307865, 30.211172, 30.633678, 
30.229237, 30.204707, 30.585687, 30.399271, 30.019278, 30.535477, 30.878083, 30.826285, 30.622391, 30.514159, 30.7513, 30.587852, 30.917437, 30.447866, 30.568308, 30.548421, 30.483791, 30.720494, 30.700337, 30.972292, 30.609979, 30.03318, 30.270694, 30.261384, 30.473536, 30.31144, 30.642585, 30.439483, 30.613588, 30.212699, 30.857355, 30.264611, 30.722133, 30.182068, 30.287104, 30.561065, 30.934986, 30.680083, 30.917453, 30.521962, 30.550219, 30.962103, 30.153959, 30.925815, 30.655578, 30.027914, 
30.44884, 30.44629, 30.405002, 30.386267, 30.485639, 30.44495, 30.534088, 30.411391, 30.403341, 30.361609, 30.525121, 30.504989, 30.520111, 30.484756, 30.45514, 30.425791, 30.387642, 30.537938, 30.46534, 30.373865, 30.461252, 30.51589, 30.51589, 30.51589, 30.51589, 30.433837, 30.51589, 30.484853, 30.51589, 30.51589, 30.388292, 30.51589, 30.433083, 30.45, 30.590238, 30.51589, 30.51589, 30.51589, 30.45, 30.51589, 30.412991, 30.51589, 30.51589, 30.51589, 30.51589, 30.117148, 32.57761, 32.129489, 32.642811, 
32.765739, 32.697056, 32.420611, 32.331964, 32.579853, 32.204949, 32.803257, 32.050033, 32.969535, 32.487485, 32.502528, 32.062391, 32.234006, 32.518748, 32.828541, 32.191147, 32.01716, 32.110359, 32.453029, 32.176112, 32.062391, 32.569798, 32.954851, 32.429157, 32.78288, 32.890777, 32.983957, 32.342739, 32.168532, 32.309864, 32.830135, 31.991863, 32.117539, 32.31718, 32.031067, 32.048905, 32.631009, 32.576948, 32.044529, 32.679068, 32.748354, 31.920574, 32.913383, 31.810803, 31.874172, 32.596886, 
32.304429, 32.978828, 32.122435, 32.924798, 32.941481, 32.535107, 32.994597, 32.25043, 32.278422, 32.937726, 32.366002, 32.849008, 32.34205, 32.505352, 32.607556, 32.490777, 32.484232, 32.457903, 32.426104, 32.56443, 32.449286, 32.474453, 32.477994, 32.552315, 32.478752, 32.62762, 32.350987, 32.397255, 32.487601, 32.607556, 32.42067, 32.607556, 32.607556, 32.607556, 32.607556, 32.607556, 32.607556, 32.607556, 32.607556, 32.607556, 32.52, 32.607556, 32.607556, 32.607556, 32.607556, 32.607556, 32.607556, 
32.607556, 32.607556, 32.607556, 32.607556, 32.607556, 32.62762, 32.62762, 32.519393, 32.456862, 32.547067, 32.490777, 32.496764, 32.527693, 32.490777, 32.490777, 32.528593, 32.490777, 32.49, 32.350427, 32.308243, 32.814969, 32.823863, 32.829213, 32.919093, 32.507942, 32.277816, 32.533389, 32.678312, 32.138935, 32.438621, 32.341594, 32.641967, 32.683644, 32.597244, 32.361562, 32.490777, 32.764289, 32.82388, 31.950754, 32.526277, 32.272141, 32.138935, 32.978295, 32.229884, 32.995821, 32.806899, 32.957004, 
32.286179, 32.885372, 32.770852, 32.887552, 32.601149, 32.714211, 32.341112, 32.457301, 32.52476, 32.525825, 32.606535, 32.513699, 32.582205, 32.957393, 32.49191, 32.700356, 32.490777, 32.397286, 32.341594, 32.660116, 32.526944, 32.456034, 32.490777, 32.156791, 31.294532, 31.261716, 31.302432, 31.075638, 31.203393, 31.30473, 31.139651, 31.252471, 31.1741, 30.920328, 31.247945, 32.138935, 30.996931, 31.755985, 30.98676, 31.365331, 31.095889, 31.110171, 31.21968, 30.930026, 31.667978, 32.037425, 31.024614, 
31.765818, 31.060792, 31.654792, 31.586986, 30.728695, 31.114462, 31.203393, 31.067379, 31.140727, 30.698425, 31.381317, 31.05305, 30.835875, 32.090387, 30.717386, 31.203393, 31.352105, 31.36923, 30.945975, 31.596272, 31.203393, 31.924224, 30.895994, 31.85889, 30.966506, 31.695553, 31.540784, 31.796575, 31.615767, 31.938233, 31.769334, 31.215039, 31.755314, 31.415125, 31.733049, 31.527479, 31.332031, 31.963299, 31.903462, 31.817257, 32.026445, 31.541077, 31.5254, 32.130124, 31.80442, 32.08115, 31.563093, 
31.168617, 31.899409, 31.492622, 31.378139, 31.612444, 31.398236, 31.050239, 31.258681, 31.759474, 31.004922, 31.440908, 32.024884, 30.97759, 31.118135, 31.330255, 31.951166, 31.95047, 31.1019, 31.120174, 31.138723, 31.452874, 31.203393, 31.514631, 31.77112, 31.612618, 31.671252, 31.371519, 31.660742, 31.751287, 31.747563, 31.072209, 31.448907, 31.114793, 31.672295, 30.806617, 31.861406, 31.200922, 31.529155, 31.494144, 31.693192, 31.749699, 31.206148, 32.100491, 31.252873, 31.111979, 31.399855, 
31.823038, 31.861708, 31.592547, 31.915828, 31.163538, 31.597407, 31.110298, 31.747563, 31.66581, 34.215648, 34.261359, 34.189398, 34.261465, 34.277534, 34.157876, 33.608935, 33.580919, 33.125032, 33.525266, 33.900515, 33.118147, 33.375479, 34.004537, 34.110042, 33.224814, 33.384421, 33.283901, 33.590601, 33.346473, 33.914079, 33.351501, 33.628723, 33.62086, 33.592575, 33.590601, 33.323463, 34.154012, 33.736301, 33.133126, 33.818318, 33.236401, 33.941582, 33.763205, 33.945654, 33.737729, 33.608004, 
33.873022, 33.592313, 33.059255, 33.749668, 33.978738, 33.608542, 33.578096, 33.589009, 33.733334, 34.055486, 33.704074, 33.326096, 34.058224, 33.686264, 34.010316, 33.218456, 33.198024, 33.091077, 33.834201, 33.913838, 33.521575, 33.525889, 33.050688, 33.97547, 33.067477, 33.198024, 33.397936, 33.362351, 33.249608, 33.242571, 33.325889, 33.323051, 33.350296, 33.91855, 33.4125, 33.123334, 33.741892, 33.535994, 33.198024, 33.236156, 33.34937, 33.832537, 33.657969, 33.765584, 33.780463, 33.675597, 
33.822226, 33.867903, 33.102083, 33.378452, 33.70082, 33.793524, 34.038226, 34.152505, 33.09863, 33.70485, 33.731908, 33.271824, 33.638783, 33.312764, 33.316578, 34.163393, 33.927425, 33.70082, 33.326251, 33.961768, 33.920355, 33.859173, 33.985613, 33.582879, 33.428618, 33.865305, 33.806886, 33.551439, 33.740704, 33.35996, 33.108043, 33.761309, 33.70082, 33.741986, 33.865609, 34.506487, 34.581374, 34.581374, 34.532516, 34.657742, 34.581374, 34.47056, 34.513682, 34.055486, 34.257603, 34.033062, 34.111837, 
34.285033, 34.537164, 34.397266, 34.373399, 34.398483, 34.082845, 34.254277, 34.223546, 34.320028, 34.24238, 34.496472, 34.459413, 34.727093, 34.251107, 34.581374, 34.29627, 34.588479, 34.663502, 34.571277, 34.118589, 34.229742, 34.480095, 34.606137, 34.072187, 34.424114, 34.655204, 34.542995, 34.522254, 34.679542, 34.669401, 34.299569, 34.381056, 34.302177, 34.055486, 34.055486, 35.058503, 34.644387, 34.403216, 34.252213, 35.569503, 35.251768, 34.998573, 35.321261, 34.523858, 35.095774, 35.452494, 
35.429694, 34.564734, 34.993579, 34.864607, 34.597345, 34.804791, 35.461798, 34.867846, 34.606079, 34.967043, 34.776306, 35.043093, 34.505369, 35.365909, 35.57727, 34.697068, 35.423473, 35.586064, 35.075467, 35.105306, 35.074617, 35.105306, 35.011873, 34.541185, 34.438327, 35.339128, 34.955641, 34.745671, 34.283347, 35.633263, 35.624351, 35.141743, 34.53785, 35.220931, 34.28965, 35.814005, 35.144271, 34.708292, 34.109348, 34.14741, 35.236993, 35.179148, 35.091184, 35.311481, 35.320423, 34.781079, 
34.52109, 34.785525, 35.564065, 35.169853, 34.584347, 35.023369, 35.179148, 34.516932, 34.396301, 35.04369, 35.640464, 34.879419, 34.751918, 34.401717, 35.567694, 35.319143, 35.233947, 34.604268, 34.17618, 35.362742, 34.7964, 34.581202, 35.598238, 34.635041, 34.89522, 34.908539, 35.224432, 35.125583, 34.598551, 34.364093, 34.437118, 34.969848, 35.145915, 34.726737, 35.156491, 35.227869, 35.586065, 34.854746, 34.763924, 34.751918, 34.799541, 34.777238, 34.813269, 34.80165, 34.855962, 35.432905, 34.774077, 
35.256759, 34.751918, 35.056424, 34.965699, 35.155206, 34.32012, 34.330808, 35.638247, 35.402236, 34.443452, 34.165734, 34.640886, 34.880442, 35.230036, 35.341123, 35.36083, 34.383661, 35.51921, 34.689349, 35.239022, 35.277393, 35.247376, 34.31985, 34.352844, 35.619538, 35.284619, 35.290158, 34.635041, 34.479852, 34.687292, 35.594246, 34.061917, 34.433276, 34.434204, 35.391629, 34.576099, 35.102318, 34.351954, 35.008529, 35.203213, 35.505158, 34.528857, 35.163915, 34.429059, 34.600398, 35.179148, 
34.751918, 34.77, 34.827174, 34.745692, 34.739224, 34.883484, 34.729159, 34.752391, 34.690671, 34.771291, 34.674192, 34.71542, 34.749723, 34.783505, 34.762141, 34.751918, 34.817834, 34.830158, 34.751918, 34.751918, 34.751918, 34.796399, 34.751918, 34.771024, 34.80189, 34.661442, 34.75, 34.751918, 35.150009, 35.137366, 35.852046, 34.719877, 34.546696, 35.712249, 35.357184, 35.925991, 35.694942, 35.694942, 34.764633, 35.818518, 35.061156, 35.387053, 35.286354, 35.111687, 35.232817, 34.131527, 35.621318, 
35.601699, 35.266812, 35.103643, 34.305697, 35.010683, 35.100867, 35.443275, 35.411831, 34.935463, 34.903767, 34.485028, 35.531429, 35.079258, 35.396138, 34.935197, 35.512756, 35.673312, 34.769714, 34.297754, 35.624419, 34.554466, 35.777085, 35.013693, 34.764904, 35.200501, 35.534421, 34.550982, 34.189902, 34.805649, 34.459854, 35.696385, 34.981162, 35.292009, 34.554559, 35.102775, 35.679593, 34.044682, 35.694942, 34.498519, 35.375704, 35.296539, 35.473821, 35.328336, 34.358049, 34.546274, 35.694942, 
34.929287, 35.05102, 35.585875, 35.229779, 35.296539, 35.844795, 35.80881, 35.830541, 35.781707, 35.930405, 35.747274, 36.128323, 36.323353, 35.823762, 36.120567, 35.927057, 35.92007, 35.755308, 35.786094, 36.410344, 35.723939, 36.384555, 36.21405, 35.855743, 35.867472, 35.744651, 35.49293, 36.334551, 35.650914, 35.555062, 36.042319, 36.21601, 36.315305, 36.205251, 35.82847, 35.941576, 36.06805, 35.995653, 36.437727, 35.83821, 36.179815, 36.422163, 35.972767, 35.910391, 36.189695, 36.167303, 36.065711, 
36.11635, 36.047718, 36.28117, 36.393325, 36.304912, 36.438645, 36.092999, 36.065739, 36.20619, 36.322642, 36.260606, 36.362896, 36.458348, 35.964317, 36.051063, 35.843125, 35.961971, 36.460317, 35.821708, 35.623029, 35.731301, 36.041332, 35.564737, 36.068015, 36.417305, 36.464979, 35.62608, 36.279796, 35.78108, 35.734617, 36.225645, 36.24564, 36.293095, 36.064329, 36.126021, 36.132092, 36.388724, 35.956342, 35.819494, 35.648717, 35.836565, 36.302469, 35.873117, 35.733939, 36.245162, 36.294732, 35.615841, 
36.317264, 36.088921, 35.965754, 35.588979, 36.155897, 36.428401, 36.427702, 36.327307, 35.929689, 36.303556, 35.489516, 36.388751, 35.535238, 35.581607, 35.710614, 35.698168, 36.445205, 35.758314, 36.035962, 36.374704, 34.640273, 35.863114, 35.959567, 35.725631, 35.623263, 36.204582, 36.186879, 35.819261, 35.561834, 36.085113, 35.643961, 35.892646, 36.058198, 35.691868, 36.359511, 36.033231, 36.479925, 35.785607, 35.555144, 36.400178, 36.136468, 36.170391, 36.226478, 36.236984, 36.355213, 35.883787, 
36.272469, 36.431111, 36.308349, 36.350821, 36.004445, 36.380815, 36.484192, 36.0717, 36.276949, 35.839126, 35.755793, 36.461305, 36.443322, 36.392122, 36.150276, 36.263145, 36.297345, 35.916744, 36.327014, 36.021569, 36.000804, 35.979619, 36.378546, 36.424286, 35.800025, 36.083655, 35.896883, 36.389591, 36.329026, 36.23638, 35.927363, 35.91896, 36.193278, 36.23638, 36.492129, 36.459703, 36.427675, 35.927802, 35.955198, 36.427511, 36.087461, 35.924868, 36.264469, 36.021564, 36.255295, 35.721896, 
35.880462, 36.136628, 35.906856, 36.062264, 35.747154, 36.242942, 36.040467, 35.99403, 36.107078, 36.096998, 36.40137, 36.362525, 36.458041, 36.472567, 36.299507, 35.852946, 36.267484, 36.36157, 35.829657, 36.3389, 35.970492, 36.210013, 35.797242, 36.03667, 36.434311, 36.486424, 36.269478, 36.087551, 36.412233, 35.928186, 36.155775, 36.437635, 36.1161, 35.99403, 35.992386, 35.954697, 36.247575, 36.381787, 35.864399, 36.460576, 35.824911, 35.951426, 36.342235, 36.371981, 36.306616, 35.82635, 36.179905, 
36.186059, 36.182407, 36.172541, 35.99403, 36.484548, 36.027493, 36.14998, 36.019883, 35.896307, 35.934679, 35.278429, 35.308848, 35.314678, 35.423102, 35.415616, 35.44477, 35.329457, 35.261843, 35.108311, 35.161856, 34.832089, 34.929705, 35.110131, 35.490105, 35.435619, 35.044021, 35.199221, 35.299773, 35.460782, 34.88007, 35.651525, 35.437519, 34.866017, 35.111397, 35.517382, 35.376739, 35.470638, 35.380528, 35.289176, 35.689689, 35.014918, 35.686766, 35.293281, 35.794196, 34.865448, 35.228264, 
34.949945, 35.358493, 35.306084, 35.373791, 35.38619, 35.357041, 35.406185, 35.191046, 35.191046, 35.301623, 35.191046, 35.191046, 35.265119, 35.191046, 35.191046, 35.191046, 35.48891, 35.332908, 34.882558, 34.734204, 35.105966, 35.297936, 35.426502, 35.604409, 35.312232, 35.668554, 35.478787, 35.200061, 35.15875, 35.026991, 35.105477, 35.348089, 35.184949, 35.057119, 35.090489, 35.649503, 35.528854, 35.72446, 35.549469, 34.779465, 35.312316, 35.562293, 35.594579, 35.456536, 35.494412, 34.907335, 
35.797792, 35.203206, 34.936221, 35.681402, 35.152892, 35.050671, 34.894964, 35.685368, 35.506456, 35.292476, 35.118392, 34.868514, 34.48532, 35.623805, 35.587497, 35.113271, 35.805831, 34.932493, 35.040526, 35.208566, 35.465363, 35.34525, 35.618487, 35.031247, 35.370775, 35.65, 35.22704, 35.975057, 35.96375, 34.907566, 34.485896, 35.027, 34.400476, 35.303547, 35.683768, 35.519046, 35.137863, 34.62, 35.631117, 35.045196, 35.218293, 35.730049, 35.857303, 35.491184, 35.463837, 35.471566, 35.572909, 
35.941421, 35.039068, 34.839562, 35.372736, 35.662619, 34.637595, 36.153239, 34.828663, 35.821107, 35.313109, 36.323723, 35.062348, 36.06773, 35.388059, 35.240232, 35.491226, 34.909551, 35.138421, 35.228649, 35.187611, 35.225702, 35.212681, 36.151316, 34.831083, 34.741677, 36.308588, 35.654827, 35.210855, 35.017656, 34.790635, 35.666481, 35.52106, 35.489527, 34.49284, 35.279882, 35.394725, 35.109275, 35.089882, 35.203206, 34.913215, 35.527593, 35.397259, 34.634693, 35.506204, 35.491608, 35.47156, 
35.489709, 35.47596, 35.509659, 35.482309, 35.484558, 35.447126, 35.43366, 35.459478, 35.504109, 35.517857, 35.551409, 35.568806, 35.440311, 35.544864, 35.476457, 35.515008, 35.42306, 35.579488, 35.50356, 35.520506, 35.535989, 35.551409, 35.465418, 35.551409, 35.481507, 35.441759, 35.431361, 35.459512, 35.576357, 35.552755, 35.612359, 35.40017, 35.61534, 35.551409, 35.388461, 35.518509, 35.498461, 35.605785, 35.551409, 35.551409, 35.433093, 35.551409, 35.551409, 35.551409, 35.395362, 35.407113, 35.568867, 
35.551409, 35.551409, 35.523758, 35.551409, 35.551409, 35.551409, 35.386411, 35.34377, 35.579254, 35.551409, 35.551409, 35.338689, 35.551409, 35.388023, 35.338716, 35.517456, 35.355645, 35.551409, 35.551409, 35.416826, 35.551409, 35.551409, 35.551409, 35.551409, 35.551409, 35.551409, 35.551409, 35.4, 35.551409, 35.551409, 35.551409, 35.551409, 30.326374, 30.326374, 34.752406, 36.248359, 34.184742, 34.288884, 34.288884, 34.447003, 33.925768, 34.252682, 34.625144, 34.647208, 34.354547, 34.293948, 34.363418, 
34.238486, 33.938714, 33.975243, 33.877679, 34.329621, 34.175234, 34.499735, 34.244011, 34.092658, 34.225742, 33.9401, 33.990978, 34.273995, 34.17, 34.033426, 34.17, 34.240761, 34.165558, 34.337522, 33.794716, 34.253452, 34.367986, 34.149455, 34.680871, 34.43664, 34.481151, 34.4836, 34.462809, 34.608348, 34.630879, 34.69727, 34.613973, 34.630879, 34.621373, 34.243494, 34.638773, 34.723795, 34.598197, 34.776114, 34.613786, 34.425098, 34.372622, 34.254376, 34.209826, 34.649815, 34.502833, 34.518944, 
34.48532, 34.49515, 34.747379, 34.457367, 34.465332, 34.809495, 34.410061, 34.478901, 34.681369, 34.239154, 34.976173, 34.239192, 34.645375, 34.688567, 34.325802, 34.62256, 34.330239, 34.855652, 34.50847, 34.751924, 34.72775, 34.630879, 34.696985, 34.571329, 34.023916, 34.188182, 34.834172, 34.008894, 34.637179, 34.748538, 34.273576, 33.916049, 34.500298, 34.924584, 34.359739, 34.16127, 34.48532, 35.508248, 35.591351, 35.399588, 35.355453, 35.675986, 35.394, 35.215997, 35.603809, 35.283812, 35.819529, 
35.70364, 35.26727, 35.851512, 35.405935, 35.250612, 35.826514, 35.45544, 35.26946, 35.646142, 35.018385, 35.837115, 35.006152, 35.26946, 35.934444, 35.848743, 35.610122, 35.167368, 35.321815, 36.13196, 35.167499, 35.458562, 36.033979, 35.219721, 35.739994, 35.04655, 36.411133, 36.379072, 36.402666, 36.379072, 36.379072, 36.49556, 36.804875, 36.224663, 36.949448, 36.200563, 36.920802, 36.06141, 36.580451, 36.481331, 36.751276, 36.404703, 36.311257, 36.648048, 36.239024, 35.978156, 36.285664, 36.347664, 
36.281915, 36.455282, 36.521836, 36.557263, 36.105884, 36.563732, 35.966488, 36.692876, 36.221983, 36.702485, 35.856216, 36.56225, 36.389599, 36.14001, 36.007004, 36.267701, 36.949144, 36.832446, 36.371779, 36.685205, 35.713606, 36.116401, 35.867757, 36.662715, 36.383753, 36.058133, 36.844573, 35.870276, 36.273144, 36.433665, 36.543405, 36.122573, 36.851116, 35.986173, 36.253795, 36.403804, 36.557966, 36.803902, 36.41954, 36.853151, 36.903089, 36.673357, 36.614425, 36.456875, 36.223999, 36.863262, 
36.283175, 36.226355, 36.140186, 36.56306, 36.756145, 36.601946, 36.710457, 36.740652, 36.563865, 36.914169, 36.691413, 36.739447, 36.605467, 36.832751, 36.922263, 36.844919, 36.56879, 36.852475, 36.95279, 36.487394, 36.549109, 36.741589, 36.711386, 36.711386, 36.733398, 35.951402, 36.665794, 35.843486, 35.992283, 36.045907, 36.139826, 36.053246, 36.188136, 36.546415, 36.327143, 36.343579, 36.28, 36.260645, 36.369251, 36.909076, 35.973286, 35.710256, 36.793303, 35.805114, 36.808722, 35.987421, 36.336457, 
36.214419, 35.951244, 36.232452, 36.417205, 36.145085, 36.012562, 36.164934, 35.931488, 35.94876, 36.857305, 35.918277, 36.111943, 36.241861, 35.901277, 35.853188, 36.690587, 36.074141, 36.60234, 36.084211, 36.437088, 36.276739, 36.278298, 36.764056, 36.358645, 35.968675, 36.24973, 36.533868, 36.024668, 36.139385, 36.68125, 35.996582, 36.019575, 35.910408, 36.381305, 35.778763, 36.957786, 36.306323, 36.105571, 36.149394, 36.072372, 36.093665, 36.093665, 35.744531, 36.527631, 36.169806, 36.450115, 
36.935821, 36.542944, 36.10865, 36.039147, 36.063095, 36.156892, 36.146143, 36.099044, 36.184692, 36.102042, 36.146897, 36.181143, 36.148444, 36.126894, 36.180144, 36.169454, 36.235961, 36.142743, 36.151143, 36.139826, 36.236691, 36.160341, 36.146577, 36.126446, 36.239642, 36.057536, 36.051893, 36.04309, 36.114797, 36.101245, 36.059495, 36.025405, 36.139826, 36.096296, 36.102112, 36.139826, 36.139826, 36.139826, 36.139826, 36.139826, 36.139826, 36.139826, 36.302391, 36.139826, 36.139826, 36.077221, 
36.139826, 36.139826, 36.054345, 36.154342, 36.048045, 36.139826, 36.139826, 36.139826, 36.139826, 36.139826, 36.139826, 36.139826, 36.139826, 36.139826, 36.631673, 36.260756, 36.434328, 36.618326, 36.51509, 36.802232, 36.597953, 36.975692, 36.422876, 36.167467, 36.227439, 36.932957, 36.48721, 36.420495, 36.747928, 36.599689, 36.603587, 36.444215, 36.19, 36.523163, 36.46898, 36.148065, 36.292495, 36.880746, 36.83408, 36.915805, 36.415938, 36.981521, 36.294174, 36.292495, 36.947372, 36.197948, 36.296196, 
36.394258, 36.412084, 36.20822, 36.897777, 36.777702, 36.932944, 35.739681, 35.764223, 35.719962, 35.755522, 35.645974, 35.668132, 35.172538, 35.443872, 35.700818, 35.550269, 35.94785, 35.124644, 35.458946, 35.280145, 35.799294, 35.566657, 35.815497, 35.447961, 35.520519, 35.88, 35.269955, 35.966254, 35.152295, 36.053001, 35.616464, 35.852293, 35.628612, 35.59824, 35.742956, 36.10862, 35.867529, 35.355394, 35.712025, 36.053046, 35.963567, 35.519193, 35.51833, 35.384048, 35.272967, 35.76342, 35.923658, 
35.900074, 35.963567, 35.961019, 35.61546, 35.493581, 35.490036, 35.837827, 35.259201, 35.963567, 34.944399, 34.947259, 34.772557, 34.660204, 34.902286, 34.229335, 34.347553, 34.722059, 34.947259, 34.416915, 34.932628, 34.217672, 34.612564, 34.488403, 34.590491, 34.553763, 34.540822, 34.4187, 34.373618, 34.877067, 34.855223, 34.84294, 34.536633, 35.127495, 34.708098, 34.926507, 34.249448, 34.471798, 34.391572, 34.497876, 34.869457, 34.66625, 35.119128, 34.263342, 34.948771, 34.831398, 34.454702, 
34.491359, 34.858091, 34.729815, 34.626083, 34.646758, 34.665422, 34.689854, 34.886021, 36.707393, 36.695368, 36.796349, 36.704703, 36.52791, 36.800787, 36.939016, 36.694585, 36.810451, 36.577618, 36.585776, 36.807276, 36.69588, 36.554757, 36.821862, 36.904817, 36.500388, 36.473704, 36.830328, 36.665613, 34.009209, 33.921979, 33.83464, 33.888549, 34.454046, 33.997865, 34.402346, 33.98526, 34.026768, 34.142978, 34.137095, 33.920767, 33.869195, 33.84836, 34.138965, 34.052225, 33.917419, 34.032184, 
33.917165, 33.784733, 33.77061, 34.010943, 33.883578, 33.769093, 34.163069, 33.98471, 34.061674, 33.918732, 34.199682, 34.127277, 34.023191, 34.038263, 34.146827, 34.01528, 34.038794, 34.148691, 35.327341, 35.365621, 35.375188, 35.306375, 35.162228, 34.780243, 34.735301, 35.883914, 34.817511, 35.012407, 34.949547, 35.49596, 35.147566, 34.891218, 35.815581, 35.54247, 35.702159, 34.451503, 35.348331, 35.262169, 35.29689, 34.597595, 34.648631, 34.878209, 35.203729, 35.088636, 34.969783, 35.104311, 35.4122, 
35.123383, 35.235118, 35.129805, 35.507952, 34.395266, 35.351612, 35.44116, 35.514019, 35.490727, 34.618331, 35.062235, 34.948211, 35.249655, 35.601113, 34.630936, 34.793533, 35.231608, 35.876736, 35.012317, 35.369606, 35.694734, 35.232465, 35.166644, 34.955971, 35.347792, 35.241727, 35.184593, 35.690088, 35.138765, 34.951143, 35.392525, 34.866897, 34.712466, 34.956272, 35.26773, 34.898768, 35.077265, 35.127447, 35.595915, 35.41483, 34.991767, 35.431711, 34.669198, 35.172259, 35.052793, 35.413049, 
35.467031, 35.122751, 34.503213, 35.247209, 35.815628, 35.543155, 34.37769, 36.114272, 35.998632, 34.943609, 35.398035, 32.96129, 33.092846, 32.960374, 33.00542, 33.20743, 33.327927, 33.030556, 32.767268, 33.106582, 32.767268, 32.767268, 32.767268, 32.767268, 32.967341, 33.754053, 33.742641, 33.024778, 33.054671, 33.07707, 33.086868, 33.19359, 33.20743, 33.033214, 33.20743, 32.91747, 32.867103, 33.14, 33.143792, 33.130086, 32.767268, 32.872386, 32.876474, 32.920574, 32.881525, 32.915625, 32.854893, 
32.960375, 32.913695, 32.767268, 32.767268, 32.975723, 32.767268, 32.759922, 32.728982, 32.675604, 32.767268, 32.767268, 33.081421, 33.04867, 33.453628, 32.86372, 32.80268, 32.826729, 32.846645, 32.916865, 33.12635, 32.959222, 33.020118, 33.173008, 33.195073, 33.212203, 33.225107, 33.028921, 33.024721, 33.818635, 33.075138, 33.240766, 32.969523, 32.948974, 32.993405, 32.767268, 32.767268, 33.002395, 32.93382, 32.897459, 32.923924, 33.632806, 33.678665, 33.649938, 33.03505, 33.009681, 33.351238, 33.011975, 
32.77103, 32.267846, 32.075079, 32.532449, 32.588536, 32.241963, 32.767268, 32.03049, 32.078228, 32.629178, 32.599286, 32.658384, 32.696777, 32.599614, 32.331239, 32.334709, 33.079946, 32.767268, 32.310343, 32.533551, 32.745373, 32.68309, 32.941014, 32.620385, 33.075653, 32.634835, 32.767268, 32.661299, 32.644647, 32.574299, 32.348007, 32.120271, 32.590063, 32.314256, 32.183649, 32.767329, 32.818392, 32.062395, 32.425222, 32.142925, 32.526123, 32.226257, 32.290819, 32.455407, 32.466891, 32.628858, 
32.747747, 32.727366, 32.17548, 33.065217, 32.397024, 33.022051, 32.380958, 32.374937, 32.725386, 32.598845, 33.048275, 32.72203, 32.735812, 32.803646, 32.740332, 32.767268, 32.960512, 32.787629, 32.77988, 32.745831, 32.800333, 32.836094, 32.826128, 32.78643, 32.751464, 32.845978, 32.77103, 32.736931, 32.78238, 32.825628, 32.76103, 32.710082, 32.72238, 32.842726, 32.812462, 32.867977, 32.814728, 32.767268, 32.792879, 32.716065, 32.862876, 32.783978, 32.77003, 32.825227, 32.895376, 32.901176, 32.874317, 
32.664034, 32.704398, 32.925975, 32.828128, 32.685533, 32.666984, 32.873926, 32.767268, 32.938774, 32.669383, 32.767268, 32.912225, 32.922624, 32.922499, 32.791878, 32.817978, 32.968123, 32.639661, 32.767268, 32.919104, 32.998132, 32.679924, 32.946069, 32.669783, 32.767268, 32.767268, 32.767268, 32.767268, 32.767268, 32.767268, 32.767268, 32.767268, 32.767268, 32.78133, 32.767268, 32.767268, 32.767268, 32.767268, 32.767268, 32.767268, 32.998786, 32.767268, 32.767268, 32.767268, 32.767268, 32.767268, 
32.767268, 32.767268, 32.767268, 32.767268, 32.767268, 32.767268, 32.67, 32.767268, 32.767268, 32.76, 32.767268, 32.76, 32.78, 32.767268, 32.767268, 32.767268, 32.767268, 32.767268, 32.767268, 32.767268, 32.94, 32.767268, 32.767268, 32.767268, 32.767268, 32.767268, 32.767268, 32.767268, 32.767268, 32.767268, 32.767268, 32.767268, 32.767268, 32.767268, 32.767268, 32.767268, 32.767268, 32.767268, 32.767268, 32.767268, 32.767268, 32.767268, 32.767268, 32.767268, 32.767268, 32.767268, 32.767268, 32.767268, 
32.767268, 32.767268, 32.767268, 33.15023, 33.082411, 33.218505, 33.056265, 33.14572, 33.349316, 33.356094, 32.793512, 33.86751, 33.815996, 33.43515, 33.615634, 33.460447, 33.675155, 33.462828, 33.583772, 33.052712, 33.642542, 33.146779, 33.291418, 33.321604, 33.65973, 33.626445, 33.25868, 33.237722, 33.027493, 33.377005, 33.13307, 33.423626, 33.507909, 33.670159, 33.253911, 33.595318, 33.573304, 32.882305, 33.432974, 33.171899, 33.469719, 32.730279, 33.589851, 33.774197, 33.31215, 33.427504, 33.404332, 
32.971224, 33.385224, 32.952736, 33.277317, 33.166739, 33.19045, 33.151104, 33.242656, 33.518979, 33.660274, 33.663213, 33.638587, 33.536414, 33.434737, 33.60355, 33.041578, 32.906194, 33.801663, 32.896295, 33.485315, 33.695647, 33.543006, 33.17329, 33.613097, 33.04314, 33.323467, 33.143752, 33.168606, 33.362227, 33.734091, 33.346151, 33.76225, 33.521578, 33.435618, 33.494285, 33.566266, 33.165327, 32.922912, 33.426635, 33.350543, 32.906074, 33.602194, 33.414708, 33.424125, 33.476844, 33.476552, 
33.46238, 33.393447, 33.530829, 33.118611, 33.563837, 32.930895, 33.142532, 33.236743, 33.515778, 33.189862, 33.480224, 32.941359, 33.005009, 32.880182, 32.950857, 33.157897, 33.328596, 33.206258, 33.441774, 33.465282, 33.183401, 33.210952, 33.353249, 33.328878, 33.476552, 32.505248, 32.474499, 32.396207, 32.523779, 32.557684, 32.369393, 32.51121, 32.570051, 32.51121, 32.854406, 32.237924, 32.145212, 33.035716, 32.102729, 33.02583, 32.285877, 32.723482, 32.382771, 32.386275, 32.019931, 32.727128, 
32.690553, 32.531814, 32.507527, 32.6941, 32.194938, 32.204724, 32.104159, 32.998759, 32.768011, 32.195927, 32.507491, 32.51121, 32.66797, 32.387151, 32.386976, 32.301898, 31.981458, 32.920957, 32.03719, 32.547424, 32.522659, 32.513986, 32.00923, 31.934633, 32.25416, 32.809766, 32.26958, 32.183774, 32.97708, 32.151755, 32.55397, 32.1826, 32.312616, 32.472069, 32.533965, 32.653731, 32.325214, 32.360498, 32.264365, 32.388631, 32.364281, 32.456565, 32.292394, 32.40331, 32.31265, 32.347549, 32.539879, 
32.411237, 32.411237, 32.254414, 32.184027, 32.223828, 32.412451, 32.649482, 32.306045, 32.136787, 32.251068, 32.034127, 31.817889, 32.207845, 32.072339, 31.893439, 32.617073, 31.953855, 32.132651, 32.522902, 31.800846, 32.674657, 32.33383, 31.794191, 31.782048, 32.075703, 32.810076, 31.883205, 31.79364, 31.825527, 32.137225, 32.533765, 32.226082, 32.476905, 32.58, 32.411237, 32.411237, 31.779481, 31.926836, 31.760418, 33.169075, 31.64775, 31.453732, 31.794191, 31.27575, 31.105786, 31.315837, 31.476671, 
31.627557, 31.763713, 31.505916, 31.090648, 31.346581, 31.355453, 31.83272, 31.398448, 31.134863, 31.104197, 30.984335, 31.930882, 31.579572, 31.21349, 31.369811, 31.889748, 31.625567, 31.829314, 30.94481, 31.105786, 31.806615, 31.794191, 31.794191, 31.794191, 31.794191, 31.330567, 31.362315, 31.276647, 31.339891, 31.287257, 31.626263, 31.243006, 30.680344, 31.242362, 31.340382, 31.109064, 31.067439, 30.580648, 30.907239, 31.769105, 30.942336, 31.467506, 30.916106, 30.998982, 31.195633, 30.819095, 
31.654777, 31.368872, 31.834379, 31.373062, 31.332569, 31.226939, 30.941282, 31.95015, 30.670556, 31.902986, 31.534162, 31.511711, 30.903688, 31.626011, 31.699494, 31.604573, 31.61099, 31.649582, 30.831678, 31.234368, 31.436494, 31.514959, 31.735326, 31.943273, 31.903614, 31.506076, 31.038417, 31.502292, 30.768601, 31.154673, 30.792674, 32.634203, 32.632349, 32.741685, 32.771419, 32.771419, 32.778047, 32.771419, 32.690922, 32.408183, 32.723382, 32.753672, 32.752048, 32.721632, 32.694666, 32.691393, 
32.686863, 32.659277, 32.65392, 32.771419, 32.905693, 32.851678, 32.831228, 33.068301, 33.104374, 32.535841, 32.343115, 32.350907, 32.885062, 32.546387, 32.573816, 32.858727, 32.826172, 32.244026, 32.228184, 32.442679, 32.424695, 32.440376, 32.27442, 32.93195, 32.972998, 32.821378, 32.858398, 32.157903, 32.461964, 32.39286, 32.645257, 32.502674, 32.57701, 32.307456, 32.484094, 32.715412, 32.810275, 32.759769, 32.259829, 33.003717, 33.122273, 32.28122, 33.072675, 32.964932, 32.434322, 32.847183, 32.77516, 
32.703008, 32.842085, 32.946678, 32.220267, 32.771419, 32.771419, 32.771419, 32.524393, 32.895716, 32.771419, 32.771419, 32.75388, 32.745681, 32.730265, 32.724831, 32.798429, 32.738481, 32.762563, 32.699565, 32.706331, 32.778479, 32.744032, 32.771419, 32.781329, 32.680333, 32.72228, 32.805379, 32.80533, 32.691033, 32.762631, 32.771419, 32.771419, 32.623807, 32.771419, 32.649476, 32.772063, 32.771419, 32.771419, 32.873017, 32.670345, 32.655401, 32.649855, 32.823629, 32.771419, 32.86814, 32.630268, 
32.771419, 32.869384, 32.771419, 32.667134, 32.830932, 32.771419, 32.771419, 32.771419, 32.771419, 32.72, 32.949819, 32.771419, 32.876475, 32.855666, 32.771419, 32.771419, 32.771419, 32.771419, 32.771419, 32.771419, 32.771419, 32.771419, 32.771419, 32.771419, 32.771419, 33.226598, 33.225523, 33.246457, 33.20743, 33.16156, 33.169379, 33.236827, 33.198442, 33.23552, 33.143186, 33.360331, 33.105309, 33.274761, 33.586753, 33.54007, 33.542765, 33.263039, 33.491311, 33.530807, 33.627942, 33.610384, 32.771419, 
33.842878, 33.41798, 33.08704, 32.92704, 33.270036, 33.62109, 33.660084, 33.661889, 33.624401, 33.824724, 33.385645, 33.187644, 33.817816, 33.000177, 33.487842, 33.748414, 33.701692, 33.358871, 33.378039, 33.621928, 33.446897, 33.469076, 33.482548, 33.705904, 33.20743, 33.916497, 33.85379, 33.897073, 33.931024, 33.996515, 33.942496, 33.877746, 33.859798, 33.892447, 33.841948, 33.970725, 32.38253, 33.574426, 33.811665, 34.085289, 33.897998, 34.06722, 33.963228, 33.481208, 34.081642, 33.761291, 33.760814, 
33.958681, 34.023386, 33.445341, 33.463284, 33.224562, 34.147838, 33.364868, 34.011464, 33.646685, 33.594956, 34.142094, 34.146356, 33.336436, 33.554607, 32.242816, 32.215275, 33.036724, 32.761058, 33.197313, 33.165414, 32.74154, 32.742591, 33.293652, 31.82741, 32.318616, 32.236449, 31.917085, 32.39492, 32.632495, 31.906683, 32.103546, 32.122804, 32.298841, 32.07881, 32.398681, 32.908714, 33.081863, 31.758351, 32.572618, 32.214932, 31.833414, 31.944207, 33.200265, 33.277727, 33.332336, 32.221433, 
32.517753, 32.493233, 32.57665, 32.215275, 32.428128, 32.341365, 31.989197, 32.37338, 32.497298, 32.105459, 32.617128, 31.963873, 32.628147, 32.387648, 32.970869, 33.155666, 32.722689, 32.779315, 33.024726, 33.009411, 32.95802, 33.029698, 31.093215, 31.086483, 31.053986, 31.09954, 31.036287, 31.036287, 30.798697, 31.073329, 30.851275, 31.002164, 30.851922, 31.131076, 30.785114, 31.279614, 31.485242, 31.295568, 30.833293, 31.43211, 30.715207, 31.696154, 31.049621, 30.883556, 30.808903, 31.629515, 
31.071352, 31.085833, 31.117874, 31.027003, 31.113828, 31.148447, 31.036287, 31.036287, 31.036287, 31.068459, 31.084108, 31.06639, 31.351234, 30.985136, 30.784169, 30.702352, 31.29697, 31.351386, 31.081777, 31.430323, 31.036287, 31.650023, 31.506687, 30.646291, 30.932552, 31.071723, 30.955509, 30.805512, 30.574821, 30.946345, 30.611416, 30.55063, 31.212196, 31.390196, 31.390196, 31.390196, 31.470598, 32.127507, 31.930849, 31.884263, 31.824495, 32.221421, 31.661554, 32.098474, 32.122106, 32.045029, 
31.160528, 31.337382, 31.978157, 31.287625, 31.669085, 31.798454, 31.734571, 32.177765, 31.771383, 31.555885, 31.881324, 31.686152, 32.044273, 31.510726, 31.453789, 31.897381, 32.015496, 31.84121, 32.001365, 31.987167, 32.175783, 32.109599, 31.304634, 31.553646, 31.393062, 31.185062, 31.416926, 31.928342, 31.310649, 31.549368, 31.922473, 32.046241, 31.669823, 32.111683, 32.011671, 31.74658, 31.416468, 31.861594, 31.254242, 31.652858, 31.949312, 31.190291, 31.90869, 31.475763, 31.503892, 31.717293, 
31.35797, 31.752538, 31.376261, 31.662435, 32.078488, 31.783019, 31.975949, 31.787449, 31.551955, 31.547516, 31.553646, 31.571266, 31.609834, 31.514267, 31.552266, 31.584132, 31.535916, 31.520296, 31.514067, 31.553646, 31.553646, 31.553646, 31.553646, 31.553646, 31.547466, 31.541116, 31.73003, 31.747887, 31.763882, 31.77419, 30.720372, 31.754011, 31.714347, 31.086845, 31.121411, 31.542459, 32.023828, 30.776619, 30.98609, 31.847973, 31.217152, 31.201871, 30.834326, 30.92753, 31.460782, 31.547652, 
30.847791, 30.478782, 31.404745, 31.238292, 30.646698, 31.333614, 30.75159, 31.917862, 31.230813, 30.873091, 31.58901, 31.445119, 31.561427, 31.849628, 31.472654, 31.217152, 30.909853, 31.651485, 31.292292, 31.314477, 31.51161, 30.480128, 31.611317, 31.190826, 31.722813, 31.477095, 31.801928, 29.956952, 31.753561, 30.904481, 31.349348, 30.973049, 31.589203, 31.685153, 31.474132, 31.39577, 31.468911, 31.344515, 31.515684, 31.372754, 31.39577, 31.39577, 31.148007, 31.304669, 31.887436, 31.603027, 31.088429, 
30.860483, 31.377623, 31.250101, 31.45195, 31.330315, 30.620199, 31.890079, 32.047723, 30.453299, 31.818347, 31.716571, 31.305402, 31.359844, 31.663529, 29.711257, 29.813142, 29.755578, 29.749278, 29.728779, 29.717529, 29.741878, 29.772627, 29.798777, 29.79326, 29.754728, 29.742378, 29.719778, 29.78146, 29.979063, 29.778526, 29.857007, 29.687829, 29.825476, 29.752528, 29.775927, 29.695879, 29.825176, 29.725961, 29.773994, 29.69023, 29.79437, 29.739029, 29.827315, 29.760794, 29.704584, 29.654132, 
29.944922, 29.66913, 29.63643, 29.654108, 29.70053, 29.885451, 29.917814, 29.909123, 29.878345, 29.85873, 29.741565, 29.802473, 29.88277, 29.629111, 29.733181, 29.616182, 29.633081, 29.832668, 29.896156, 29.66543, 29.676829, 29.596666, 29.683865, 29.798877, 29.747328, 29.745129, 29.55283, 29.601776, 29.933367, 29.66028, 29.57493, 29.734379, 29.923638, 29.927675, 29.959439, 29.952354, 30.007886, 29.984672, 29.978801, 29.647637, 29.700898, 30.008745, 29.689781, 29.620881, 29.858525, 29.750897, 29.849424, 
29.773018, 29.816866, 29.70828, 29.722704, 29.691714, 29.839155, 29.621746, 29.920981, 29.686579, 29.879213, 29.589831, 30.012711, 29.852975, 29.833326, 29.862024, 29.770722, 29.896656, 29.674336, 29.83399, 29.735529, 29.668489, 29.83399, 29.83399, 29.83399, 29.83399, 29.83399, 29.83399, 29.83399, 29.83399, 29.612816, 29.83399, 29.83399, 29.83399, 29.83399, 29.83399, 29.83399, 29.83399, 29.83399, 29.83399, 29.83399, 29.83399, 29.83399, 29.83399, 29.83399, 29.83399, 29.83399, 29.83399, 29.83399, 29.83399, 
29.83399, 29.83399, 29.83399, 29.83399, 29.83399, 29.83399, 29.83399, 29.83399, 29.83399, 29.83399, 29.83399, 29.83399, 29.83399, 29.64, 29.64, 29.83399, 29.83399, 29.7, 29.83399, 29.83399, 29.83399, 29.83399, 29.83399, 29.83399, 29.83399, 29.83399, 29.83399, 29.67, 29.83399, 29.83399, 29.83399, 29.83399, 29.83399, 29.83399, 29.83399, 29.83399, 29.83399, 29.83399, 29.83399, 29.83399, 29.83399, 29.83399, 29.75, 29.83399, 29.76, 29.83399, 29.83399, 29.83399, 29.83399, 29.83399, 29.75, 29.67, 29.83399, 
29.83399, 29.83399, 29.83399, 29.83399, 29.744341, 29.83399, 29.86, 29.76, 29.83399, 29.83399, 29.83399, 30.313308, 30.238563, 30.368543, 30.33146, 30.290638, 30.289893, 29.83399, 30.329017, 30.434486, 30.805099, 29.83399, 30.519883, 30.35469, 30.188885, 30.619313, 30.817866, 30.353346, 30.758511, 30.595651, 30.045495, 29.83399, 30.005691, 30.053368, 30.680641, 30.714476, 30.78128, 30.78128, 30.78128, 30.062436, 30.001902, 29.83399, 30.78128, 30.78128, 30.856814, 30.712538, 30.180626, 30.194267, 
30.158706, 30.412229, 30.170751, 30.545212, 30.735628, 30.818886, 30.152265, 30.281863, 30.756728, 30.102209, 30.848603, 30.453845, 30.480319, 30.488028, 30.220237, 30.056394, 30.378705, 30.073775, 30.437704, 29.83399, 30.439428, 30.024749, 30.143485, 30.17873, 30.214741, 29.83399, 30.233865, 30.18771, 30.128862, 30.378446, 30.055195, 30.10824, 29.83399, 30.329016, 29.951621, 30.817866, 29.70403, 29.83399, 28.798156, 29.50401, 29.68, 29.83399, 29.83399, 29.575183, 29.83399, 28.945269, 28.936476, 
29.483573, 29.983095, 28.872088, 29.249812, 29.011241, 29.80038, 30.132693, 28.718954, 29.982746, 29.290602, 29.173701, 29.064542, 29.884175, 29.575458, 29.520049, 29.375762, 29.197701, 29.487774, 28.887522, 29.685917, 29.424483, 29.346878, 29.29995, 30.096649, 30.082131, 30.065152, 29.401714, 29.825908, 29.758799, 29.447947, 29.849283, 29.170387, 29.553544, 29.095463, 28.964146, 28.67494, 28.939249, 29.564347, 29.60466, 29.401461, 29.298532, 29.135066, 29.602015, 28.735638, 29.818871, 29.238931, 
29.177817, 29.584172, 29.520292, 29.549455, 29.799608, 29.776375, 29.488245, 29.686804, 29.626187, 29.627737, 29.573345, 29.055954, 29.478032, 29.035651, 28.83088, 30.068888, 29.632221, 29.152396, 29.525461, 29.307347, 29.601141, 29.83399, 29.83399, 29.810279, 29.760833, 29.525461, 29.525461, 29.63, 29.83399, 29.680079, 29.695028, 29.64878, 29.650492, 29.705678, 29.624686, 29.569927, 29.371171, 29.41148, 29.362879, 29.689054, 29.16866, 29.183991, 29.382307, 29.504389, 30.249734, 29.74877, 29.784579, 
29.83399, 29.76, 29.786656, 29.038068, 29.920121, 30.112587, 29.226396, 30.044219, 29.687657, 29.469835, 29.981421, 29.468772, 28.975247, 29.183991, 29.526728, 29.516873, 29.737178, 29.330501, 29.298448, 29.279937, 29.22051, 29.328547, 29.221289, 29.330501, 29.860106, 30.154264, 29.81953, 29.339307, 30.159698, 29.541285, 29.036879, 29.545836, 29.366684, 29.666781, 29.83399, 29.502759, 29.511582, 30.066734, 29.289673, 29.487395, 29.856137, 29.56218, 30.023932, 29.429256, 29.543654, 30.304796, 29.576638, 
29.66223, 29.512687, 29.395283, 29.389583, 29.330501, 29.506921, 29.843158, 29.539581, 30.026093, 30.433087, 30.043401, 30.293684, 30.316847, 30.564151, 29.507243, 29.947563, 29.870794, 29.571106, 30.664543, 30.372553, 30.203996, 29.974013, 30.031927, 30.089757, 30.054793, 30.182584, 30.158637, 30.063101, 29.879796, 29.847569, 29.921564, 29.962144, 29.43186, 29.980863, 29.732092, 30.390569, 30.240473, 30.150405, 30.635615, 29.780948, 30.142953, 30.520625, 30.600866, 29.820542, 30.054793, 30.074112, 
30.085112, 30.112312, 30.12355, 30.009609, 30.092679, 30.065029, 30.141361, 30.176361, 29.847569, 30.090135, 29.847569, 29.847569, 30.111843, 30.095391, 30.637348, 30.655348, 30.678097, 30.65212, 30.65212, 30.68416, 30.762815, 30.536223, 30.74577, 30.183651, 30.231333, 30.181677, 30.517099, 30.993313, 30.513118, 30.341403, 30.614647, 30.57258, 30.65212, 30.65212, 30.65212, 30.571905, 31.313816, 30.513118, 30.3555, 31.134863, 31.049092, 30.796177, 30.876658, 30.752599, 30.65212, 30.359245, 30.956147, 
31.222211, 30.466986, 30.748833, 30.374501, 30.65212, 31.050207, 31.058563, 30.892212, 30.56335, 30.049881, 30.607534, 30.647831, 30.490162, 30.368922, 30.281022, 30.65212, 30.896204, 29.472186, 28.806417, 28.925513, 28.794935, 28.873664, 28.737085, 28.390776, 28.642875, 29.09649, 28.966755, 28.694847, 28.861398, 29.02864, 28.685027, 29.369619, 29.444297, 29.098894, 28.888476, 28.77203, 28.865213, 28.853152, 28.525453, 28.532052, 28.897693, 29.57449, 28.954273, 28.691718, 28.672399, 28.604717, 28.430193, 
28.405373, 29.442934, 29.347975, 29.487564, 29.347975, 28.846861, 28.997449, 28.459757, 28.82037, 28.835825, 29.195217, 29.254632, 29.495537, 28.265415, 29.288108, 29.718152, 29.903508, 28.976757, 29.851666, 28.453052, 28.759107, 29.356455, 29.944906, 28.795637, 28.790841, 29.972473, 28.43544, 29.743603, 29.158899, 28.728991, 28.062471, 28.52856, 28.260148, 29.61403, 30.055926, 30.102854, 28.85458, 30.002501, 30.042529, 30.033226, 29.312661, 27.514845, 27.542244, 27.565464, 27.538658, 27.363738, 
27.648832, 27.435814, 27.564249, 27.732094, 29.072689, 29.227628, 28.906103, 29.325602, 29.833279, 29.54825, 29.047934, 30.070414, 29.19085, 28.421814, 28.888468, 28.919999, 29.641551, 28.958803, 29.057172, 29.466279, 27.198571, 29.200169, 29.898176, 28.492487, 28.314027, 29.227135, 29.950969, 28.633209, 26.9052, 29.542778, 27.492996, 29.326804, 28.426202, 28.393116, 28.53232, 29.574127, 29.50198, 28.944864, 29.221682, 28.972553, 29.150937, 29.54508, 29.112202, 28.956196, 28.894382, 28.779344, 29.351202, 
29.425729, 29.598103, 29.570379, 28.535247, 29.55302, 29.699844, 29.79918, 29.749204, 29.883884, 29.687579, 29.738502, 29.619401, 29.292655, 28.919157, 28.52604, 29.248705, 28.954252, 28.650728, 28.615464, 29.072412, 29.550223, 29.437532, 28.878902, 29.432262, 29.577359, 29.56478, 29.611797, 29.269305, 29.237074, 29.273819, 28.424535, 29.758619, 28.988817, 29.466781, 29.428132, 29.414983, 29.403583, 29.425932, 29.437532, 29.423932, 29.439832, 29.48618, 29.397934, 29.362185, 29.460381, 29.510562, 
29.363335, 29.438032, 29.528515, 29.543865, 29.49428, 29.448379, 29.411583, 29.326586, 29.379902, 29.352352, 29.333436, 29.387734, 29.392167, 29.405424, 29.457281, 29.499454, 29.539562, 29.574677, 29.584698, 29.552128, 29.457389, 29.33906, 29.389767, 29.422583, 29.479874, 29.51613, 29.518413, 29.437532, 29.353735, 29.437532, 29.475598, 29.412338, 29.437532, 29.581304, 29.589826, 29.569934, 29.510204, 29.466061, 29.335577, 29.461353, 29.523294, 29.665822, 29.623533, 29.646618, 29.649797, 29.627332, 
29.707273, 29.698045, 29.449332, 29.358153, 29.193828, 29.437532, 29.641132, 29.437532, 29.437532, 29.437532, 29.437532, 29.437532, 29.437532, 29.437532, 29.437532, 29.442632, 29.437532, 29.437532, 29.437532, 29.437532, 29.437532, 29.437532, 29.437532, 29.437532, 29.437532, 29.437532, 29.437532, 29.437532, 29.437532, 29.437532, 26.200001, 27.782267, 27.750684, 27.737965, 27.659473, 27.912454, 27.915764, 27.738511, 26.870238, 27.807025, 28.103283, 27.592468, 27.659473, 27.60549, 27.43254, 27.593816, 
27.316167, 28.421814, 27.672549, 27.973465, 26.894094, 27.217893, 27.939823, 28.065865, 27.920604, 27.071318, 27.17199, 27.866143, 27.496472, 27.342872, 28.101323, 27.44333, 27.955312, 27.467237, 27.963592, 27.818477, 27.884565, 27.368433, 27.363706, 28.327234, 27.299073, 27.782255, 28.013108, 28.047744, 28.066598, 27.683506, 27.17914, 28.054995, 28.237359, 27.977641, 28.169309, 28.206223, 27.795805, 27.829732, 27.777, 27.770056, 27.777922, 27.776304, 27.802404, 27.796171, 27.806753, 27.846568, 27.733058, 
27.709309, 27.687792, 27.672334, 27.727083, 27.752356, 27.729855, 27.633433, 27.723611, 27.777, 27.777, 27.889868, 27.777, 27.777, 27.777, 27.777, 27.777, 27.777, 27.777, 27.777, 27.777, 27.740225, 27.777, 27.777, 27.777, 27.777, 27.777, 27.777, 27.777, 26.213105, 26.25671, 26.172018, 26.26273, 26.409709, 26.232613, 26.175021, 25.928274, 25.918758, 26.188911, 25.981006, 25.969007, 26.245051, 26.421394, 26.165352, 26.344688, 26.344128, 26.319405, 26.319427, 26.35, 26.298611, 26.561861, 26.321652, 
26.270824, 26.44489, 26.206602, 26.244651, 26.195591, 26.125242, 26.250709, 26.105725, 26.305113, 26.149453, 26.244317, 26.561287, 26.301385, 26.633158, 26.945418, 26.247488, 26.099562, 26.041669, 26.190402, 26.39381, 26.169728, 30.916863, 26.234417, 26.409709, 26.244013, 26.023905, 26.24901, 26.201284, 26.080434, 26.087777, 26.500175, 26.445982, 26.259032, 26.493058, 26.510436, 26.111261, 26.316452, 26.720155, 26.190444, 26.455519, 26.749896, 26.078355, 26.27109, 26.344765, 26.272363, 26.162609, 
26.117636, 26.558995, 26.409709, 30.120443, 29.447211, 29.447211, 30.760216, 30.096855, 30.833543, 30.9306, 30.744225, 30.07703, 30.767327, 30.130116, 30.501272, 29.406434, 30.460373, 29.928764, 30.166225, 30.486818, 30.103644, 30.24108, 30.338279, 29.760052, 29.960139, 30.279267, 30.643058, 30.673597, 30.674349, 29.510439, 30.656817, 30.334152, 29.698718, 30.7, 30.540874, 30.217838, 30.286655, 29.655639, 30.663209, 29.996916, 30.547001, 30.702882, 30.721302, 29.872165, 30.453776, 30.656817, 29.694257, 
30.283941, 30.326374, 30.12848, 30.351225, 30.566681, 29.838163, 29.887939, 30.538867, 29.592212, 30.210685, 30.450122, 29.72057, 29.950887, 30.44858, 30.514401, 30.219829, 29.876944, 30.054378, 30.427733, 29.777564, 30.230188, 30.864936, 30.741495, 30.674667, 30.460464, 30.022492, 29.447211, 30.656817, 30.518975, 30.656817, 30.656817, 30.326374, 30.27127, 30.265158, 30.290907, 30.246309, 30.292424, 30.326374, 30.326374, 30.351953, 30.326374, 30.285207, 30.468583, 30.335787, 30.450088, 30.316223, 
30.494623, 30.326374, 30.163458, 30.326374, 30.272926, 30.289307, 30.306507, 30.294148, 30.231583, 30.439053, 30.425652, 30.451803, 30.451348, 30.359935, 30.344305, 30.382724, 30.329704, 30.378675, 30.250761, 30.245558, 30.19025, 30.340111, 30.17207, 30.231252, 30.23358, 30.188377, 30.207559, 30.287739, 30.132855, 30.17202, 30.216108, 30.438933, 30.310707, 30.332506, 30.374654, 30.354234, 30.326374, 30.320206, 30.349455, 30.384204, 30.406169, 30.326374, 30.326374, 30.326374, 30.335398, 30.445502, 
30.326374, 30.442202, 30.222007, 30.326374, 30.326374, 30.326374, 30.326374, 30.326374, 30.326374, 30.326374, 30.326374, 30.326374, 30.326374, 30.326374, 30.326374, 30.326374, 30.326374, 30.326374, 30.326374, 30.326374, 30.37, 30.27, 29.252882, 29.223697, 28.442081, 29.782887, 28.883474, 28.555795, 29.313559, 29.664428, 28.524292, 30.178439, 28.34884, 29.933388, 29.541648, 28.68906, 29.404267, 29.346518, 29.411955, 29.356379, 29.763171, 29.334701, 30.075997, 28.716242, 28.679006, 28.513787, 29.379516, 
29.297821, 29.763171, 28.950547, 29.756509, 28.917675, 29.628266, 30.065334, 29.361493, 29.671077, 29.634216, 29.785042, 29.143045, 29.849283, 30.141287, 29.773128, 29.712052, 29.698797, 29.838528, 29.941521, 29.719856, 30.182175, 29.699797, 29.975083, 29.909764, 30.186858, 30.414806, 30.2984, 29.847433, 29.909257, 29.60466, 29.896219, 29.846862, 30.057137, 29.680723, 30.010487, 29.697311, 30.070257, 29.665518, 29.698373, 29.930184, 30.31536, 35.2195, 35.201105, 35.629034, 36.427031, 35.665899, 35.631621, 
34.51748, 35.459732, 35.662917, 35.191525, 36.044769, 35.866528, 34.971029, 34.96539, 35.718644, 35.062127, 33.980231, 36.090281, 36.441178, 34.92765, 34.539266, 35.893121, 34.235871, 34.281443, 36.317403, 36.397469, 34.631714, 35.625603, 35.235628, 36.27128, 34.043076, 34.759887, 34.423414, 35.890235, 34.854898, 36.113986, 36.531076, 34.356732, 34.39174, 35.444006, 36.232046, 35.263424, 35.837775, 35.724847, 35.534558, 36.004239, 34.543766, 34.18788, 35.533093, 35.533384, 35.335288, 36.336972, 34.191002, 
34.068903, 34.840485, 35.71177, 35.227015, 35.655035, 36.185112, 34.209814, 35.844445, 36.28116, 34.743735, 36.057372, 36.316305, 34.541042, 34.938094, 35.209649, 36.280101, 34.965329, 34.858194, 35.459147, 35.432364, 35.151101, 35.206402, 35.197852, 35.184253, 35.199652, 35.401475, 35.204652, 35.228302, 35.296948, 35.171903, 35.157403, 35.226552, 35.050003, 35.245398, 35.308889, 35.100501, 35.097488, 35.196352, 35.173704, 35.401475, 35.244819, 35.216029, 35.401475, 35.401475, 35.401475, 35.401475, 
35.401475, 35.401475, 35.401475, 35.401475, 35.401475, 35.401475, 35.401475, 35.401475, 35.401475, 35.401475, 35.401475, 35.401475, 35.401475, 35.401475, 35.401475, 35.401475, 35.401475, 34.38587, 33.749303, 34.071514, 34.529678, 34.216509, 34.074854, 34.261752, 34.971719, 33.929907, 33.654512, 34.698438, 33.943005, 33.773871, 34.545031, 34.241416, 33.941748, 33.652122, 34.874151, 34.529678, 34.637427, 34.896396, 34.192619, 33.787306, 34.070936, 34.715551, 34.345924, 34.006473, 33.870404, 34.975549, 
34.297126, 34.362997, 33.915528, 34.444761, 34.071514, 34.391847, 34.408268, 34.230527, 33.857895, 34.017448, 33.823216, 33.616833, 33.153528, 33.861914, 34.061309, 33.653787, 32.976623, 33.895013, 34.389202, 34.04877, 33.701827, 33.04993, 32.714521, 33.609208, 33.593213, 33.894823, 32.893447, 33.605628, 33.855245, 33.344598, 33.688713, 34.206848, 33.751374, 32.951473, 33.783555, 33.16997, 33.245276, 33.667836, 33.425342, 32.922387, 32.718232, 33.701024, 33.437291, 33.531908, 33.588639, 33.044702, 
33.91843, 33.478848, 34.068183, 33.45798, 33.199867, 33.203713, 32.931786, 33.037656, 33.600017, 33.733418, 33.327782, 33.483465, 33.330983, 33.578935, 33.592235, 33.614934, 33.549785, 33.570035, 33.583798, 33.567134, 33.565926, 33.610018, 33.570135, 33.570435, 33.549135, 33.547735, 33.550335, 33.62386, 33.591877, 33.496603, 33.513337, 33.610018, 33.610018, 33.610018, 33.610018, 33.489623, 33.610018, 33.610018, 33.610018, 33.610018, 32.754555, 33.151713, 32.882154, 32.333638, 33.565259, 32.106949, 
32.280068, 32.337156, 32.38737, 32.368824, 32.747707, 32.883354, 33.361766, 32.043108, 32.88019, 33.147497, 32.616906, 32.627475, 32.584546, 33.238378, 33.423156, 32.128112, 32.409433, 32.80699, 32.766833, 32.249241, 32.473679, 32.269772, 32.011087, 33.379469, 33.151135, 32.151983, 32.739964, 33.308203, 32.422985, 32.87144, 33.196822, 33.067644, 32.760229, 32.747707, 32.944761, 32.943145, 32.465621, 32.684029, 32.504094, 32.230821, 32.442465, 32.358785, 32.109191, 31.965685, 33.158381, 32.500532, 
32.40769, 32.466724, 32.428796, 32.432975, 32.360362, 32.417269, 32.302132, 30.711061, 32.302132, 32.475074, 32.466474, 31.995623, 31.963698, 31.984823, 31.869259, 32.029022, 31.880341, 32.021056, 31.869259, 31.869259, 31.869259, 31.869259, 32.520297, 32.345871, 30.966245, 31.461562, 32.21649, 32.27328, 31.17942, 31.389079, 32.110298, 30.626134, 30.877528, 32.723865, 31.807661, 31.019602, 31.983989, 31.34197, 31.253704, 30.899378, 31.847071, 32.388962, 32.255909, 31.156902, 31.72285, 31.608083, 31.568459, 
31.566763, 32.020274, 31.840191, 31.765163, 31.854455, 31.890374, 31.817344, 31.86577, 31.910706, 31.749504, 31.869142, 31.746572, 31.383297, 31.388404, 31.730204, 31.535153, 31.2244, 31.459448, 31.026706, 30.703917, 32.09023, 32.369835, 31.306912, 31.383297, 31.569032, 31.753101, 31.977553, 30.011559, 30.349136, 30.363139, 29.321321, 31.932926, 31.570185, 31.937024, 31.490587, 31.270689, 32.624796, 30.12169, 30.217129, 29.597409, 29.444333, 31.820395, 30.144953, 31.577344, 29.943719, 31.182009, 
29.441286, 31.447738, 30.647349, 31.099326, 31.509199, 30.354251, 31.759558, 31.775458, 31.786221, 31.852156, 31.768758, 31.809263, 31.70831, 31.912449, 31.694842, 31.694842, 31.848055, 31.93728, 31.694842, 31.743038, 31.744353, 31.694842, 31.831782, 31.821439, 31.789109, 31.694842, 31.901737, 31.782408, 31.694842, 31.684338, 31.674736, 31.694842, 31.803457, 31.694842, 31.865696, 31.943633, 31.784541, 31.766355, 31.694842, 31.852355, 31.694842, 31.694842, 31.694842, 31.694842, 31.694842, 31.694842, 
31.694842, 31.694842, 31.694842, 31.694842, 31.694842, 31.694842, 31.694842, 31.694842, 31.694842, 31.694842, 31.694842, 31.694842, 31.694842, 31.694842, 31.770458, 31.694842, 31.694842, 31.694842, 31.694842, 31.694842, 31.799275, 31.694842, 31.694842, 31.694842, 31.694842, 31.694842, 31.694842, 31.694842, 31.694842, 31.694842, 31.694842, 31.694842, 31.694842, 31.694842, 31.694842, 31.694842, 31.694842, 31.694842, 31.694842, 31.694842, 39.669637, 39.522014, 39.795006, 39.825357, 39.81431, 39.843304, 
39.522014, 39.833442, 39.739387, 39.739737, 39.698387, 39.659105, 39.665637, 39.623896, 39.595115, 39.695269, 39.689244, 39.784036, 39.93404, 39.881608, 39.836586, 39.96, 39.844685, 39.92926, 40.002156, 39.963322, 40.087835, 39.830936, 39.866785, 39.774341, 39.522014, 39.80797, 39.80797, 39.80797, 40.087835, 39.80797, 39.738752, 39.80797, 39.738752, 39.746736, 39.738752, 39.738752, 39.862286, 39.378712, 39.760573, 39.746563, 39.385141, 39.631741, 39.148692, 39.397242, 39.453833, 39.380857, 39.646847, 
39.610431, 39.579454, 39.64, 39.636562, 39.355957, 39.382543, 39.206652, 39.599687, 39.607386, 39.582604, 39.616114, 39.543478, 39.479365, 39.544549, 39.599755, 39.576838, 39.539556, 39.541571, 39.347863, 39.098692, 39.113371, 39.508608, 39.340969, 39.776934, 39.749664, 39.523171, 39.51474, 39.738752, 39.738752, 39.738752, 39.738752, 39.738752, 39.738752, 39.522014, 39.347863, 39.738752, 39.738752, 39.726303, 39.751586, 39.731286, 39.734686, 39.758986, 39.731237, 39.759386, 39.738752, 39.706535, 
39.679437, 39.767536, 39.770336, 39.745526, 39.744437, 39.784622, 39.738752, 39.731237, 39.698137, 39.734387, 39.816536, 39.669237, 39.699156, 39.688437, 39.69709, 39.71222, 39.668576, 39.688278, 39.859585, 39.721763, 39.681687, 39.690387, 39.903043, 39.9091, 39.648328, 39.652454, 39.643637, 39.738752, 39.788236, 39.929566, 39.738752, 39.738752, 39.705318, 39.693573, 39.738752, 39.793686, 39.738752, 39.738752, 39.738752, 39.738752, 39.738752, 39.74739, 39.738752, 39.746239, 39.868635, 39.737929, 
39.731038, 39.738752, 39.742486, 39.738752, 39.747179, 39.738752, 39.738752, 39.727293, 39.743934, 39.738752, 39.738752, 39.716675, 39.74394, 39.744086, 39.74394, 39.74739, 39.746286, 39.749436, 39.745486, 39.832432, 39.738752, 40.044385, 40.020885, 39.989135, 40.039784, 39.979691, 40.102219, 40.087835, 40.027672, 40.087835, 40.087835, 40.087835, 40.087835, 40.087835, 40.087835, 40.087835, 40.087835, 39.735745, 39.522014, 39.827903, 39.522014, 39.293921, 39.460306, 39.813744, 39.871619, 39.478893, 
39.361089, 39.885527, 39.804776, 40.854473, 39.225758, 40.436948, 39.24344, 39.514738, 40.92301, 39.607479, 39.766277, 39.522014, 39.762835, 39.642572, 39.22106, 39.949217, 39.532506, 39.694915, 40.142434, 40.23832, 39.459109, 38.993175, 40.101485, 39.737369, 39.668426, 39.631254, 40.094785, 39.310793, 39.653899, 40.14711, 39.231776, 39.912186, 39.620748, 39.964486, 40.266778, 39.967717, 40.218412, 39.45658, 39.947386, 40.455817, 39.908923, 39.439493, 39.695974, 40.348242, 40.00167, 40.041288, 40.621621, 
40.10613, 39.915508, 40.149432, 40.502772, 40.619661, 39.641146, 39.722417, 40.171484, 40.087835, 40.156035, 40.160138, 38.828692, 40.223935, 40.628112, 40.700258, 40.294423, 40.083475, 40.412496, 40.051051, 40.370415, 40.115501, 40.586282, 40.642907, 40.45553, 40.606962, 40.532354, 40.539432, 40.540565, 40.502779, 40.104211, 40.497758, 40.181515, 40.335398, 40.67069, 40.878334, 40.383636, 40.435645, 40.38636, 40.253033, 40.529278, 40.234505, 40.332926, 40.177043, 40.824993, 40.524987, 40.528966, 
40.762264, 40.47997, 40.464092, 40.628112, 39.973251, 39.958987, 39.943831, 40.61798, 40.581437, 40.886476, 39.80797, 40.529241, 40.378019, 40.090367, 40.536158, 40.28319, 40.481168, 40.405094, 40.421845, 40.376626, 40.500919, 40.407853, 40.500919, 40.399281, 39.885202, 40.060539, 40.078242, 40.363777, 40.332131, 40.48243, 40.746862, 40.310272, 40.637244, 40.228533, 40.095142, 40.36593, 40.196296, 40.226357, 40.270801, 40.124199, 40.681557, 40.53158, 40.23045, 40.888254, 40.086896, 40.620805, 40.877461, 
40.593911, 40.975104, 40.340456, 40.582954, 39.709824, 40.798956, 40.916929, 39.724528, 40.508131, 40.603869, 40.215063, 40.888124, 40.825947, 40.610554, 40.964518, 40.86845, 40.382063, 40.633845, 40.686028, 39.940858, 39.836887, 40.064734, 40.169249, 39.727493, 38.834807, 39.317411, 39.302035, 39.3124, 38.977375, 38.911701, 38.846982, 39.648325, 38.75604, 38.927344, 39.348989, 38.876897, 38.674013, 39.386933, 38.940813, 38.783844, 39.020889, 39.633953, 38.709972, 39.650653, 38.765737, 39.041435, 
39.031989, 39.273148, 38.853663, 39.089871, 38.96634, 39.034273, 38.694617, 39.315812, 39.172831, 39.29782, 39.008109, 38.82469, 38.719345, 39.36479, 38.922655, 38.996004, 38.688075, 39.085706, 38.861469, 38.942365, 38.834282, 38.850558, 38.837542, 38.791242, 38.873692, 39.035216, 38.851493, 38.813044, 38.746807, 38.82469, 38.743871, 38.819195, 38.858644, 38.808934, 38.888394, 38.916226, 38.925451, 38.952366, 39.044969, 38.897344, 38.86, 39.527772, 38.758252, 38.652352, 38.92, 38.629157, 38.831149, 
38.811434, 38.953003, 38.82469, 38.939371, 38.82469, 38.82469, 38.82469, 38.82469, 38.9, 38.88, 38.82469, 38.82469, 38.82469, 38.82469, 38.82469, 38.82469, 38.82469, 38.82469, 38.82469, 38.82469, 38.86, 38.82469, 38.82469, 38.82469, 38.82469, 38.82469, 38.82469, 38.282872, 38.128626, 38.281052, 38.197344, 38.235865, 38.243266, 38.333601, 38.370203, 38.128626, 38.128626, 38.128626, 38.128626, 38.128626, 38.128626, 38.128626, 37.887346, 37.400041, 38.414313, 38.089719, 38.069421, 37.229888, 38.243711, 
37.095478, 37.136682, 38.107901, 38.193627, 38.317851, 38.467553, 37.955547, 38.002861, 37.777997, 37.962678, 37.315263, 38.119932, 38.039941, 38.45313, 37.279584, 38.060575, 37.242629, 37.995879, 38.08759, 38.037435, 37.499829, 38.136132, 38.107593, 37.513166, 38.193937, 38.253191, 37.315497, 37.730256, 38.042083, 37.909758, 38.44672, 37.409787, 37.121029, 37.29, 38.26144, 38.015189, 37.951881, 37.096255, 37.191882, 37.567773, 37.377938, 37.621071, 37.347009, 37.193451, 38.17924, 37.471802, 37.476026, 
37.086403, 37.039131, 37.329743, 37.419263, 37.291966, 37.773899, 37.175339, 37.218131, 37.086533, 37.101134, 37.705276, 37.945768, 37.731981, 37.375698, 37.092195, 37.615741, 37.779885, 37.099348, 37.197731, 37.274108, 37.144944, 38.142453, 37.569501, 37.620038, 37.241179, 37.171583, 38.120209, 37.23354, 37.134458, 37.127132, 37.671046, 38.327695, 37.270438, 38.533464, 38.778749, 38.867111, 38.464212, 38.477563, 38.321598, 38.36154, 38.374462, 38.357344, 38.865307, 38.901649, 38.387091, 38.545757, 
39.030747, 38.464132, 38.702309, 38.285533, 38.442267, 37.961233, 38.720234, 38.590788, 38.618553, 38.439499, 38.607617, 38.471892, 38.249778, 38.353064, 38.477563, 38.457513, 38.410975, 39.096394, 38.130741, 38.186991, 39.361605, 38.358421, 37.295888, 37.357249, 37.222311, 37.28211, 37.696224, 37.344985, 37.515311, 37.775543, 38.027131, 37.131282, 37.534825, 37.363564, 37.092605, 37.237814, 37.590205, 37.713158, 37.178946, 37.508184, 38.436409, 38.485093, 38.3, 38.79053, 38.318109, 38.941926, 38.788697, 
38.636112, 38.733901, 38.842439, 38.819199, 38.781745, 38.942927, 38.296229, 38.082231, 38.29545, 38.605432, 37.860092, 38.016388, 38.877695, 38.371101, 38.08677, 38.153484, 38.131449, 37.868294, 38.994185, 37.932874, 39.072831, 39.017876, 39.059221, 39.085481, 39.112514, 39.106039, 38.99, 39.225729, 39.085981, 39.159971, 38.715101, 38.958934, 39.238633, 39.244427, 39.1013, 38.833235, 39.533318, 39.511742, 40.334542, 39.196857, 39.223416, 39.212626, 39.214104, 39.63298, 39.379423, 39.335504, 39.220166, 
40.566113, 40.667669, 39.39787, 39.378823, 39.622314, 39.620748, 40.377031, 39.493283, 39.430535, 39.690233, 40.298366, 40.48806, 40.594344, 40.042797, 39.342438, 39.102266, 39.459323, 39.139927, 39.567059, 40.011447, 39.451885, 39.603225, 39.508481, 40.929768, 39.254607, 39.731182, 39.30179, 39.634566, 39.624171, 41.141281, 41.327351, 41.219107, 41.139057, 41.327351, 41.101731, 41.327351, 41.275932, 41.327351, 41.425769, 41.601379, 41.105595, 41.209041, 41.064212, 41.33144, 42.22772, 41.051097, 
41.210012, 41.422733, 40.932966, 41.232815, 41.715061, 41.344843, 41.307065, 41.552531, 41.181106, 41.724691, 41.024827, 44.890668, 42.038694, 41.742212, 42.321548, 42.489239, 42.27774, 42.382338, 41.76916, 41.865935, 42.507335, 41.646277, 43.149226, 42.121155, 42.792664, 43.034269, 42.757317, 42.785056, 42.787675, 42.119328, 42.706475, 41.979994, 41.907756, 41.971581, 42.444748, 41.347337, 42.180259, 41.034747, 41.620507, 41.159654, 42.041677, 42.196315, 41.475612, 41.330666, 41.780239, 41.804594, 
41.765078, 41.778225, 43.993124, 44.369517, 44.436009, 44.794477, 44.566114, 44.929728, 44.909434, 44.498455, 44.979667, 44.500759, 43.76976, 44.255087, 43.808024, 44.791974, 44.24825, 44.20528, 44.396661, 44.789953, 44.718546, 44.632199, 43.885863, 43.694009, 44.463071, 43.013826, 42.878665, 42.981091, 43.428698, 43.557529, 42.971973, 42.86682, 43.14687, 42.729832, 43.312211, 42.998588, 42.896822, 42.889576, 42.791242, 42.966192, 42.844915, 41.71694, 42.65723, 42.966192, 42.894249, 42.935874, 43.410459, 
42.828639, 42.796442, 42.966192, 43.602698, 43.551448, 43.228052, 43.363864, 42.842615, 42.966192, 42.966192, 43.232318, 43.738237, 41.327892, 44.776684, 44.706167, 44.447058, 44.525891, 44.553925, 43.840033, 44.356533, 44.374954, 43.939968, 44.81103, 44.453553, 43.992349, 44.876211, 44.221574, 44.376421, 44.062053, 44.799642, 43.715486, 44.408744, 44.801249, 44.681337, 44.602518, 44.615453, 44.301141, 44.770838, 44.787512, 44.74323, 44.947602, 44.889239, 44.497609, 44.576978, 44.788759, 44.725332, 
41.594542, 41.631408, 43.1856, 42.75073, 43.081275, 41.587387, 41.267546, 41.261943, 42.026986, 41.299766, 41.610852, 41.659162, 41.081086, 41.399751, 41.181959, 41.246498, 42.874606, 41.689968, 41.702635, 41.10401, 41.761851, 43.468383, 43.50537, 43.639867, 43.701492, 44.04215, 43.520413, 43.443851, 41.890875, 42.681301, 42.801664, 42.877387, 42.557035, 42.039281, 42.926318, 41.779266, 43.062245, 42.683338, 43.001889, 41.814385, 42.803357, 42.243979, 41.767699, 42.607888, 42.96067, 43.129462, 42.883214, 
42.96866, 43.040466, 42.847727, 42.80616, 42.639474, 42.639474, 42.97228, 42.75159, 42.514471, 43.65183, 42.539952, 43.442618, 42.768812, 43.317823, 42.339083, 43.211238, 42.188641, 44.53742, 44.20719, 42.213131, 44.968059, 42.719102, 42.129892, 42.177359, 42.43627, 44.633935, 43.287888, 42.021688, 42.324873, 42.483479, 42.525021, 42.217418, 43.854175, 42.79471, 42.616477, 42.659404, 43.969772, 42.192579, 44.486997, 42.327996, 43.774709, 43.222648, 42.22771, 43.115708, 42.165399, 42.542266, 42.127915, 
43.366017, 42.693133, 43.074319, 44.248203, 42.305798, 42.344123, 43.027278, 42.055593, 42.021829, 42.530288, 42.096094, 42.456273, 42.390977, 42.08685, 43.39918, 42.937947, 42.596953, 42.496588, 43.356224, 42.371508, 43.377947, 42.510364, 42.883302, 42.59465, 43.365909, 42.565542, 42.944346, 42.811892, 43.527659, 42.482046, 42.599276, 42.562839, 43.312973, 42.710124, 43.750744, 42.509557, 42.232525, 42.772955, 42.444159, 42.261085, 42.71554, 43.304395, 43.078896, 42.671054, 43.036666, 43.661373, 
43.681156, 42.76079, 43.528891, 43.497685, 43.421132, 43.465998, 43.323306, 43.458004, 43.75, 43.323306, 44.060947, 44.004709, 43.726688, 44.164718, 43.882935, 43.951754, 43.403744, 43.369671, 44.490674, 43.694827, 44.496112, 43.759605, 43.964437, 43.879722, 44.319199, 43.80991, 43.776095, 43.67511, 43.570104, 43.722695, 43.957025, 44.397984, 44.319199, 43.860023, 43.450364, 43.857435, 43.890719, 43.81958, 43.593567, 43.636332, 43.776095, 45.338175, 45.593774, 44.525291, 44.817505, 45.486818, 45.101697, 
44.926709, 45.234391, 46.388753, 46.505902, 46.041157, 46.223309, 46.363204, 45.920694, 46.154136, 45.923869, 45.889314, 46.106803, 46.375238, 46.542771, 46.224145, 46.635799, 46.122654, 46.39708, 46.52808, 45.548413, 46.256652, 46.485334, 46.460115, 46.525642, 45.291282, 46.332945, 45.405792, 46.400349, 46.093893, 46.368447, 45.717554, 46.216165, 43.801588, 44.066434, 42.87616, 43.658834, 43.724917, 43.675651, 44.647796, 44.476882, 44.829994, 44.699961, 43.705551, 43.888285, 44.002031, 44.878097, 
44.103121, 42.965519, 43.004691, 43.670142, 42.939818, 43.598319, 43.933688, 43.602661, 43.85128, 44.554347, 42.969692, 43.463644, 44.68367, 43.896275, 44.08857, 44.854428, 43.534319, 43.370358, 43.609434, 44.605095, 43.720076, 44.426905, 43.65, 43.208029, 43.06997, 43.135267, 43.583454, 43.70713, 43.585149, 45.077791, 43.96929, 43.725546, 44.279564, 43.790319, 44.079947, 43.948003, 43.697658, 44.017756, 45.273532, 44.310781, 43.653878, 45.01781, 43.459855, 43.529812, 43.590212, 43.603768, 43.627734, 
43.668396, 43.63123, 43.583139, 43.593523, 43.38469, 43.459855, 43.572671, 43.459855, 43.595763, 43.638314, 43.641774, 43.459855, 43.601772, 43.459855, 43.459855, 43.459855, 43.459855, 43.459855, 43.459855, 43.619477, 43.459855, 43.459855, 43.459855, 43.459855, 43.459855, 43.459855, 43.459855, 43.459855, 43.459855, 43.459855, 43.459855, 43.459855, 43.459855, 43.606453, 43.459855, 47.943718, 47.173432, 47.982523, 48.021497, 48.770783, 46.868617, 47.269078, 48.055621, 47.532742, 48.119781, 46.999999, 
48.108672, 47.66655, 47.718227, 47.678798, 48.582545, 48.168577, 46.79844, 47.123919, 48.36875, 48.974293, 46.779767, 47.10625, 46.552921, 47.498424, 46.973846, 47.773595, 48.229101, 47.542783, 47.566703, 48.314378, 48.161421, 47.456917, 46.727636, 46.836284, 48.720842, 47.466971, 48.575219, 48.649023, 47.517239, 47.512203, 47.322203, 48.30476, 48.953737, 47.720306, 46.95597, 48.315799, 46.871275, 47.818931, 48.205853, 47.274904, 48.36875, 48.362033, 48.363251, 47.161756, 47.495306, 47.542989, 47.97618, 
47.155827, 46.747944, 46.861905, 47.533448, 47.626188, 47.446701, 47.678798, 48.36875, 40.395531, 40.45679, 40.394235, 40.465161, 40.37, 40.563896, 40.349644, 40.443106, 40.876312, 40.963547, 40.288953, 40.927244, 41.126476, 40.892995, 40.88097, 41.084479, 40.514843, 40.169399, 40.212316, 40.881951, 40.959532, 40.988347, 40.294693, 40.156858, 41.91021, 40.689007, 40.160179, 40.535823, 40.511413, 40.996895, 40.105506, 40.443203, 40.625883, 41.032893, 41.797569, 40.401201, 41.086894, 41.07221, 40.338552, 
40.366648, 40.700162, 40.28, 40.978642, 40.614997, 40.518775, 41.059771, 40.42204, 40.065834, 40.440294, 40.843012, 40.80725, 41.118815, 40.311854, 40.278086, 40.176975, 40.648541, 40.732935, 40.38584, 40.176006, 41.656963, 40.503746, 40.328012, 41.173226, 40.66797, 40.366554, 40.581595, 40.336367, 40.362986, 40.352343, 40.560528, 41.086069, 40.446132, 40.514262, 40.160179, 40.105195, 40.59, 40.371817, 40.773372, 40.627668, 40.529949, 41.376622, 40.888711, 40.594222, 40.963547, 40.668068, 40.668068, 
40.558748, 40.594948, 40.569598, 40.561598, 40.48, 40.301444, 40.726899, 40.754746, 40.759246, 40.777746, 40.750628, 40.737132, 40.706246, 40.659997, 40.744646, 40.705747, 40.668068, 40.7547, 40.76784, 40.763322, 40.668068, 40.718113, 40.790309, 40.662797, 40.650496, 40.696596, 40.688246, 40.625621, 40.668068, 40.659514, 40.680064, 40.668068, 40.668068, 40.668068, 40.694746, 40.66, 40.668068, 40.668068, 40.772743, 40.769046, 40.668068, 40.668068, 40.768546, 40.668068, 40.671614, 40.668068, 40.771345, 
40.668068, 40.668068, 40.786886, 40.767946, 40.668068, 40.668068, 40.756796, 40.668068, 40.668068, 40.728579, 40.668068, 40.668068, 40.768996, 40.668068, 40.668068, 40.668068, 40.770248, 40.676839, 40.668068, 40.668068, 40.668068, 40.725946, 41.244261, 41.255285, 38.995483, 41.615276, 41.508605, 41.832776, 41.938629, 41.804848, 41.535714, 41.944253, 41.714101, 41.364638, 41.81571, 41.76645, 41.307779, 41.644833, 41.172593, 41.773176, 41.288679, 41.801888, 41.630767, 41.968475, 41.730637, 41.641189, 
41.684253, 41.492466, 41.721715, 41.682506, 41.867966, 41.508503, 41.689359, 41.875803, 41.909031, 41.701304, 41.919806, 41.791414, 41.833371, 41.792609, 41.688721, 41.935384, 41.641328, 41.368481, 41.780998, 41.346348, 41.224911, 41.255285, 41.188093, 41.270319, 41.165551, 41.238547, 41.195593, 41.255285, 41.255285, 41.314075, 41.255285, 39.578473, 37.198216, 37.562925, 37.158935, 39.222858, 38.999877, 39.088224, 39.350034, 39.569596, 39.367253, 38.889362, 39.109059, 38.983076, 39.694641, 39.640779, 
39.343592, 39.6866, 38.236886, 37.183505, 38.572778, 37.655431, 37.237899, 37.886087, 36.990184, 39.36696, 39.661026, 39.210907, 39.543105, 40.230954, 40.356343, 40.203908, 40.280454, 40.176975, 40.226302, 38.917381, 39.050838, 39.114649, 39.465357, 39.349079, 39.92519, 39.353561, 39.855141, 39.701506, 39.272741, 38.951694, 39.633383, 39.949142, 39.193513, 39.314609, 39.099629, 38.811791, 39.532384, 39.47178, 39.522214, 39.230151, 39.111512, 39.06433, 39.859432, 39.526133, 39.545778, 39.692424, 39.370295, 
39.291167, 40.025007, 38.974463, 40.043907, 38.915722, 40.03148, 39.240818, 38.834889, 40.10637, 39.461825, 40.168205, 40.123394, 39.133489, 39.458682, 38.765929, 37.474045, 38.707639, 38.070706, 38.35906, 37.798268, 38.338787, 37.94512, 37.6153, 37.576034, 37.663896, 37.75164, 37.656843, 37.416058, 38.180655, 38.686793, 37.533546, 37.76737, 38.970536, 37.351773, 38.764683, 38.218885, 38.446294, 37.179347, 38.289429, 37.61127, 37.565311, 37.130927, 37.164561, 38.620071, 38.238084, 37.162224, 37.522753, 
38.230935, 38.510659, 37.219954, 37.237225, 38.41744, 38.386384, 38.439428, 38.348238, 38.217377, 37.873645, 38.618547, 37.261273, 37.692401, 37.391483, 37.26947, 37.777031, 37.911834, 37.886163, 37.48474, 37.160144, 37.638578, 37.136937, 38.568765, 37.186249, 37.118352, 37.309231, 37.800295, 38.28419, 37.250749, 38.340186, 37.650853, 37.294867, 37.144146, 37.391737, 37.359887, 37.287005, 37.004364, 37.075039, 37.309231, 41.717612, 40.858481, 41.142472, 38.399138, 33.703967, 33.276539, 33.451143, 
33.451093, 33.276539, 33.466392, 33.449995, 33.466393, 33.45635, 33.276539, 33.276539, 33.505251, 33.50711, 33.511325, 33.50689, 33.503742, 33.514092, 33.498076, 33.511992, 33.563663, 33.559437, 33.630497, 33.638271, 33.675564, 33.422621, 33.276539, 33.698731, 33.585037, 33.598841, 33.276539, 33.493496, 33.62414, 33.496091, 33.437772, 33.472492, 33.276539, 33.493006, 33.276539, 33.276539, 33.393323, 33.386995, 33.381234, 33.435405, 33.333591, 33.29974, 33.276539, 33.302098, 33.683603, 33.559783, 
33.629911, 33.689558, 33.276539, 33.276539, 33.276539, 33.276539, 33.276539, 33.276539, 33.276539, 33.276539, 33.276539, 33.276539, 33.276539, 33.276539, 33.276539, 33.276539, 33.276539, 33.276539, 33.276539, 33.276539, 33.276539, 33.276539, 33.276539, 33.276539, 33.276539, 33.73, 33.77776, 33.831866, 33.921493, 33.909138, 33.44, 33.276539, 33.276539, 33.276539, 33.42, 33.34, 33.38, 33.4, 32.98, 32.91, 33.427135, 33.21, 32.97, 32.89, 32.65, 32.95, 33, 33.1, 33.01, 32.98, 33.17, 32.71, 33.16, 33.16, 
32.57, 33.08, 32.93, 33.28, 33.42, 33.52, 32.98, 32.88, 32.86, 32.91, 33.423596, 33.432177, 33.381097, 33.437493, 33.400127, 33.426932, 33.400306, 33.436767, 33.393967, 33.37, 33.391233, 33.466313, 33.35035, 33.434192, 33.276539, 33.479868, 33.276539, 33.393398, 33.349996, 33.402969, 33.416083, 33.126134, 32.878138, 32.749664, 33.328951, 33.316349, 33.312208, 33.212186, 32.967829, 32.742949, 32.712323, 32.961615, 33.348593, 33.36344, 32.995762, 33.305783, 33.09977, 33, 32.989261, 33.222982, 32.712136, 
33.227266, 33.15, 33.321316, 32.623115, 33.276539, 33.107581, 33.239097, 33.237229, 33.521433, 33.494152, 33.499529, 33.544596, 33.617504, 33.697268, 33.491302, 33.467347, 33.566635, 33.596995, 33.606004, 33.276539, 33.798581, 33.722594, 33.617643, 33.276539, 33.276539, 33.604811, 33.276539, 33.276539, 32.852769, 33.28591, 33.276539, 33.276539, 33.276539, 32.983653, 32.983653, 33.401395, 33.426885, 33.394067, 33.365951, 33.338333, 33.276539, 33.850506, 33.428511, 33.672973, 33.276539, 33.276539, 
33.013502, 32.945838, 32.85, 32.92, 33.3, 33.319722, 33.272322, 33.24, 33.276539, 33.534128, 33.568143, 33.528166, 33.594069, 33.529373, 33.624546, 33.529314, 33.657722, 33.533985, 33.701173, 33.276539, 33.276539, 33.276539, 33.820609, 33.276539, 33.945183, 32.331853, 33.274422, 33.454441, 34.10865, 33.946064, 33.354418, 33.276539, 33.326956, 33.431242, 33.973301, 33.789204, 34.177939, 32.921712, 33.631915, 33.596823, 32.532458, 32.971684, 33.430922, 33.352795, 33.50835, 31.970131, 33.939162, 33.276539, 
34.100704, 33.573602, 33.654343, 32.744976, 33.730443, 32.494054, 32.58193, 33.60642, 32.693448, 33.426423, 33.452432, 33.569705, 32.676125, 33.843519, 33.276539, 33.66688, 34.681394, 33.739904, 34.286193, 33.588225, 32.704499, 32.700018, 32.609959, 32.654701, 32.751632, 34.031791, 33.276539, 33.66156, 33.643508, 33.683352, 33.276539, 33.276539, 33.276539, 33.616888, 33.276539, 33.60864, 33.689869, 33.700837, 33.276539, 33.276539, 33.61, 33.961122, 33.47, 33.580089, 33.56, 32.491745, 33.53457, 33.421919, 
32.850901, 33.053797, 32.872122, 33.415409, 33.122043, 32.731748, 32.963028, 33.02874, 33.383937, 33.044523, 34.243578, 33.262553, 32.90375, 34.394226, 33.624008, 32.800222, 34.257457, 32.797009, 33.37214, 32.842769, 32.816055, 33.830708, 34.093715, 31.579152, 32.010164, 31.406229, 32.314118, 32.054694, 31.382775, 31.569536, 32.036365, 31.724946, 31.588594, 31.541437, 31.857504, 31.429017, 31.684819, 31.536321, 32.70874, 32.441496, 31.385182, 31.37737, 31.853334, 32.625543, 31.504439, 31.911838, 
31.357528, 32.09881, 31.531998, 31.939718, 31.898039, 32.597198, 32.048448, 31.632739, 31.998543, 31.562546, 31.668685, 31.733433, 31.714525, 31.773676, 31.586392, 32.00196, 32.356537, 32.30069, 31.718671, 31.623432, 31.488579, 31.492003, 32.420055, 32.454488, 32.417221, 31.880077, 32.51, 31.531998, 31.880077, 31.880077, 32.216743, 31.970131, 31.970131, 32.32764, 32.260316, 32.128649, 32.169577, 32.196846, 32.200813, 32.213291, 32.216326, 32.249551, 32.194909, 32.170277, 32.247175, 32.242275, 31.970131, 
32.31346, 32.240625, 31.970131, 32.233761, 31.970131, 31.970131, 32.240571, 31.970131, 32.202726, 31.970131, 32.179227, 32.088034, 32.084775, 31.970131, 32.065082, 32.13918, 31.979764, 32.417144, 31.970131, 32.521096, 31.970131, 32.338126, 32.385588, 32.335122, 31.970131, 32.242724, 32.126223, 32.109302, 32.216926, 32.299275, 32.292078, 32.161972, 31.970131, 31.970131, 32.46, 32.07, 32.08, 31.970131, 32.071764, 33.876452, 34.271427, 34.298092, 34.102913, 34.266588, 33.836157, 33.681485, 34.364618, 
34.448733, 34.109777, 34.074253, 33.801744, 34.563994, 34.162407, 34.04421, 34.393887, 33.927014, 34.392829, 34.270743, 34.121008, 34.558663, 34.560896, 34.094597, 34.442667, 34.268984, 33.849439, 34.778649, 35.279872, 35.630842, 35.630842, 35.253002, 35.630842, 35.235694, 35.675689, 34.9372, 35.197566, 36.182818, 36.985868, 36.844685, 35.862292, 34.690846, 34.936261, 35.237487, 35.285746, 36.115339, 35.48041, 35.101925, 36.608485, 35.765669, 35.335107, 36.618595, 34.908287, 36.00059, 36.726377, 
35.835642, 35.777227, 36.507554, 36.061184, 35.378832, 35.258309, 36.499283, 36.556111, 36.630103, 34.581245, 34.589477, 34.574921, 34.515939, 34.59668, 34.70062, 34.668291, 34.706724, 34.621743, 34.69, 35.178163, 34.543627, 34.556478, 34.765452, 34.767841, 34.718836, 34.723788, 34.533237, 34.518883, 34.706724, 34.74428, 34.426513, 34.339938, 34.910591, 34.653475, 34.876638, 35.334394, 34.557983, 34.907188, 34.706724, 34.776648, 34.641736, 34.201191, 34.907296, 34.782453, 34.572995, 34.704667, 35.25925, 
35.263249, 34.483582, 34.546899, 35.605301, 34.469945, 35.24, 35.605301, 35.397172, 35.190896, 35.109303, 35.013495, 35.00429, 35.172854, 35.256802, 35.413284, 36.903232, 35.030577, 35.482227, 36.198652, 34.782526, 35.386906, 34.805546, 35.095848, 34.888406, 35.607935, 35.097719, 35.210634, 35.950442, 35.605301, 34.849946, 35.213287, 36.165779, 35.771067, 35.665344, 35.368902, 36.423229, 35.325261, 36.110934, 35.610285, 35.15632, 36.88092, 35.672842, 36.045603, 36.798893, 36.374317, 35.952827, 36.59559, 
36.662243, 36.494915, 35.958014, 34.780464, 31.38, 36.272262, 34.748879, 35.388701, 34.646779, 35.32151, 35.20912, 34.511223, 35.047954, 35.136495, 34.650925, 35.409522, 34.032895, 36.195444, 35.869051, 35.166618, 35.075777, 34.775863, 36.187444, 36.203634, 35.122129, 35.192539, 34.906197, 34.598268, 35.624111, 35.822802, 34.999815, 36.151633, 34.34886, 36.343007, 34.786133, 34.862981, 34.900203, 35.001195, 34.500604, 36.17798, 35.05463, 35.132004, 35.584234, 34.83436, 35.303843, 35.700027, 35.408295, 
35.71742, 35.179121, 35.229614, 35.087772, 35.15105, 35.509184, 35.527064, 35.230514, 34.650925, 35.017604, 34.740708, 34.783472, 34.460462, 34.43283, 36.111907, 34.864034, 35.00993, 35.612925, 35.648976, 35.199592, 35.083946, 35.044339, 35.101727, 35.031329, 35.078246, 35.134094, 35.073343, 35.155811, 35.106396, 35.135303, 35.100796, 35.179635, 35.196446, 35.054947, 35.053147, 35.056747, 35.051847, 35.044339, 35.146144, 35.051247, 35.18076, 35.067447, 35.290647, 35.044339, 35.044339, 35.044339, 
35.295331, 35.08, 35.044339, 35.044339, 35.044339, 35.08, 35.044339, 35.044339, 35.044339, 35.044339, 35.044339, 35.044339, 35.044339, 35.044339, 35.044339, 35.044339, 35.044339, 35.044339, 35.044339, 35.044339, 35.108573, 35.044339, 35.044339, 35.044339, 35.534253, 35.480924, 35.376892, 35.766353, 35.598798, 35.442033, 35.761481, 34.737855, 35.463071, 35.597972, 35.486269, 35.799367, 34.999427, 35.533134, 35.495133, 36.002113, 35.295558, 35.06947, 35.923348, 35.453355, 34.888629, 36.119846, 35.480924, 
35.680001, 35.902329, 36.625357, 36.785816, 36.837421, 36.681819, 36.579374, 36.813748, 36.654783, 36.763088, 36.927309, 36.901026, 36.748026, 36.877607, 36.272472, 36.475414, 36.774472, 35.755312, 35.439937, 35.521181, 35.893597, 35.616662, 35.606283, 35.615216, 35.469938, 35.521181, 36.2996, 36.097705, 36.962335, 36.534541, 36.546104, 36.476265, 36.082439, 36.333259, 36.522263, 36.756688, 36.874229, 36.126615, 35.997094, 36.005591, 36.959631, 36.575944, 36.1566, 36.818905, 36.468402, 36.387967, 
36.248813, 35.990548, 36.618928, 35.759271, 36.094021, 35.456288, 36.422525, 35.434943, 36.129822, 35.86849, 35.863858, 36.17634, 36.362617, 36.700526, 35.622261, 36.191998, 36.465416, 36.735033, 36.377149, 36.705987, 35.249513, 35.498227, 36.610705, 35.454443, 36.074403, 35.994909, 35.345618, 36.414942, 35.795217, 35.787442, 36.64863, 36.504515, 36.631809, 36.036721, 36.160484, 36.546068, 36.537146, 36.14773, 35.276415, 35.632858, 35.521181, 35.521181, 35.594103, 36.363506, 35.203048, 35.881516, 
36.14795, 36.59956, 36.006137, 36.595247, 36.188161, 36.045092, 35.173408, 36.565525, 36.358816, 36.132502, 35.711505, 35.971938, 35.80364, 36.197152, 36.074211, 35.974115, 36.78767, 35.856035, 36.004279, 35.751778, 35.804116, 36.366344, 36.606924, 35.798216, 36.02239, 35.880398, 33.953237, 33.871414, 33.934215, 34.150585, 33.879513, 34.139451, 34.387137, 34.201613, 34.330192, 33.638186, 34.326229, 34.046275, 33.148245, 33.127764, 32.807462, 32.969955, 32.791076, 33.208473, 32.760034, 32.603957, 
33.377012, 32.620805, 32.699873, 33.095526, 33.252863, 33.116336, 32.300193, 32.355099, 32.279944, 32.204171, 32.347752, 32.305193, 32.356091, 31.879712, 31.859178, 32.312506, 32.417871, 32.31, 31.840649, 31.861247, 32.013822, 32.781205, 32.774869, 32.068299, 33.034435, 32.775681, 32.036669, 32.53667, 31.823645, 32.223023, 32.239815, 32.393919, 32.19563, 32.693536, 32.815317, 32.961804, 33.401692, 31.928038, 32.726051, 32.834372, 32.673398, 32.149321, 32.350444, 32.267993, 32.213198, 32.152569, 33.029102, 
33.091874, 32.437435, 32.872349, 32.488841, 32.802474, 31.766132, 32.41815, 32.729758, 32.728228, 31.799253, 32.707876, 32.123655, 32.031665, 32.336251, 34.6705, 34.432846, 34.628472, 34.401452, 34.857544, 33.843464, 33.526887, 33.931311, 33.79692, 34.215025, 34.346673, 34.865507, 34.706943, 33.883159, 33.717607, 34.528601, 33.628946, 33.793145, 34.166231, 33.922767, 34.475607, 34.429099, 34.511478, 34.321787, 33.485178, 33.303825, 33.363439, 32.795467, 32.753571, 33.455761, 32.408311, 32.342033, 
33.244151, 32.439762, 33.060827, 32.70778, 32.7475, 32.787805, 32.785417, 32.735982, 32.188493, 32.954421, 32.65886, 32.74209, 32.27936, 32.901887, 33.148388, 32.079363, 32.878526, 32.590107, 33.270355, 32.188634, 33.710312, 32.839921, 32.695546, 33.420542, 33.158737, 32.806612, 33.722955, 32.943661, 34.156361, 34.750736, 33.492448, 33.429637, 32.902131, 32.841331, 32.980058, 33.285158, 33.001397, 33.479136, 32.923979, 33.157278, 33.520074, 32.405061, 33.267631, 32.663082, 33.350032, 33.342426, 32.789854, 
33.415814, 32.8672, 32.629637, 33.480197, 33.098649, 34.585906, 32.783249, 33.330502, 35.103769, 35.890633, 35.174099, 36.740696, 36.387827, 35.387857, 35.014908, 36.734124, 36.896078, 35.313786, 36.353757, 36.458919, 35.348463, 34.770332, 36.369783, 35.644244, 35.157683, 34.916697, 35.098357, 34.862953, 36.137255, 36.710694, 35.456288, 35.456288, 31.694842, 31.694842, 31.694842, 31.694842, 31.694842, 31.694842, 31.694842, 31.694842, 31.694842, 31.694842, 31.694842, 31.694842, 31.694842, 31.694842, 
31.694842, 31.694842, 31.694842, 31.694842, 31.694842, 31.694842, 31.694842, 31.694842, 31.694842, 31.694842, 31.694842, 31.694842, 31.694842, 31.694842, 31.694842, 31.694842, 31.694842, 31.694842, 31.694842, 31.694842, 31.694842, 31.694842, 31.694842, 31.694842, 31.694842, 31.694842, 31.694842, 31.694842, 31.694842, 31.694842, 31.694842, 31.694842, 31.694842, 31.694842, 31.694842, 31.694842, 31.694842, 31.694842, 31.694842, 31.694842, 31.694842, 31.694842, 31.694842, 31.694842, 31.694842, 31.694842, 
31.694842, 31.694842, 31.694842, 31.694842, 31.694842, 31.694842, 31.694842, 31.694842, 31.694842, 31.694842, 31.694842, 31.694842, 31.694842, 31.694842, 31.694842, 31.694842, 31.694842, 33.361658, 36.322484, 35.927901, 37.381946, 36, 37.027453, 36.046247, 35.968615, 35.927901, 36.766887, 37.488849, 35.927901, 37.751707, 36.121607, 36.017578, 37.571495, 36.045811, 36.030927, 35.927901, 37.592182, 36.573712, 35.801952, 36.52513, 36.616546, 38.738647, 37.583805, 36.789432, 36.674946, 35.927901, 36.804651, 
35.013978, 35.138674, 36.206419, 36.256479, 36.224218, 36.284511, 36.81, 35.927901, 36.54, 35.28299, 36.540495, 36.655797, 37.785734, 38.122239, 35.88, 37.583805, 35.525338, 37.751386, 36.218341, 38.307931, 35.979863, 35.927901, 35.93, 36.264185, 36.119299, 36.54, 35.927901, 36.038181, 36, 36.573377, 36.281388, 36.31, 36.28094, 36.2, 36.17022, 36.145303, 36.113211, 36.151108, 35.99, 36.184219, 36.171219, 36.205718, 36.126038, 36.172744, 35.927901, 36.157764, 36.067495, 36.011339, 36.233655, 35.927901, 
36.140974, 36.084361, 36.088922, 36.087623, 36.121972, 36.10524, 36.026532, 36.101538, 36.223528, 35.927901, 35.927901, 36.193501, 36.231139, 36.257531, 36.294596, 36.018981, 35.927901, 36.204548, 36.131341, 36.129519, 35.927901, 35.927901, 36.031873, 35.99, 35.998778, 36.148417, 36.326315, 36.181142, 36.167731, 36.141119, 36.113059, 36.049095, 36.266266, 35.927901, 35.927901, 35.927901, 35.927901, 35.927901, 35.927901, 36.201612, 36.18, 35.927901, 35.927901, 35.927901, 35.99, 36.18, 35.927901, 35.927901, 
35.99, 36.32, 36.12, 35.927901, 35.927901, 35.927901, 35.9, 35.99, 35.927901, 35.99, 35.927901, 36.370315, 35.927901, 35.927901, 35.927901, 39.282855, 39.748753, 38.941805, 38.944921, 39.332636, 39.717627, 38.835421, 39.4163, 39.342631, 39.239457, 39.25468, 41.826461, 40.555197, 39.461072, 39.525628, 39.617711, 38.872139, 38.878641, 39.012361, 40.652505, 39.083284, 40.926644, 38.505507, 40.700131, 40.21672, 38.555308, 41.953624, 38.271173, 39.009564, 39.835829, 41.656001, 41.596722, 38.966064, 39.262835, 
39.367838, 38.784128, 39.542711, 40.541218, 39.59218, 39.544183, 40.541218, 39.624698, 41.263287, 39.523693, 39.298192, 39.68, 39.659593, 38.738712, 41.02951, 41.076358, 38.94675, 39.006963, 38.968383, 39.256357, 39.245257, 39.259103, 38.903324, 39.537979, 39.52616, 39.499862, 39.53636, 40.541218, 39.52241, 39.659801, 39.54231, 39.52, 39.496243, 39.87107, 39.403178, 39.54641, 39.631922, 40.541218, 39.52, 40.541218, 39.395387, 39.523088, 39.543941, 39.52, 40.541218, 40.541218, 40.541218, 40.541218, 
40.541218, 39.147877, 39.135503, 39.164966, 39.27521, 39.091507, 39.200035, 39.167833, 39.167833, 39.167833, 39.167833, 39.167833, 39.167833, 38.971319, 40.883028, 41.059414, 40.81488, 40.644201, 40.489736, 40.450972, 40.715963, 41.252236, 41.029538, 41.890872, 41.905845, 40.79727, 41.247573, 41.796309, 41.951703, 40.453542, 41.328852, 41.208288, 40.854751, 40.651432, 33.972914, 33.948315, 33.962714, 34.07711, 34.058911, 34.048351, 34.026448, 34.009754, 33.786594, 34.062709, 34.007063, 34.061611, 
34.044662, 34.042912, 34.038993, 34.029711, 34.052561, 34.029112, 34.048411, 34.06646, 34.029313, 34.023662, 34.023039, 34.063209, 34.045006, 34.07851, 34.111208, 34.098859, 34.090259, 33.786594, 34.07871, 34.08166, 34.050411, 34.03056, 34.05266, 34.07036, 34.002063, 34.089459, 34.110425, 33.997492, 34.137557, 34.114558, 33.987463, 33.953814, 33.960041, 34.098908, 33.958464, 34.073759, 34.067409, 33.786594, 33.786594, 33.786594, 33.786594, 33.786594, 33.786594, 33.986212, 34.061911, 34.000219, 33.927471, 
33.786594, 33.923365, 34.003213, 34.045161, 34.03457, 34.107559, 34.002011, 34.056709, 34.122058, 34.090975, 33.786594, 34.052709, 33.786594, 33.786594, 33.786594, 33.786594, 33.786594, 34.101007, 33.786594, 33.786594, 33.786594, 33.786594, 33.786594, 33.786594, 33.786594, 33.786594, 33.786594, 33.786594, 33.786594, 34.07, 33.786594, 33.786594, 33.786594, 33.786594, 33.786594, 33.786594, 33.786594, 33.786594, 33.786594, 33.786594, 33.786594, 33.786594, 34.06, 33.972814, 33.786594, 33.944714, 33.786594, 
34.088808, 34.066009, 34.060859, 33.786594, 33.890566, 33.893265, 33.910716, 33.786594, 33.786594, 33.997179, 33.786594, 34.021611, 33.786594, 33.786594, 33.958363, 33.942289, 33.92018, 33.921313, 33.891265, 33.870466, 33.899265, 33.914614, 33.786594, 33.866314, 33.978404, 33.888364, 33.895363, 33.924642, 34.035087, 33.786594, 34.051056, 33.88898, 33.786594, 33.988813, 34.050505, 33.784099, 33.758216, 33.845064, 33.828815, 33.871214, 33.944264, 34.101447, 33.992411, 33.976373, 33.957012, 33.786594, 
33.786594, 33.786594, 33.955913, 33.975263, 33.934164, 33.936163, 33.960263, 33.786594, 33.786594, 33.786594, 33.786594, 33.786594, 33.786594, 33.786594, 33.786594, 33.786594, 33.786594, 34.01491, 34.036759, 34.032159, 34.026959, 34.009276, 33.786594, 33.786594, 33.786594, 33.786594, 33.786594, 33.786594, 34.010328, 33.828766, 33.833416, 33.840264, 33.870414, 33.810848, 33.786594, 33.786594, 33.786594, 33.786594, 33.786594, 34.002333, 33.967562, 33.941363, 33.929163, 33.945413, 33.978312, 33.786594, 
33.786594, 33.786594, 33.786594, 33.786594, 33.841014, 33.875714, 33.640302, 33.849327, 33.640302, 33.817481, 33.934513, 33.640302, 33.640302, 33.786594, 33.90213, 33.905813, 34.014212, 33.906914, 33.786594, 33.786594, 33.786594, 33.989013, 33.786594, 33.786594, 33.786594, 33.933551, 33.786594, 33.803565, 33.867215, 33.786594, 33.868314, 33.368642, 33.888165, 33.786594, 33.797317, 33.786594, 33.851965, 33.847265, 33.851215, 33.840965, 33.828565, 33.793384, 33.794028, 33.640302, 33.899915, 33.732368, 
33.736718, 33.786594, 33.786594, 33.759283, 33.718167, 33.72975, 33.784018, 33.823765, 33.857416, 33.867138, 33.786594, 33.786594, 33.801783, 33.783038, 33.804309, 33.769018, 33.761117, 33.783467, 33.865916, 33.801767, 33.828366, 33.823316, 33.786594, 33.816217, 33.781011, 33.771167, 33.795049, 33.776094, 33.767817, 33.786594, 33.767817, 33.767817, 33.767817, 33.784266, 33.786594, 33.786594, 33.786594, 33.824918, 33.786594, 33.786594, 33.786594, 33.769667, 33.786594, 33.83, 33.77, 34.192102, 33.786594, 
34.134057, 34.126957, 34.14, 33.786594, 34.137707, 34.211171, 33.786594, 34.140806, 33.786594, 34.211494, 33.786594, 33.786594, 34.164806, 33.786594, 34.112958, 33.786594, 34.261221, 33.786594, 34.256952, 33.786594, 33.786594, 33.786594, 33.786594, 33.786594, 33.786594, 34.146607, 33.786594, 34.166706, 34.169356, 34.137857, 34.142557, 34.151066, 34.122658, 33.786594, 33.786594, 33.786594, 33.786594, 33.786594, 33.786594, 33.786594, 33.786594, 33.786594, 33.786594, 33.786594, 33.786594, 33.786594, 
33.786594, 33.786594, 33.786594, 33.786594, 33.786594, 33.786594, 33.786594, 33.786594, 33.786594, 33.786594, 34.17, 34.17013, 34.166567, 34.152757, 34.135259, 34.138514, 34.156674, 34.165373, 34.189605, 33.786594, 33.786594, 34.232003, 33.786594, 33.786594, 33.786594, 33.786594, 33.786594, 34.139536, 34.133513, 34.198204, 34.218654, 33.786594, 34.209407, 34.197737, 33.786594, 33.786594, 33.786594, 34.259052, 33.786594, 33.786594, 34.168753, 34.032383, 34.175038, 34.377782, 33.786594, 34.240353, 
34.235055, 34.276154, 33.786594, 33.786594, 33.786594, 33.786594, 34.254751, 33.786594, 33.786594, 34.200104, 33.786594, 34.284935, 33.786594, 34.307877, 34.239503, 34.277648, 34.264635, 33.786594, 34.481172, 34.424794, 34.224089, 33.786594, 34.445313, 34.406519, 34.164255, 33.786594, 34.032383, 34.032383, 34.208837, 34.14348, 34.190804, 33.786594, 34.158214, 33.786594, 34.176238, 33.786594, 33.786594, 33.786594, 34.182875, 33.786594, 34.384663, 33.786594, 33.786594, 34.478797, 33.786594, 33.786594, 
34.421537, 33.786594, 34.490004, 33.786594, 33.786594, 33.786594, 33.786594, 33.786594, 33.786594, 34.176505, 34.223753, 34.152513, 33.786594, 34.199704, 34.201491, 33.786594, 33.786594, 33.786594, 33.786594, 34.178305, 33.786594, 33.786594, 33.786594, 34.153628, 33.786594, 34.155625, 33.786594, 33.786594, 33.786594, 33.786594, 33.786594, 33.786594, 34.186755, 34.177606, 33.786594, 34.201254, 34.166906, 34.169663, 33.786594, 33.786594, 33.786594, 33.786594, 33.786594, 33.786594, 33.786594, 34.168206, 
34.152476, 33.786594, 34.143856, 34.208142, 34.185698, 34.165706, 34.139397, 33.786594, 33.786594, 33.786594, 33.786594, 33.786594, 33.786594, 33.786594, 33.786594, 33.786594, 34.175205, 34.131659, 34.128907, 34.087108, 34.839964, 33.975267, 34.015963, 34.110009, 33.786594, 33.786594, 33.786594, 33.752886, 33.735688, 33.752886, 34.097708, 34.085809, 34.088771, 34.839964, 34.104555, 34.076642, 34.070659, 34.05051, 33.786594, 33.786594, 34.147849, 34.127819, 34.119245, 34.140207, 34.066655, 34.029561, 
34.000578, 34.046889, 33.786594, 33.985012, 33.786594, 34.117047, 34.001846, 34.048207, 34.05471, 33.786594, 34.839964, 34.231581, 33.752886, 34.036085, 34.057561, 34.07041, 34.077327, 34.004172, 34.045584, 34.080143, 34.06521, 33.786594, 34.066143, 33.786594, 33.786594, 34.103341, 34.114041, 34.089059, 33.786594, 34.101608, 34.138575, 34.839964, 34.101659, 33.786594, 34.018361, 34.068059, 34.063645, 34.020711, 33.786594, 33.786594, 33.786594, 34.839964, 33.786594, 34.090409, 33.786594, 34.072959, 
33.786594, 33.786594, 33.786594, 33.786594, 32.823102, 32.663803, 33.016928, 32.672239, 32.664307, 33.016928, 33.016928, 32.638654, 32.608799, 33.016928, 32.642486, 32.662563, 32.638072, 32.890384, 32.616539, 33.016928, 32.701452, 32.852086, 32.579555, 33.016928, 32.624424, 32.718186, 32.761801, 32.785, 33.016928, 33.016928, 32.733451, 33.016928, 33.016928, 32.875267, 32.670903, 33.016928, 32.773317, 32.620782, 33.016928, 32.721145, 32.732539, 33.016928, 32.588485, 33.016928, 33.016928, 33.198032, 
33.289265, 33.184028, 33.026742, 33.158137, 33.097841, 33.15, 33.1, 33.016928, 32.961812, 33.016928, 32.788736, 32.7991, 32.8201, 33.016928, 33.016928, 33.053092, 33.106862, 33.181543, 33.142706, 33.380359, 33.087868, 33.016928, 34.587473, 33.016928, 33.02757, 32.838761, 33.016928, 33.016928, 32.873849, 33.016928, 33.016928, 33.016928, 33.016928, 33.202463, 33.016928, 33.195354, 33.240926, 33.016928, 33.369249, 33.308217, 33.311881, 32.973645, 33.035844, 33.209313, 33.016492, 33.016928, 33.144908, 
33.166768, 32.84681, 33.016928, 33.016928, 32.997543, 33.122029, 33.016928, 33.18, 33.261748, 33.179587, 33.213309, 33.016928, 33.337152, 33.016928, 33.016928, 32.993541, 33.016928, 33.016928, 33.016928, 32.719601, 32.714992, 32.746018, 32.742892, 32.741256, 32.7259, 32.7409, 32.7736, 32.791246, 32.766482, 32.804972, 33.016928, 32.697402, 32.706954, 32.7603, 32.76235, 32.823865, 32.682727, 32.80225, 32.794449, 32.899996, 32.856447, 32.803799, 32.822815, 32.914346, 33.022384, 32.998855, 32.961014, 
32.946776, 32.918035, 32.643703, 32.733507, 32.562106, 33.016928, 32.68342, 32.85377, 33.016928, 32.677286, 32.74344, 33.016928, 33.016928, 32.889139, 33.016928, 33.016928, 33.016928, 33.016928, 33.016928, 32.574398, 32.671602, 33.016928, 33.016928, 33.016928, 32.871846, 33.016928, 33.016928, 33.016928, 33.016928, 33.016928, 33.016928, 33.016928, 33.016928, 33.016928, 33.016928, 33.016928, 32.556264, 33.016928, 33.016928, 33.016928, 33.016928, 33.016928, 32.572602, 32.775088, 33.016928, 33.016928, 
33.016928, 33.016928, 33.016928, 33.016928, 33.016928, 33.016928, 33.016928, 33.016928, 33.016928, 33.016928, 32.751575, 33.715271, 33.752886, 33.75307, 33.70129, 33.759409, 33.920803, 32.782242, 33.945265, 33.628333, 33.59869, 32.98975, 33.911404, 32.683491, 33.026203, 33.131764, 33.807761, 33.752886, 33.679872, 33.830029, 33.952303, 33.904371, 34.137179, 32.783359, 32.79475, 33.66, 33.66, 32.726931, 32.800259, 32.853471, 34.175926, 33.675373, 33.543836, 33.752886, 34.066626, 33.330929, 33.921502, 
32.722049, 33.715672, 33.660374, 33.842984, 33.761076, 33.798669, 33.387467, 34.286985, 34.203249, 33.762944, 33.53163, 32.792631, 33.466287, 33.289347, 33.821318, 34.165696, 34.360235, 34.143497, 33.037061, 33.941487, 32.786759, 34.161795, 34.31039, 34.180251, 33.752886, 34.641695, 34.548138, 34.172474, 34.538622, 34.447959, 35.27295, 35.262763, 34.894181, 34.201638, 34.030714, 34.255388, 34.241295, 34.064062, 34.245607, 34.048544, 33.984551, 34.254199, 34.839964, 35.187237, 34.061931, 34.242567, 
34.839964, 34.866837, 35.945641, 34.839964, 34.06, 35.00224, 34.268344, 34.839964, 34.088911, 34.125147, 34.046992, 34.720285, 34.087114, 34.839964, 34.241477, 34.761696, 34.39, 34.399992, 34.12716, 34.956205, 34.839964, 34.25629, 34.050764, 34.481229, 34.839964, 34.229288, 34.083512, 34.808718, 35.46019, 34.896333, 34.839964, 34.634147, 34.839964, 34.453465, 34.44654, 34.034714, 34.063264, 34.839964, 34.109511, 34.151243, 34.839964, 34.205626, 35.947562, 34.839964, 34.244448, 35.848556, 34.839964, 
34.489466, 34.839964, 34.55965, 34.48, 33.714421, 34.35876, 34.909491, 34.033564, 34.105079, 34.21392, 34.839964, 34.14856, 34.141659, 34.839964, 34.198189, 34.080662, 34.106965, 34.12051, 34.839964, 34.839964, 34.839964, 34.839964, 34.839964, 34.839964, 34.839964, 34.839964, 34.839964, 34.262243, 33.991181, 33.752886, 33.91355, 33.926315, 33.921765, 33.943615, 33.978965, 33.890313, 33.998751, 33.752886, 33.752886, 33.752886, 33.752886, 33.752886, 33.891084, 33.752886, 33.752886, 33.752886, 33.675893, 
33.752886, 33.696543, 33.485978, 33.55055, 33.73542, 33.708843, 33.736743, 33.752886, 33.749656, 33.750795, 33.889035, 33.752886, 33.923243, 33.521993, 33.922823, 33.752886, 33.957957, 33.632049, 33.568617, 33.571185, 33.752886, 33.819818, 33.784051, 33.822068, 33.752886, 33.752886, 33.796153, 33.788491, 33.66035, 33.742936, 33.70602, 33.692876, 33.752886, 33.479467, 33.52775, 33.495343, 33.752886, 33.614385, 33.653216, 33.752886, 33.73297, 33.648871, 33.68762, 33.640302, 33.695576, 33.640302, 33.59, 
33.685479, 33.650813, 33.680408, 33.640302, 33.640302, 33.63, 33.659639, 33.66985, 33.714889, 33.686519, 33.460727, 33.600172, 33.677224, 33.647028, 33.640302, 33.475302, 33.640223, 33.573176, 33.61, 33.666269, 33.725167, 33.673468, 33.720017, 33.640302, 33.535325, 33.640302, 33.602823, 33.601673, 33.745166, 33.581533, 33.610717, 33.640302, 33.611198, 33.634821, 33.601822, 33.606271, 33.619221, 33.870714, 33.427078, 33.462927, 33.438428, 33.500843, 33.743168, 33.531938, 33.673979, 33.639227, 33.792124, 
33.751418, 33.640302, 33.640302, 33.639994, 33.640302, 33.611272, 33.615462, 33.555323, 33.570763, 33.640302, 33.640302, 33.747017, 33.640302, 33.747067, 33.724167, 33.762117, 33.765916, 33.719118, 33.708618, 33.640302, 33.711552, 33.640302, 33.640302, 33.75, 33.640302, 33.640302, 33.741651, 33.640302, 33.739571, 33.640302, 33.844814, 33.806965, 33.640302, 33.818165, 33.835665, 33.835465, 33.850515, 33.858151, 33.86, 33.640302, 33.640302, 33.640302, 33.640302, 33.640302, 33.640302, 33.923463, 33.640302, 
33.918965, 33.640302, 33.878981, 33.869114, 33.874314, 33.640302, 33.903164, 33.640302, 33.640302, 33.640302, 33.785166, 33.786915, 33.640302, 33.763033, 33.765516, 33.782916, 33.640302, 33.640302, 33.640302, 33.640302, 33.640302, 33.925885, 33.812662, 33.640302, 33.640302, 33.640302, 33.8318, 33.785091, 33.811566, 33.787266, 33.792687, 33.883314, 33.640302, 33.752886, 33.752886, 33.8808, 33.903803, 33.839516, 33.866555, 33.771548, 33.640302, 33.888062, 33.883223, 33.640302, 34.311203, 34.032383, 
34.268736, 34.278812, 34.032383, 34.032383, 34.032383, 34.356248, 34.231754, 34.032383, 34.218756, 34.402194, 34.262834, 34.396646, 34.032383, 34.032383, 34.292898, 34.401466, 34.456957, 34.032383, 34.21707, 34.032383, 34.032383, 34.166933, 34.032383, 34.179304, 34.22942, 34.424363, 34.154072, 34.113389, 34.162124, 34.032383, 34.367474, 34.032383, 34.032383, 34.279343, 34.258203, 34.265003, 34.287679, 34.421895, 34.032383, 34.032383, 34.032383, 34.420163, 34.262834, 34.428191, 34.44005, 34.432896, 
34.421795, 34.433687, 34.40323, 34.439579, 34.443529, 34.262834, 34.443746, 34.262834, 34.262834, 34.262834, 34.262834, 34.262834, 34.262834, 34.262834, 34.262834, 34.262834, 35.889586, 36.311439, 35.161923, 35.930766, 35.576134, 35.37825, 35.87137, 36.062748, 36.194736, 36.085342, 35.774967, 35.771876, 35.89151, 35.842485, 35.87368, 35.357018, 36.304696, 34.850984, 36.300574, 35.202535, 34.815266, 35.727428, 36.357151, 36.327063, 36.138861, 36.138861, 36.209815, 36.387879, 36.472713, 35.784367, 
36.015318, 35.617148, 35.256873, 36.43465, 34.851405, 36.417743, 36.312075, 36.138861, 36.201983, 35.689717, 35.670747, 35.364749, 35.040362, 34.956385, 35.666835, 35.957119, 36.055121, 36.033126, 35.846291, 35.801627, 36.596251, 35.490517, 36.150892, 36.177361, 36.141864, 35.162776, 35.94901, 36.431565, 36.059363, 36.201451, 36.26699, 35.305512, 36.311, 36.126621, 36.393615, 35.605045, 36.12763, 35.614134, 35.714118, 36.431121, 35.702936, 36.33, 36.351009, 36.358928, 35.381408, 35.294405, 35.294405, 
35.344209, 35.387058, 35.396411, 35.324767, 35.487491, 35.340759, 35.200467, 35.39068, 35.19766, 35.38, 34.819232, 35.294405, 35.294405, 35.294405, 35.294405, 35.294405, 35.294405, 35.294405, 35.294405, 35.294405, 35.294405, 35.294405, 35.262548, 35.313222, 35.347065, 35.277189, 35.347065, 35.347065, 35.347065, 35.221085, 35.347065, 35.347065, 35.119678, 35.347065, 35.474913, 35.428241, 35.18554, 35.834919, 34.613014, 35.563246, 34.842293, 35.459347, 35.495242, 35.120934, 34.958896, 35.508282, 34.639682, 
34.73489, 34.262834, 34.75465, 34.709973, 35.373047, 35.347065, 35.032408, 35.097599, 35.640589, 35.664837, 35.347065, 35.150886, 35.964022, 35.818054, 35.664386, 35.323098, 34.900809, 34.87455, 35.027682, 34.836252, 34.956344, 34.626931, 35.636185, 34.608938, 34.674436, 35.54464, 35.1, 35.347065, 35.372861, 35.04535, 35.068161, 35.187133, 35.139327, 34.497245, 37.583838, 37.1363, 37.282192, 36.626033, 35.030694, 38.21053, 35.381552, 35.177369, 36.269728, 35.044352, 35.294405, 36.851729, 35.734418, 
35.366197, 37.765218, 36.495772, 35.241311, 34.676708, 34.698696, 34.691946, 34.728857, 33.786594, 35.60345, 37.973204, 36.626033, 34.533321, 34.493392, 36.589514, 37.621587, 36.228484, 34.56548, 34.606146, 34.561207, 34.487552, 35.409108, 35.599177, 35.294405, 34.839964, 34.88923, 35.132673, 35.764433, 34.394253, 34.900151, 35.294405, 33.786594, 33.786594, 33.786594, 34.596742, 34.839964, 35.294405, 33.786594, 37.388698, 37.077273, 36.678073, 37.364625, 37.191503, 36.802534, 36.589797, 36.523482, 
36.534599, 37.100417, 36.840057, 36.813456, 37.036529, 37.206505, 36.506019, 36.657266, 36.538017, 36.91, 37.029613, 36.774951, 36.800027, 37.463177, 36.40263, 36.6265, 37.024461, 36.523726, 36.780156, 36.722616, 36.506063, 36.734051, 37.237216, 37.048385, 36.93, 36.914819, 36.991476, 37.160622, 36.701905, 36.697311, 36.746375, 37.232047, 37.405699, 37.146284, 36.623699, 36.565252, 36.61365, 36.841665, 36.841454, 37.004865, 36.600348, 37.236305, 36.608675, 36.45185, 36.72845, 36.600172, 37.186872, 
36.566779, 37.103957, 36.961248, 36.545749, 36.981035, 36.641742, 37.284459, 36.471833, 36.455501, 36.713181, 36.648474, 36.749444, 36.741199, 36.767299, 36.794748, 36.786948, 36.691036, 36.746375, 36.746375, 36.746375, 36.825582, 36.831723, 36.746375, 36.746375, 36.746375, 36.746375, 36.746375, 36.746375, 36.865587, 36.733193, 36.801603, 36.77, 36.746375, 36.658599, 36.795249, 36.753177, 36.758598, 36.746375, 36.9, 36.74, 36.746375, 36.746375, 36.746375, 36.746375, 36.746375, 36.746375, 36.746375, 
36.746375, 36.746375, 36.746375, 36.746375, 36.746375, 36.746375, 36.746375, 36.746375, 36.746375, 36.746375, 36.746375, 36.746375, 36.746375, 36.746375, 36.746375, 36.746375, 36.746375, 36.746375, 36.746375, 36.746375, 36.746375, 36.746375, 36.746375, 36.746375, 35.717406, 36.746375, 36.746375, 36.665879, 36.35433, 36.681161, 36.709717, 36.754058, 36.619954, 36.35433, 36.35433, 36.133401, 36.555248, 36.543261, 36.517261, 36.447533, 36.581329, 36.518179, 36.300819, 36.015388, 36.21106, 35.987276, 
36.678155, 36.586193, 36.35433, 36.35433, 36.606225, 36.619065, 36.59081, 36.126393, 36.615813, 36.41176, 36.624606, 37.516687, 37.381144, 37.682882, 37.574936, 37.381144, 37.381144, 37.7, 37.699182, 37.682583, 37.381144, 37.381144, 37.510085, 37.47584, 37.28842, 37.271753, 37.37714, 37.189396, 37.353741, 37.451688, 37.381144, 37.458615, 37.374421, 37.381144, 37.600735, 37.381144, 37.189396, 37.539839, 37.52489, 37.189396, 37.380207, 37.38949, 37.189396, 37.40679, 37.613806, 37.381144, 37.381144, 
37.203092, 37.463911, 37.444879, 37.483504, 37.381144, 37.533538, 37.625908, 37.381144, 37.499175, 37.381144, 37.317278, 37.652857, 37.381144, 37.38894, 37.378341, 37.350091, 37.189396, 37.406289, 37.189396, 37.381144, 37.381144, 37.381144, 37.784827, 37.779329, 37.772329, 37.791728, 37.789228, 37.784827, 37.766529, 37.792678, 37.792778, 37.74873, 37.798228, 37.720931, 37.758434, 37.786129, 37.743381, 37.770937, 37.782029, 37.784827, 37.784827, 37.778729, 37.75838, 37.801028, 37.732797, 37.784827, 
37.784827, 37.734964, 37.621964, 37.79984, 37.819423, 37.741797, 37.724231, 37.801878, 37.719581, 37.784827, 37.784827, 37.784827, 37.784827, 37.784827, 37.784827, 37.784827, 37.784827, 37.76313, 37.784827, 37.784827, 37.784827, 37.784827, 37.784827, 37.784827, 37.784827, 37.784827, 37.784827, 37.784827, 37.784827, 37.784827, 37.76, 37.784827, 37.784827, 37.784827, 37.784827, 37.784827, 37.784827, 37.784827, 37.784827, 37.784827, 37.784827, 37.784827, 37.784827, 37.784827, 37.784827, 37.784827, 37.784827, 
37.784827, 37.77, 38.380456, 38.377411, 38.377411, 38.377411, 38.377411, 38.377411, 38.377411, 38.377411, 38.377411, 38.377411, 38.377411, 38.377411, 38.377411, 38.377411, 38.377411, 38.377411, 38.377411, 38.377411, 38.377411, 38.377411, 38.377411, 38.377411, 38.377411, 38.377411, 38.377411, 38.377411, 38.377411, 38.377411, 38.377411, 38.377411, 38.377411, 38.377411, 38.377411, 38.377411, 38.377411, 38.377411, 38.377411, 38.377411, 38.377411, 38.377411, 38.377411, 38.377411, 38.377411, 38.377411, 
38.377411, 38.377411, 38.377411, 38.377411, 38.377411, 38.377411, 38.377411, 38.377411, 38.377411, 38.377411, 38.377411, 38.377411, 38.377411, 38.377411, 38.377411, 38.377411, 38.377411, 38.377411, 37.443688, 37.189396, 37.449888, 37.397823, 37.427039, 37.419389, 37.381144, 37.381144, 37.189396, 37.189396, 37.570385, 37.551586, 37.539686, 37.554335, 37.381144, 37.381144, 37.381144, 37.381144, 37.381144, 37.562385, 37.534736, 37.769528, 37.734379, 38.170372, 37.86, 37.804064, 37.856683, 38.568307, 
37.991571, 38.071769, 38.040395, 38.159894, 37.932123, 37.847704, 38.597907, 37.777208, 37.923523, 37.954122, 37.984271, 37.986321, 37.957772, 37.777208, 37.951672, 37.777208, 38.05282, 37.811676, 37.953542, 37.838744, 37.777208, 37.917774, 37.920852, 38.269582, 38.245844, 38.277661, 37.562218, 37.680181, 37.527237, 37.515014, 37.680181, 37.674431, 37.657381, 37.680181, 37.633732, 37.635582, 37.702063, 38.005122, 37.972622, 37.895695, 37.65778, 37.680181, 37.69768, 37.998912, 37.571581, 37.839426, 
37.680181, 38.337243, 38.291164, 37.535586, 37.992124, 38.437887, 37.878625, 37.997509, 38.017917, 37.658898, 38.658204, 37.714179, 38.04337, 37.777208, 38.156909, 38.031271, 38.466508, 38.511241, 37.777208, 38.553087, 37.722279, 37.703427, 37.68858, 37.678531, 38.509569, 37.76, 37.75735, 38.231364, 37.593883, 37.592184, 37.68973, 38.152068, 38.105219, 38.099119, 38.115015, 37.879757, 37.905924, 37.777208, 37.91878, 38.403011, 37.776835, 37.799727, 37.738379, 37.680181, 37.763028, 37.793177, 37.806427, 
37.834724, 37.834926, 37.812377, 37.827126, 37.809427, 37.781098, 37.727739, 37.806677, 37.807827, 37.843726, 37.790027, 37.680181, 37.753978, 37.74, 37.680181, 37.680181, 37.803927, 37.819314, 37.680181, 37.680181, 37.680181, 37.680181, 37.680181, 37.680181, 37.680181, 37.680181, 37.860576, 37.865026, 37.862526, 37.868575, 37.856926, 37.889125, 37.894625, 37.894625, 37.879625, 37.869976, 37.680181, 37.866825, 37.941424, 37.777208, 37.969673, 37.926509, 37.941824, 37.972623, 37.777208, 37.777208, 
37.777208, 37.777208, 37.972423, 38.019022, 37.950069, 38.068036, 38.068036, 38.068036, 38.07392, 37.892476, 38.345572, 38.347701, 37.907675, 37.924242, 38.463088, 38.463088, 38.347174, 38.246611, 37.98779, 38.328614, 38.012489, 38.099205, 38.017617, 37.936151, 38.180029, 37.898058, 38.068036, 38.117065, 38.050454, 38.098221, 38.148858, 38.06317, 38.054433, 38.314531, 38.243734, 38.463088, 38.243299, 38.463088, 38.081566, 38.022322, 37.981623, 38.012082, 37.943365, 37.855527, 38.068036, 37.903396, 
38.245851, 38.335515, 38.007639, 38.068036, 38.463088, 38.068036, 38.068036, 38.068036, 38.068036, 37.970726, 38.117269, 38.267466, 37.05297, 37.427439, 36.979333, 36.885056, 37.084347, 37.151813, 37.10548, 37.278843, 37.189396, 36.9761, 37.189396, 36.768856, 37.189396, 37.317909, 37.189396, 37.085986, 37.057708, 36.935552, 37.016943, 36.986148, 37.32477, 36.862243, 36.85443, 37.189396, 37.228594, 37.189396, 37.241193, 37.160012, 37.436451, 37.456807, 37.137595, 37.225787, 36.812905, 37.050798, 37.189396, 
36.504586, 37.189396, 36.829052, 37.088746, 37.347791, 37.346241, 37.189396, 37.189396, 37.39324, 37.189396, 37.189396, 36.980556, 37.007399, 36.9707, 36.9634, 37.000199, 37.010322, 37.057575, 37.05297, 37.270543, 37.189396, 37.007916, 36.761702, 36.922902, 37.05297, 37.189396, 37.189396, 37.189396, 37.189396, 37.189396, 37.189396, 37.335545, 37.284042, 37.348541, 37.333941, 37.189396, 37.189396, 37.34964, 37.311042, 37.257643, 37.232244, 37.213624, 37.305714, 37.329641, 37.244426, 37.256743, 37.295092, 
37.326341, 37.369473, 37.316983, 37.307742, 37.289642, 37.38631, 37.405989, 37.37354, 37.412539, 37.299474, 37.269343, 37.189396, 37.255915, 37.226194, 37.388718, 37.178745, 37.189396, 37.330496, 37.189396, 37.187349, 37.189396, 37.216184, 37.189396, 37.189396, 37.189396, 37.189396, 37.189396, 37.189396, 37.189396, 37.189396, 37.189396, 37.189396, 37.189396, 37.189396, 37.189396, 37.189396, 37.189396, 37.189396, 37.189396, 37.189396, 37.189396, 37.672196, 37.958723, 37.954823, 37.974273, 37.962873, 
37.922024, 38.004172, 37.889849, 38.035499, 38.025086, 37.981073, 38.038906, 37.904777, 37.955474, 38.004922, 38.200193, 38.077, 38.087437, 38.282255, 38.208553, 38.183288, 38.229515, 38.205817, 37.942532, 38.110355, 37.959439, 37.882742, 38.356552, 38.186102, 37.889849, 38.018456, 38.162818, 38.12463, 37.889849, 38.132618, 38.300688, 38.26127, 38.146124, 38.325626, 38.192823, 38.256839, 38.075897, 38.145601, 38.114669, 38.192911, 38.421689, 38.377741, 38.154118, 37.889849, 37.889849, 37.953473, 
37.889849, 37.889849, 37.889849, 37.35115, 37.46994, 37.889849, 37.824554, 37.432168, 37.584282, 37.807938, 38.060956, 37.74614, 37.420143, 37.413659, 38.033541, 37.428227, 37.552329, 37.127525, 37.673629, 37.637531, 37.797806, 37.840248, 37.187494, 37.6194, 37.400932, 37.46336, 37.59471, 37.867243, 37.5596, 37.694235, 37.816876, 37.245423, 37.38025, 38.119056, 37.812815, 37.782332, 37.505484, 37.294648, 37.186872, 37.367315, 37.186872, 37.378234, 37.576262, 38.079632, 37.805371, 37.342056, 37.671778, 
37.626067, 37.60396, 37.60396, 37.644481, 37.673513, 37.704138, 37.667196, 37.622898, 37.312014, 37.776528, 37.477477, 38.275328, 37.297403, 37.742895, 37.731272, 37.708727, 37.521832, 37.995238, 37.991855, 37.986377, 37.322619, 38.184096, 37.728417, 37.72374, 37.889849, 37.957978, 37.48858, 37.60396, 37.523901, 38.055888, 37.609781, 37.645632, 37.539768, 37.400193, 37.699662, 37.60396, 37.76, 37.60396, 38.440111, 38.440061, 38.480494, 38.457611, 38.438161, 38.459575, 38.404991, 38.463088, 38.460594, 
39.216157, 38.717819, 39.026811, 38.463088, 39.670239, 39.213324, 38.424554, 39.365356, 38.562843, 38.956206, 39.037173, 38.971518, 38.795668, 38.835146, 39.240872, 39.825781, 39.761199, 38.449265, 38.347913, 39.103897, 38.313864, 39.00686, 38.495857, 39.43695, 38.494643, 38.710228, 38.367948, 39.03276, 38.434663, 38.813417, 38.509737, 38.614088, 38.955142, 38.506229, 38.939725, 38.414061, 39.051698, 39.745588, 39.268774, 38.911393, 39.090421, 38.996389, 39.311858, 38.791139, 38.471368, 39.173321, 
39.12558, 38.409993, 39.089273, 38.8, 38.898385, 39.383027, 39.285782, 38.522499, 38.393314, 38.325851, 38.277147, 38.654705, 39.131856, 39.154946, 39.172397, 38.464487, 38.463088, 39.727052, 39.451662, 38.54486, 39.19607, 38.916201, 38.725628, 40.793739, 40.814595, 40.757091, 40.169518, 40.325767, 38.692808, 40.881383, 40.963482, 40.867469, 40.878317, 40.822884, 40.907437, 40.413386, 40.877334, 40.489925, 41.782681, 41.852985, 40.733552, 40.561448, 40.725444, 41.892473, 40.583488, 40.0985, 41.888557, 
40.281369, 41.161505, 40.546202, 41.51823, 40.691578, 40.766645, 40.659753, 40.390478, 40.210793, 40.2959, 41.296122, 41.300573, 40.272963, 40.196116, 40.131417, 40.494813, 40.89197, 40.79348, 40.459978, 41.949739, 41.455226, 40.35983, 41.081726, 40.322683, 40.945039, 39.860285, 39.96266, 40.033316, 38.098737, 40.202464, 38.426602, 38.976837, 38.909605, 39.106287, 38.592155, 38.857328, 38.706727, 38.628371, 38.650335, 38.696912, 38.377411, 38.383366, 38.79829, 38.880294, 38.333568, 38.549256, 38.619545, 
38.546306, 38.689067, 38.427208, 38.695252, 38.639643, 38.421068, 38.35011, 38.727451, 38.744062, 38.654803, 38.527556, 38.672127, 39.033312, 38.267544, 38.839773, 38.930207, 38.919588, 38.634753, 38.830508, 38.317665, 38.367276, 38.346132, 38.161756, 38.359772, 38.463282, 38.851198, 38.688329, 38.902873, 38.817508, 38.817357, 38.666653, 38.678663, 38.463282, 38.558073, 38.54723, 38.87672, 38.868919, 38.676103, 38.731976, 38.682803, 38.859227, 38.811695, 38.40097, 38.529753, 38.724682, 38.8323, 38.480569, 
38.605355, 38.377411, 38.71203, 38.688069, 38.961976, 38.545656, 38.909351, 38.789165, 38.752434, 38.867147, 38.232898, 38.997612, 38.641158, 38.492811, 38.60766, 38.394464, 38.228976, 38.34401, 38.380528, 38.473857, 38.240477, 38.569193, 39.030716, 38.382367, 38.537434, 38.697238, 38.34896, 38.751038, 38.782731, 38.437001, 39.217668, 38.995732, 38.748112, 39.167276, 39.092062, 39.204434, 39.277658, 39.177026, 38.771209, 38.823996, 39.005098, 39.26599, 38.749713, 39.311156, 38.805745, 39.01004, 38.377411, 
38.607756, 38.377411, 38.743811, 38.768829, 38.195804, 38.35, 38.406432, 38.377411, 38.684324, 38.377411, 38.817993, 40.036998, 38.681254, 38.619545, 38.619545, 38.59, 38.377411, 38.377411, 38.580255, 38.611854, 38.571661, 38.551106, 38.556576, 38.568855, 38.535795, 38.623304, 38.51394, 38.477508, 38.518356, 38.594205, 38.550098, 38.566506, 38.484747, 38.476196, 38.498156, 38.494971, 38.464667, 38.616891, 38.642805, 38.664824, 38.707236, 38.700244, 38.641223, 38.377411, 38.66152, 38.687718, 38.716874, 
38.377411, 38.377411, 38.377411, 38.377411, 38.377411, 38.587805, 38.377411, 38.377411, 38.377411, 38.377411, 38.377411, 38.377411, 38.377411, 39.15973, 39.125997, 39.465229, 38.97159, 39.633265, 39.425854, 39.912222, 39.661519, 39.413477, 39.282171, 39.453457, 39.44223, 39.469943, 40.187554, 39.26599, 39.466279, 39.745973, 39.805255, 39.720955, 39.731406, 39.563522, 39.169245, 39.254875, 40.074042, 39.381883, 39.567001, 38.931025, 39.624259, 39.535446, 39.585648, 39.51642, 40.044865, 39.605289, 
39.545514, 39.202725, 39.207828, 40.144573, 39.35217, 39.13255, 39.070128, 39.738889, 39.25209, 39.888074, 39.283329, 39.93935, 39.070323, 39.556251, 39.299405, 39.396152, 39.089929, 39.355688, 39.760968, 39.558586, 39.491076, 39.723898, 39.434644, 39.750422, 39.415041, 39.957324, 39.441356, 39.793465, 39.496465, 39.224179, 39.723898, 39.19322, 39.904478, 39.331444, 39.918503, 39.584801, 39.16855, 40.06686, 40.017767, 39.340422, 39.139543, 39.499754, 39.114138, 39.020133, 39.109272, 40.56816, 40.539302, 
40.641389, 41.190742, 40.45453, 40.732501, 41.119727, 40.723792, 41.027553, 40.926289, 41.32211, 41.425912, 40.929301, 41.109487, 40.682393, 40.289788, 39.918271, 40.360583, 41.963883, 40.606673, 41.221077, 41.414707, 41.056097, 39.861821, 41.228397, 41.615475, 40.736679, 41.441194, 40.039257, 41.53101, 41.604392, 41.82087, 40.788512, 40.524496, 41.925752, 40.639108, 40.472993, 40.850776, 40.709783, 41.831947, 40.939342, 40.743423, 40.446063, 41.285897, 40.041399, 41.114424, 41.263103, 41.790562, 
40.437443, 40.310324, 40.577799, 40.371043, 41.736424, 40.876184, 41.317771, 41.102891, 40.705474, 40.735153, 40.646417, 40.562648, 39.878018, 40.338253, 40.366349, 40.12517, 40.686639, 40.183837, 40.871548, 41.734832, 41.86235, 40.608728, 40.504853, 40.657893, 40.024337, 41.004651, 39.941595, 40.734483, 41.460403, 40.607134, 40.63446, 41.749249, 40.704337, 41.439363, 39.779486, 41.527226, 39.862832, 39.743835, 38.475853, 41.736074, 40.030098, 41.251918, 39.392752, 41.90749, 40.158794, 40.295652, 
41.688163, 41.268746, 40.446122, 39.663256, 41.021344, 38.76467, 40.169038, 39.801047, 40.800556, 39.663242, 39.598792, 39.560357, 40.446063, 40.34863, 39.772064, 40.474951, 40.921124, 38.651141, 41.874847, 40.02349, 40.283378, 40.290007, 39.223151, 39.093271, 39.037696, 39.241961, 39.177383, 39.180983, 39.243877, 38.908741, 38.90392, 38.927149, 38.87529, 38.844909, 38.935245, 38.934409, 38.898142, 39.3781, 39.339574, 39.26599, 39.320012, NA, NA, NA, NA, NA, NA, NA, NA, NA, NA, NA, NA, NA, NA, NA, 
NA, NA, 40.385673, NA, NA, NA, NA, NA, NA, NA, NA, NA, NA, NA, NA, NA, NA, NA, NA, NA, NA, NA, NA, NA, NA, NA, NA, NA, NA, NA, NA, NA, NA, NA, NA, NA, NA, NA, NA, NA, NA, NA, NA, NA, NA, NA, NA, NA, NA, 21.703, NA, 19.112099, NA, NA, NA, NA, NA, NA, NA, 19.44707, NA, NA, NA, NA, NA, NA, NA, NA, NA, 21.41345, NA, NA, NA, NA, NA, NA, NA, NA, NA, NA, NA, NA, NA, NA, NA, NA, NA, NA, NA, NA, NA, NA, NA, NA, NA, NA, NA, NA, NA, NA, NA, NA, NA, NA, NA, NA, NA, NA, NA, NA, NA, NA, NA, NA, NA, NA, NA, NA, 
NA, NA, NA, NA, NA, NA, NA, NA, NA, NA, NA, NA, NA, NA, NA, NA, NA, NA, NA, NA, NA, NA, NA, NA, NA, NA, NA, NA, NA, NA, NA, NA, NA, NA, NA, NA, NA, NA, NA, NA, NA, NA, NA, NA, NA, NA, NA, 21.389167, 22.148133, 19.307543, 21.910767, 21.338055, 21.345535, 20.899634, 23.573339, 19.857045, 21.630633, 20.739217, 22.208401, 21.979991, 21.917153, 21.60625, 19.435739, 20.241109, 19.713562, 19.593456, 22.223635, 19.410727, 19.278298, 20.089087, 19.866007, 21.168775, 21.554467, 21.68762, 20.883951, 20.866638, 
21.3949, 19.101978, 19.947774, 19.593456, 19.675386, 21.999721, 21.191665, 20.040191, 21.501854, 19.593456, 22.077472, 21.920292, 21.111246, 19.625495, 19.526845, 22.111837, 21.97313, 20.771418, 22.212733, 20.222668, 21.910013, 21.156174, 21.4603, 19.5604, 20.913335, 21.6485, 20.823607, 19.983584, 21.930922, 21.98081, 20.866638, 20.865115, 21.946244, 21.15058, 19.516132, 19.110687, 19.942301, 19.996769, 19.593456, 20.022513, 19.226749, 19.494625, 20.906999, 19.946758, 19.800318, 21.408333, 19.843259, 
20.866638, 19.447717, 21.501722, 20.855864, 21.459206, 20.724391, 21.572131, 21.434246, 20.889294, 21.33743, 21.997746, 21.403487, -7.209975, 24.859832, 24.859832, 24.859832, 24.859832, 24.859832, 24.859832, 24.859832, 24.859832, 24.859832, 24.859832, 24.859832, 24.859832, 21.313033, 21.300167, 21.2782, 21.284, 21.3307, 21.36425, 21.3452, 24.859832, 21.287967, 21.31275, 24.859832, 24.859832, 21.2946, 21.2951, 24.859832, 24.859832, 24.859832, 24.859832, 24.859832, 24.859832, 24.859832, 24.859832, 
24.859832, 24.859832, 24.859832, 24.859832, 24.859832, 24.859832, 24.859832, 24.859832, 24.859832, 24.859832, 24.859832, 24.859832, 24.859832, 24.859832, 24.859832, 24.859832, 24.859832, 24.859832, 21.3017, 21.439867, 19.433152, 24.859832, 13.47, 13.51, 13.46, 13.38, 13.26, 13.27, 13.46, 13.46, 13.43, 13.38, 13.53, 13.48, 13.47, 7.51, 7.5, 6.85, 7.33, 9.5, 5.29, 15.17, 14.15, 15, 7.11, 8.78, 44.904051, 45.234609, 45.255392, 45.49106, 45.517695, 45.469079, 45.46059, 45.428663, 45.582981, 45.371086, 
45.247004, 45.655523, 45.416785, 46.078338, 45.181819, 45.891952, 45.514515, 45.224154, 45.430024, 45.349244, 45.267354, 45.542239, 45.10649, 45.385642, 45.305113, 45.335199, 45.507752, 45.673147, 45.183167, 45.195235, 45.40765, 45.41387, 45.173284, 45.093643, 45.10799, 45.479419, 45.636848, 45.503224, 45.21307, 45.643738, 45.344246, 46.054948, 45.369468, 45.693219, 45.862489, 45.821358, 45.946314, 45.375143, 45.778892, 45.263301, 45.594257, 45.529551, 45.373991, 45.262423, 45.862577, 45.585405, 
45.333824, 45.361991, 45.308105, 45.144415, 45.548616, 45.548616, 45.548616, 45.451976, 45.481342, 45.44, 45.42, 45.100504, 45.819042, 46.155007, 45.546914, 45.644591, 45.534203, 45.284763, 45.729085, 45.894287, 45.287751, 45.257176, 45.515181, 45.211339, 45.272559, 45.541009, 45.622824, 45.561139, 45.43957, 46.187903, 45.187837, 45.491024, 45.545841, 45.662196, 45.2455, 45.210104, 45.720836, 45.715015, 45.310304, 45.65749, 45.461852, 45.201302, 45.620062, 45.215261, 45.926112, 45.352086, 45.459109, 
45.438112, 45.744404, 45.868839, 46.136322, 45.688054, 45.352399, 45.101518, 45.354615, 45.49894, 45.481791, 45.589689, 45.51854, 45.52054, 45.482341, 45.480324, 45.532165, 45.52889, 45.534839, 45.56544, 45.54424, 45.53704, 45.51379, 45.514241, 45.515674, 45.574439, 45.56099, 45.45867, 45.546205, 45.49759, 45.442634, 45.43884, 45.406292, 45.497856, 45.484854, 45.543831, 45.580557, 45.540967, 45.539473, 45.651279, 45.52874, 45.513242, 45.474722, 45.580557, 45.488031, 45.580557, 45.580557, 45.580557, 
45.580557, 45.596678, 45.580557, 45.580557, 42.421567, 45.580557, 45.580557, 42.577154, 45.478641, 45.408882, 45.173284, 45.173284, 45.580557, 45.580557, 45.580557, 45.548616, 45.580557, 45.580557, 45.580557, 45.580557, 45.548616, 45.580557, 45.580557, 45.580557, 45.580557, 45.548616, 45.580557, 44.926644, 44.906492, 44.984008, 44.970181, 44.995029, 44.858446, 44.984465, 44.984465, 44.984465, 44.927141, 44.943841, 44.936357, 44.984941, 44.965541, 44.9, 44.635395, 44.62205, 44.369264, 44.838001, 44.637701, 
44.390881, 44.400432, 44.608694, 44.565648, 44.52789, 44.634439, 44.359301, 44.920815, 44.49893, 44.821446, 44.727388, 44.643659, 44.865209, 44.407794, 44.754247, 45.060436, 44.381732, 44.696507, 44.849012, 44.736025, 44.527304, 44.745464, 44.794701, 44.984465, 44.75067, 44.789252, 45.067719, 44.997061, 44.649252, 44.567998, 44.950573, 45.009935, 44.758819, 44.578526, 44.964115, 44.659979, 44.984465, 44.702164, 45.004218, 44.505655, 44.46448, 45.089532, 44.738154, 45.003489, 44.798379, 44.790267, 
44.850245, 44.391863, 44.885, 44.538801, 44.309872, 44.626888, 44.807739, 44.424255, 45.140178, 44.06092, 44.062231, 44.03858, 44.101227, 44.004396, 42.625928, 43.246918, 44.122004, 44.127631, 42.790958, 43.113799, 44.196459, 44.178746, 42.977978, 42.098285, 43.054446, 42.934754, 44.181193, 43.357357, 43.187219, 43.77182, 43.472276, 43.911542, 43.685176, 43.745797, 42.971648, 44.164325, 43.892577, 43.113502, 43.740859, 43.703855, 43.647537, 44.099732, 43.958389, 44.009099, 43.863845, 43.760271, 42.771195, 
43.242312, 42.451203, 44.278808, 43.333008, 44.204189, 43.58119, 42.915024, 43.80135, 43.864671, 44.018992, 44.227201, 43.960764, 44.333016, 43.042614, 43.075356, 43.434529, 43.138755, 44.099562, 43.443648, 43.747181, 42.739889, 42.746529, 42.873137, 43.68516, 43.138755, 42.935498, 43.227287, 43.24, 43.863845, 43.669352, 44.05, 42.813437, 44.061057, 44.070824, 43.397697, 44.127179, 43.098515, 43.863845, 42.879291, 43.38382, 44.023225, 44.112618, 44.131706, 44.004968, 42.609252, 43.756923, 43.905878, 
43.32843, 43.333141, 43.094626, 42.676455, 44.326381, 43.593788, 42.313498, 42.387399, 42.471919, 42.334496, 42.169751, 42.530663, 42.139958, 42.484283, 42.432422, 42.4631, 42.405162, 42.396421, 42.224913, 42.208018, 42.542134, 42.308007, 42.055397, 42.270808, 42.780226, 42.528269, 42.259678, 42.612422, 42.227162, 42.713888, 42.365473, 42.155392, 44.996054, 45.487784, 42.282428, 42.804981, 42.169323, 43.023645, 42.227477, 42.476579, 42.334534, 42.202475, 42.606472, 42.330162, 42.686498, 42.086887, 
42.199446, 44.855049, 42.026248, 42.025618, 42.129926, 41.924974, 42.693563, 42.543512, 43.189402, 42.440695, 42.961806, 43.256842, 44.091256, 44.020483, 43.84783, 44.001834, 44.001834, 42.130152, 44.738812, 43.785416, 43.600795, 43.036496, 42.965788, 44.46723, 43.189824, 43.40878, 43.437958, 44.498302, 43.331581, 42.727146, 43.521016, 43.471016, 43.692251, 43.019785, 44.64079, 44.611941, 44.113537, 44.119652, 44.229401, 44.238306, 44.272796, 43.547855, 44.322689, 44.384155, 44.814466, 43.276877, 
45.665146, 45.719133, 45.57852, 45.81667, 44.796517, 44.705882, 45.816575, 44.489628, 44.335525, 45.683276, 45.232817, 45.331655, 44.474491, 45.720228, 45.564451, 45.547098, 44.978549, 44.477794, 44.930122, 44.919974, 45.866696, 45.343509, 44.499533, 45.846442, 45.512792, 44.973266, 45.463939, 45.479993, 45.493783, 45.886463, 44.408646, 45.336407, 44.675475, 45.32627, 44.743532, 45.464512, 45.529778, 45.438822, 45.938511, 44.811965, 44.421744, 45.048141, 45.402303, 44.441241, 44.798064, 44.947425, 
44.138142, 44.741727, 45.786324, 45.52535, 44.744446, 45.085144, 45.915993, 45.201699, 44.471344, 45.568843, 45.800879, 43.661247, 42.915641, 44.187379, 43.834833, 44.578393, 43.875636, 44.410083, 44.30411, 44.207973, 42.749306, 43.722896, 43.909576, 44.057074, 43.509919, 44.029403, 44.032437, 47.303722, 47.304221, 47.311072, 47.618371, 47.611021, 47.562975, 47.610935, 47.609222, 47.432251, 47.317802, 47.751471, 47.84311, 47.432251, 47.648232, 47.432251, 47.7353, 47.803668, 47.790653, 47.193729, 
47.309021, 47.565642, 47.430704, 47.821568, 47.522828, 47.75287, 47.572401, 47.369098, 47.388461, 47.388254, 47.67903, 47.71828, 47.432251, 47.808816, 47.848237, 47.381989, 47.626571, 47.569271, 47.432251, 47.363382, 47.790969, 47.483057, 48.037258, 47.26619, 47.536015, 47.359414, 47.677471, 47.640972, 47.432251, 47.467422, 47.510739, 47.432251, 47.448322, 47.493031, 47.432251, 47.680763, 47.432251, 47.432251, 47.432251, 47.530639, 47.617634, 47.397811, 47.416198, 47.432251, 47.758786, 47.432251, 
47.625364, 47.584879, 47.75, 47.432251, 47.432251, 47.85, 47.38, 47.297285, 47.311041, 47.61067, 47.63287, 47.671346, 47.60252, 47.66377, 47.53282, 47.66747, 47.546188, 47.630648, 47.65526, 47.432251, 47.629653, 47.763669, 47.432251, 47.68382, 47.57487, 47.685919, 47.543348, 47.63877, 47.61487, 47.61157, 47.432251, 47.716648, 47.54687, 47.61, 47.432251, 47.432251, 47.432251, 47.432251, 47.733852, 47.57867, 47.538887, 47.432251, 47.61, 47.432251, 47.61, 47.58577, 47.432251, 47.501753, 47.443756, 47.432251, 
47.432251, 47.60632, 47.753019, 47.432251, 47.432251, 47.432251, 47.606139, 47.61, 47.458821, 47.491327, 47.61, 47.432251, 47.604718, 47.61, 47.740886, 47.497971, 47.432251, 47.432251, 47.432251, 47.450321, 47.42, 47.432251, 47.432251, 47.61, 47.432251, 47.397521, 47.64767, 47.986274, 47.943468, 47.90296, 47.993436, 47.859918, 48.037258, 47.893451, 47.97, 48.681582, 48.495234, 48.586563, 48.203856, 47.763755, 48.747578, 48.759079, 48.814753, 48.814753, 48.725417, 48.961443, 48.814753, 48.559548, 
48.486892, 48.461672, 47.962134, 48.497601, 48.337796, 48.204162, 48.931679, 48.265483, 48.612763, 48.841442, 48.672312, 48.558127, 48.900256, 48.852655, 48.029176, 48.55113, 47.851713, 48.070852, 48.085852, 48.525461, 47.84138, 48.393063, 48.028355, 48.037258, 48.030555, 48.481655, 48.699642, 48.534462, 48.943476, 48.853213, 48.499159, 48.061269, 48.093129, 47.860245, 48.414576, 48.371026, 47.916148, 48.834208, 48.303774, 48.310127, 48.63205, 48.594255, 48.99201, 48.185511, 48.509814, 48.518653, 
48.575362, 48.037258, 47.658047, 47.930902, 47.909511, 48.222046, 47.870275, 47.86527, 48.971298, 47.846083, 48.701835, 47.16438, 46.75523, 48.066605, 47.58675, 47.629717, 47.564437, 47.559317, 47.720777, 47.741268, 47.705616, 47.155649, 47.687971, 47.035525, 48.18315, 47.974586, 48.181608, 47.088719, 46.884733, 47.378121, 46.761546, 47.838423, 47.364321, 47.244053, 47.301252, 46.53619, 47.569167, 47.028423, 48.036882, 47.910628, 47.74878, 48.18315, 46.989916, 47.702342, 47.807359, 47.066193, 47.268551, 
47.905815, 47.200168, 47.066193, 47.553289, 47.248208, 46.711036, 46.562676, 48.35306, 48.058323, 47.43025, 47.039607, 46.580048, 48.097144, 48.102836, 47.854503, 47.907561, 47.53587, 47.470971, 48.100255, 47.743302, 47.196272, 47.198591, 47.147862, 47.140045, 47.112477, 47.826111, 46.525156, 47.687971, 47.596122, 48.283826, 48.079979, 47.667257, 47.521803, 47.138345, 47.51037, 47.077796, 47.164965, 47.137872, 47.196364, 47.18, 47.735065, 47.626717, 47.336226, 47.266017, 47.106024, 47.066193, 47.066193, 
47.253671, 47.247671, 47.263971, 47.212421, 47.248953, 47.26302, 47.28392, 47.209021, 47.208987, 47.066193, 47.066193, 47.066193, 47.066193, 47.264577, 47.24, 47.066193, 47.19, 47.250681, 47.296007, 47.242186, 47.066193, 47.066193, 47.080682, 47.066193, 47.151297, 47.12562, 47.308061, 47.202874, 47.153571, 47.148269, 47.1309, 47.066193, 47.136544, 47.066193, 47.066193, 47.066193, 47.066193, 47.247735, 47.230402, 47.203946, 46.843337, 47.066193, 47.066193, 47.066193, 47.140655, 47.2, 47.066193, 47.066193, 
47.066193, 47.17, 47.066193, 47.16062, 47.16632, 46.985519, 47.014718, 47.071484, 47.027082, 46.978118, 47.065404, 47.069339, 46.978118, 46.978118, 46.978118, 46.95, 46.969793, 47.00581, 47.085046, 46.972965, 46.571323, 47.374343, 47.463965, 46.630051, 47.445292, 46.797382, 46.728383, 46.630721, 46.588026, 47.118566, 47.179475, 46.899189, 46.483547, 46.637787, 46.978118, 47.03575, 46.532624, 46.734909, 47.321442, 46.781978, 47.446725, 47.026913, 47.355226, 46.561375, 47.521614, 46.902376, 47.054419, 
46.955863, 46.959091, 47.26332, 46.514625, 47.254009, 47.034615, 46.50494, 46.580105, 47.387674, 46.84066, 46.983877, 46.593526, 47.216861, 46.569107, 47.489864, 46.871178, 46.668744, 46.814438, 46.954282, 46.373347, 46.513653, 47.002178, 47.224044, 46.528282, 46.560786, 47.32251, 47.433993, 46.857968, 46.737458, 46.433226, 47.33179, 46.40521, 46.887187, 46.493247, 46.893352, 46.978118, 45.935656, 45.844123, 46.001752, 45.791345, 45.719294, 45.73451, 45.60916, 46.071482, 45.801513, 46.308371, 46.208318, 
45.722786, 46.282397, 46.06517, 45.632051, 46.018228, 45.846697, 46.348706, 45.801586, 45.807631, 46.312541, 46.015873, 46.150433, 45.82786, 45.8768, 46.365773, 46.156082, 45.726451, 46.514625, 46.370075, 45.650041, 46.501781, 46.554, 45.795825, 46.302905, 46.332077, 46.318482, 46.296658, 45.669604, 46.352771, 45.981582, 45.730656, 45.694098, 45.678557, 45.652255, 45.63873, 45.671806, 45.647667, 45.62104, 45.681271, 45.801586, 45.801586, 45.801586, 45.859065, 45.594465, 45.786727, 45.661878, 45.928662, 
45.843674, 45.67309, 45.604075, 45.627459, 45.709555, 45.712623, 45.801586, 47.185462, 47.425497, 47.436898, 47.905787, 47.737028, 48.112268, 47.999618, 48.231421, 47.522546, 47.880774, 47.79955, 48.559477, 47.541723, 47.782158, 47.297368, 47.079243, 47.728186, 48.885618, 47.333821, 48.267188, 47.880616, 47.915227, 47.290624, 48.634796, 48.138528, 47.481133, 47.133606, 48.343356, 48.403174, 47.745842, 48.9332, 47.466573, 48.03925, 47.552462, 47.18227, 48.528793, 47.360902, 47.400024, 48.494944, 47.417461, 
48.689509, 48.359904, 46.970666, 47.63205, 48.810894, 47.458634, 48.488543, 46.616199, 46.595248, 46.550348, 46.56451, 46.628757, 46.605303, 46.637538, 46.56451, 46.421218, 47.19377, 46.662006, 47.3042, 47.009726, 46.915735, 46.260129, 46.345166, 46.406875, 46.984565, 46.177732, 46.540842, 46.71207, 46.364164, 46.56451, 47.33394, 47.224876, 46.726395, 47.186592, 46.342102, 47.087352, 46.707735, 46.35653, 46.880413, 46.457731, 46.377579, 46.418933, 47.221837, 47.642922, 47.921687, 47.466974, 47.844289, 
47.966471, 47.50505, 48.041663, 47.595572, 47.383651, 47.889348, 47.55988, 47.653568, 47.648693, 47.197445, 47.277842, 47.656171, 47.563191, 47.81108, 47.583754, 47.554592, 47.751434, 47.801194, 47.703698, 47.693129, 47.463725, 47.432691, 47.273264, 47.222328, 47.858074, 47.52507, 47.643346, 47.329704, 47.863857, 47.951939, 48.305861, 46.793604, 47.721863, 47.079345, 46.866805, 48.84269, 48.269784, 48.012084, 46.875136, 46.577614, 48.658512, 47.646132, 47.995847, 47.757764, 48.890892, 48.504786, 
48.977629, 47.671143, 47.907923, 47.998468, 46.941628, 48.733324, 46.838747, 47.091551, 48.003202, 46.983768, 48.290089, 47.947097, 47.460312, 47.641983, 46.669207, 48.174649, 48.207661, 48.736168, 48.080515, 48.690209, 46.792982, 47.60894, 48.92816, 47.60894, 48.102048, 47.227436, 48.810879, 48.664206, 48.858688, 48.858518, 47.376884, 48.17266, 48.159752, 48.897876, 47.136249, 47.338736, 48.86407, 46.905132, 46.732705, 46.838747, 46.838747, 48.657684, 48.406582, 47.107228, 47.240334, 47.11653, 48.030848, 
46.838747, 47.117965, 46.516794, 48.295497, 48.144634, 47.756616, 47.663945, 47.656692, 47.629091, 47.648941, 47.69399, 47.646994, 47.693741, 47.740491, 47.646148, 47.653568, 47.653568, 47.668926, 47.656726, 47.653568, 47.653568, 47.665819, 47.707542, 47.751674, 47.653568, 47.653568, 47.614744, 47.632573, 47.653568, 47.653568, 47.653568, 47.653568, 47.653568, 47.653568, 47.653568, 46.270249, 46.234957, 46.731046, 46.68039, 46.263399, 46.834349, 45.963054, 46.191158, 46.044936, 46.675704, 46.828931, 
46.319087, 46.138753, 46.467186, 46.776386, 46.838747, 46.648121, 46.210957, 46.169982, 46.192356, 46.912194, 46.581454, 46.843397, 45.922025, 45.960734, 46.44754, 46.408852, 46.726526, 46.208571, 46.279657, 46.297139, 46.35, 45.816528, 46.922079, 46.523206, 46.059286, 46.209202, 45.986775, 46.059013, 46.782783, 46.086657, 46.230508, 46.400365, 61.216799, 61.153693, 61.19026, 61.204466, 61.261518, 61.224384, 61.154834, 61.203953, 61.108864, 61.144568, 61.068324, 61.203954, 61.214877, 61.108864, 61.122943, 
61.101142, 61.188276, 61.156565, 61.108864, 61.108864, 61.108864, 61.108864, 61.108864, 61.108864, 61.18, 61.26, 46.216706, 60.973454, 60.78, 51.87957, 52.227555, 56.252156, 56.946256, 57.867089, 60.88981, 60.911865, 54.098693, 62.683391, 59.269535, 59.798363, 61.570981, 62.632905, 60.766603, 60.143735, 61.527953, 56.298297, 56.307535, 61.555701, 61.413717, 60.23458, 58.83256, 55.315003, 60.484146, 61.832347, 60.474512, 61.859821, 59.068709, 61.310222, 60.214239, 58.217621, 59.360233, 62.729019, 
54.849999, 65.226375, 61.878073, 62.667589, 60.952049, 62.12042, 59.125873, 62.90813, 56.605546, 61.187188, 62.198048, 59.665074, 61.52898, 60.911003, 59.748806, 61.535511, 57.578081, 60.873178, 60.318451, 60.587598, 55.063736, 58.687446, 59.937619, 57.74663, 58.268704, 62.945434, 60.810509, 59.870295, 61.61, 57.529161, 59.116273, 61.518175, 62.94914, 58.981087, 61.58, 60.364246, 60.499602, 62.090075, 58.745436, 60.695049, 60.784804, 59.452339, 60.532936, 52.785684, 59.992821, 59.971286, 60.898967, 
57.19926, 57.929664, 61.598203, 61.586896, 59.781241, 55.91076, 57.508178, 61.93605, 59.00689, 61.556311, 60.102331, 61.580187, 59.754016, 61.810587, 61.785228, 62.048263, 63.477448, 57.130894, 55.311735, 61.783788, 59.422698, 60.151652, 62.655998, 62.495675, 61.898872, 61.683931, 60.489536, 58.71163, 63.511893, 60.532394, 61.751348, 62.969642, 62.298254, 60.863764, 59.101934, 61.102912, 60.343879, 60.582127, 61.067777, 62.415294, 63.882081, 53.872017, 61.128176, 61.391728, 61.796774, 59.538728, 
60.527618, 62.999213, 53.883729, 60.639257, 61.629635, 61.402544, 57.564289, 60.516935, 64.83507, 64.661627, 64.827164, 64.289856, 64.777233, 64.852055, 64.699839, 64.947462, 64.854937, 64.948648, 64.826445, 64.926041, 64.464105, 64.874591, 66.557586, 68.148216, 68.121828, 71.299525, 66.359719, 64.842326, 66.917381, 65.979144, 63.255516, 65.551022, 64.04, 64.070738, 65.796306, 66.693255, 66.075713, 63.978355, 64.778099, 64.620513, 66.566652, 64.739082, 63.776098, 64.010218, 64.349263, 66.044094, 
65.701858, 70.13346, 64.324887, 66.97172, 67.733313, 66.908604, 66.897192, 64.932225, 64.881745, 63.657441, 65.021337, 63.893902, 65.152583, 69.741023, 64.560888, 67.572031, 64.532616, 66.83713, 62.980725, 64.730035, 68.347052, 65.507883, 64.737306, 63.686038, 66.597998, 64.343258, 66.259417, 66.887401, 66.005296, 64.860846, 63.376206, 65.172029, 65.250432, 63.135294, 63.341767, 67.015569, 70.640902, 65.612116, 64.684323, 65.342744, 67.083658, 66.653222, 70.215197, 64.856055, 70.477663, 58.358599, 
58.405657, 58.377074, 58.38348, 58.28, 57.48765, 58.449413, 58.276192, 58.068878, 58.434052, 59.279037, 58.109608, 56.975011, 57.959709, 56.784206, 57.064376, 56.53595, 59.465159, 57.777622, 58.411303, 55.368644, 55.742045, 56.009124, 55.677232, 55.456449, 55.209339, 55.941442, 55.555164, 55.123897, 56.337957, 55.395359, 56.409507, 55.875767)
c(-71.013202, -71.013202, -71.013202, -71.013202, -71.013202, -71.013202, -72.637078, -72.637078, -66.74947, -67.18024, -67.13422, -67.13699, -67.141486, -66.9588, -66.104657, -66.273278, -67.13604, -66.80217, -66.69879, -66.732732, -66.674506, -66.061459, -66.67669, -66.55575, -66.305827, -67.16745, -67.15222, -66.72602, -66.039087, -66.037318, -66.85644, -66.85174, -66.183467, -66.177083, -65.646529, -67.039706, -66.94864, -66.49835, -66.158728, -66.359104, -66.70519, -66.315194, -66.55218, -65.304732, 
-66.27689, -66.93993, -65.656182, -66.56773, -66.61217, -66.90097, -66.117219, -66.116795, -66.79168, -65.973605, -66.80039, -67.12085, -65.826595, -67.01973, -66.59243, -66.502103, -65.921356, -67.04226, -66.87503, -66.97604, -65.869939, -66.48697, -67.08424, -67.23675, -66.93275, -67.12655, -67.508068, -67.15428, -67.04524, -66.98104, -66.41528, -66.61348, -67.09867, -66.33186, -66.3921, -66.398302, -66.85587, -66.12827, -66.22291, -66.26541, -65.91018, -66.05552, -66.55868, -66.59965, -66.61374, 
-65.74293, -66.25098, -66.42265, -65.778288, -66.0131, -66.04502, -66.058033, -66.03, -66.65218, -65.89089, -66.61727, -66.61192, -66.613742, -66.619165, -66.643934, -65.65987, -66.15377, -66.139274, -65.66116, -66.16271, -65.62761, -65.75765, -65.594769, -65.743058, -65.82277, -66.952589, -65.652484, -66.26534, -67.097726, -65.96831, -66.39457, -66.702364, -66.324284, -66.399836, -66.397138, -65.45603, -66.48208, -65.89703, -66.856181, -66.3611, -65.87088, -65.87605, -65.72133, -65.29257, -65.91316, 
-65.97791, -66.55939, -66.2267, -66.32305, -66.12779, -66.795603, -66.268717, -65.82269, -65.788499, -66.31058, -66.50289, -64.963715, -64.963715, -64.963715, -64.963715, -64.963715, -64.734694, -64.734694, -64.734694, -64.734694, -64.734694, -64.740737, -64.740737, -64.734694, -64.734694, -64.734694, -64.734694, -66.10786, -66.060533, -66.10079, -66.07798, -66.060533, -66.06764, -66.060533, -66.0577, -66.05928, -66.04256, -66.060533, -66.04888, -66.060533, -66.0513, -66.06494, -66.060533, -66.09069, 
-66.08633, -66.060533, -66.03806, -66.01194, -66.05028, -66.0562, -66.06867, -66.060533, -66.060533, -66.060533, -66.060533, -66.060533, -66.12198, -66.060533, -66.060533, -66.060533, -66.060533, -66.060533, -66.060533, -66.2042, -66.196503, -66.196503, -66.18014, -66.23414, -66.258108, -66.060533, -66.16643, -66.18669, -66.166014, -66.15943, -66.166014, -66.16033, -66.13847, -66.139293, -66.11703, -66.11522, -66.1025, -66.10889, -66.112295, -66.11876, -66.060533, -66.00561, -65.990099, -65.990099, 
-66.0127, -66.060533, -65.99313, -65.97582, -65.972495, -65.94691, -65.972495, -65.96275, -65.972495, -72.62029, -72.50323, -72.63599, -72.513183, -72.10443, -72.411, -72.94828, -72.340486, -72.20552, -73.01958, -72.84356, -72.60316, -72.604842, -72.57265, -72.604842, -72.55606, -72.91813, -72.68677, -72.5102, -73.04204, -72.67248, -72.18833, -72.81551, -72.51831, -72.94464, -72.5733, -72.41735, -72.19524, -72.60832, -72.69259, -72.6242, -72.604842, -72.87942, -72.70206, -72.49879, -72.47068, -72.317, 
-72.63599, -72.63561, -72.63599, -72.67915, -72.640234, -72.633901, -72.04413, -72.32646, -72.91661, -72.85153, -72.42208, -72.72777, -72.149388, -72.58243, -72.76966, -72.329574, -72.36518, -72.22517, -72.26067, -72.20259, -72.89043, -72.75029, -72.847964, -72.6321, -72.64066, -72.604842, -72.23904, -72.652511, -72.140846, -72.44057, -72.78271, -72.845912, -72.93871, -72.604842, -72.604842, -72.59112, -72.57338, -72.5798, -72.5712, -72.6061, -72.55523, -72.55031, -72.604842, -72.604842, -72.591633, 
-72.604842, -72.5291, -72.50932, -72.48857, -72.4896, -72.604842, -72.604842, -72.604842, -72.59151, -72.50531, -72.604842, -72.58, -72.604983, -73.254, -73.228483, -73.228483, -73.11842, -73.32177, -73.09335, -73.228483, -73.1653, -73.11547, -73.092852, -73.343545, -73.35249, -73.298131, -73.09278, -73.36236, -73.24364, -73.2327, -73.27683, -73.24599, -73.010448, -73.20312, -73.20849, -73.10145, -73.446234, -73.10205, -73.36336, -73.12444, -73.01123, -73.36591, -73.45734, -73.24674, -73.313274, 
-73.31423, -73.228483, -73.20394, -73.36407, -73.22355, -73.116127, -72.60098, -72.624164, -72.81116, -72.20836, -72.55569, -72.802, -72.87939, -72.73104, -72.70403, -72.6091, -72.986231, -72.41396, -72.80494, -72.518104, -72.50525, -72.97629, -72.52522, -72.624164, -72.33345, -72.45649, -72.29263, -72.21226, -72.90962, -72.16999, -72.624164, -72.72754, -72.62452, -72.798742, -72.56302, -72.54438, -72.32729, -72.41724, -72.36314, -72.593626, -71.80338, -71.585753, -71.93287, -71.8137, -71.59136, 
-71.61, -72.08021, -72.03498, -71.99183, -71.896868, -71.55722, -71.5888, -71.99654, -71.75358, -71.49085, -71.72051, -71.5929, -71.64555, -71.62412, -72.06824, -71.69204, -71.459405, -71.459405, -71.459405, -71.9021, -71.74578, -72.0467, -71.896868, -71.83843, -71.62665, -71.52999, -71.73026, -72.09787, -71.96961, -72.079455, -71.896868, -71.68482, -72.05311, -71.72887, -71.896868, -72.12393, -71.68771, -71.84434, -72.16137, -71.87418, -71.67946, -71.91908, -71.896868, -71.896868, -71.76272, -71.57798, 
-72.12248, -71.64692, -71.64376, -72.07823, -71.70523, -71.88989, -71.896868, -71.8657, -71.882, -71.90651, -71.96427, -71.72502, -71.896868, -72.03533, -71.69382, -71.686137, -71.99227, -71.77333, -72.08584, -71.60971, -71.62992, -71.86108, -71.9173, -71.896868, -71.61408, -71.896868, -71.787, -72.16734, -71.896868, -71.67225, -71.75121, -71.879415, -71.84482, -71.83776, -71.77459, -71.78846, -71.79531, -71.79501, -71.80173, -71.81348, -71.80793, -71.87139, -71.91929, -71.801971, -71.896868, -71.896868, 
-72.999433, -71.896868, -71.896868, -71.896868, -71.42344, -71.42161, -71.459405, -71.459405, -71.459405, -71.42721, -71.51244, -71.4422, -71.45886, -71.27504, -71.27556, -71.61266, -71.35084, -71.37478, -71.50468, -71.43797, -71.53662, -71.53418, -71.55791, -71.378157, -71.54753, -71.45594, -71.54474, -71.52149, -71.35368, -71.37202, -71.53369, -71.30316, -71.51086, -71.42989, -71.35643, -71.459405, -71.15206, -71.20008, -71.459405, -71.459405, -71.459405, -71.459405, -71.1513, -71.184202, -71.459405, 
-71.459405, -71.238175, -71.25054, -71.459405, -71.11087, -71.3544, -71.316, -71.50292, -71.07011, -71.122054, -71.11023, -70.98291, -71.02487, -71.08518, -71.16181, -71.16667, -70.879123, -71.16078, -71.17935, -71.11171, -71.30504, -71.33238, -71.29849, -71.459405, -71.33348, -71.303488, -71.00207, -71.2911, -71.39322, -71.0982, -71.459405, -71.459405, -71.10993, -71.22071, -71.41694, -71.07132, -70.879123, -71.43754, -71.17031, -71.459405, -71.109646, -71.14276, -70.879123, -70.946743, -70.94113, 
-70.879123, -70.96579, -70.97411, -71.0098, -70.90588, -70.92809, -70.974694, -70.93547, -70.8757, -71.00844, -70.92648, -70.94322, -70.77925, -70.67552, -70.879123, -70.879123, -70.879123, -70.84007, -71.02834, -70.76462, -70.86323, -70.873647, -71.01356, -70.86363, -70.86866, -70.86153, -70.96146, -70.879123, -70.825743, -70.61727, -70.90899, -70.8985, -70.879123, -70.86513, -70.94424, -70.87618, -70.97286, -70.701357, -71.47953, -70.643868, -71.1343, -70.81223, -71.16553, -71.08923, -71.453674, 
-71.28241, -71.200894, -71.21362, -71.24232, -71.4069, -70.701357, -70.649075, -70.88764, -70.701357, -70.87663, -70.69353, -71.2191, -70.69172, -70.734146, -71.30476, -71.42315, -71.36178, -70.701357, -71.32855, -70.701357, -70.701357, -70.8205, -71.20166, -70.651567, -70.7513, -71.17923, -71.08923, -71.27239, -71.10627, -71.25375, -71.286055, -71.20735, -71.34617, -71.026964, -70.919635, -70.919635, -70.919635, -70.919635, -71.073449, -70.919635, -71.06408, -71.05417, -71.05365, -71.06101, -70.919635, 
-71.05636, -71.06774, -71.09268, -71.07372, -70.919635, -71.07276, -71.08455, -71.09651, -71.08127, -71.05454, -70.919635, -71.07156, -71.05811, -71.09426, -71.04562, -71.0255, -71.06495, -71.11171, -71.13052, -71.1598, -70.919635, -71.13164, -71.15349, -71.12593, -70.919635, -71.12803, -71.10431, -71.12837, -71.08443, -71.08412, -71.09908, -71.12165, -71.09225, -71.088745, -71.08923, -71.06059, -71.0522, -71.03352, -71.00525, -70.97803, -71.459405, -71.2398, -71.10942, -71.459405, -71.185494, -71.188149, 
-71.191248, -71.459405, -71.459405, -71.25405, -71.12056, -71.459405, -71.459405, -71.243057, -71.169847, -71.459405, -70.99593, -71.01834, -71.02316, -71.177998, -71.459405, -71.167083, -71.459405, -71.06233, -71.459405, -71.459405, -71.459405, -71.09835, -71.27875, -70.99968, -71.08923, -71.07496, -71.08923, -70.95872, -70.93111, -70.94597, -70.94434, -71.08923, -71.459405, -71.225799, -71.459405, -70.919635, -71.08234, -70.919635, -71.061814, -71.060364, -70.919635, -71.053877, -70.919635, -70.919635, 
-70.919635, -70.919635, -71.04463, -70.919635, -71.459405, -71.10215, -70.919635, -70.919635, -71.06282, -71.06, -71.459405, -71.459405, -70.919635, -71.459405, -71.459405, -70.919635, -71.08923, -71.459405, -71.459405, -70.919635, -70.919635, -70.919635, -70.919635, -70.919635, -71.05, -71.03441, -71.00222, -70.701357, -70.701357, -70.701357, -71.04522, -70.97215, -70.972786, -70.827245, -70.7656, -70.701357, -70.70105, -70.95227, -71.132397, -70.931588, -70.85395, -70.85913, -70.81, -70.86205, 
-71.01037, -70.701357, -70.581029, -70.89406, -70.95973, -70.701357, -70.701357, -70.847486, -70.94787, -70.801331, -71.11309, -71.087091, -70.62642, -70.80426, -70.61999, -70.701357, -70.701357, -70.706774, -70.73827, -70.66088, -70.80452, -71.04912, -70.14021, -70.91189, -71.10191, -71.01878, -70.561051, -70.93734, -71.03459, -70.999339, -70.701357, -70.701357, -70.701357, -70.688251, -71.21619, -71.23553, -71.13933, -71.12141, -71.08923, -71.24771, -71.22153, -71.23563, -71.250479, -71.22, -71.459405, 
-71.08923, -71.18809, -71.193, -71.20907, -71.20822, -71.25761, -71.22046, -71.22677, -71.24735, -71.17314, -71.2319, -71.459405, -71.18196, -71.15635, -71.459405, -71.17761, -71.459405, -71.17471, -71.459405, -71.27649, -71.30336, -71.23388, -71.28831, -71.23154, -71.459405, -70.59764, -70.616, -70.75145, -70.5614, -70.43754, -70.64881, -70.52453, -70.61968, -70.308662, -70.52456, -70.66505, -70.504349, -70.558023, -70.643092, -70.608047, -70.09089, -70.63036, -70.560032, -70.65956, -70.61706, -70.533664, 
-70.519584, -70.48866, -70.015545, -70.308662, -70.530852, -70.60872, -70.71059, -70.643092, -70.638189, -70.66376, -70.75783, -70.046019, -70.66351, -70.2895, -70.433279, -70.29568, -70.07773, -70.34658, -69.97746, -70.308662, -70.44317, -70.308662, -70.277212, -70.19183, -70.13348, -70.20467, -69.98921, -69.962034, -70.51211, -70.05679, -70.07419, -70.30435, -70.4168, -70.48754, -69.96958, -69.98176, -70.07938, -69.97312, -69.987203, -70.38693, -70.18947, -70.02495, -70.16165, -70.0396, -69.984123, 
-70.076776, -70.19797, -70.05427, -70.01484, -70.37048, -69.99494, -70.17089, -70.11152, -70.31962, -70.23726, -70.22395, -71.06446, -71.31456, -71.067062, -70.8954, -71.067062, -71.13633, -70.95332, -71.01827, -70.8814, -71.13986, -71.15425, -71.067062, -71.13234, -71.17436, -71.17482, -71.14894, -71.113582, -70.75086, -70.80087, -70.93752, -71.067062, -70.956346, -70.91019, -70.91453, -70.93264, -70.93347, -70.99076, -70.9494, -71.33086, -71.067062, -71.32392, -71.31024, -71.15125, -71.1854, -71.04905, 
-71.067062, -71.26115, -70.83848, -71.32343, -71.21433, -71.07799, -71.10288, -71.069344, -71.067062, -71.457592, -71.08904, -71.085137, -71.284066, -71.462053, -71.78101, -71.711713, -71.32031, -71.58358, -71.74785, -71.26866, -71.66408, -71.66813, -71.70335, -71.67009, -71.57462, -71.67023, -71.46815, -71.60547, -71.546756, -71.563057, -71.72021, -71.600848, -71.74472, -71.5539, -71.589357, -71.64969, -71.57482, -71.72737, -71.77722, -71.3718, -71.62145, -71.16548, -71.47503, -71.64003, -71.31262, 
-71.299004, -71.28658, -71.454, -71.64393, -71.6257, -71.64661, -71.72311, -71.39007, -71.35583, -71.369099, -71.3926, -71.41181, -71.43023, -71.26099, -71.286834, -71.774023, -71.45692, -71.63877, -71.576307, -71.529854, -71.18724, -71.52322, -71.64393, -71.52689, -71.46352, -71.64393, -71.27049, -71.45119, -71.557732, -71.40982, -71.3911, -71.80387, -71.58465, -71.51857, -71.69556, -71.50722, -71.55188, -71.68484, -71.414451, -71.424851, -71.41306, -71.43142, -71.40431, -71.39427, -71.42449, -71.43802, 
-71.44775, -71.43672, -71.47354, -71.397699, -71.36834, -71.35564, -71.35391, -71.51646, -71.440352, -71.49468, -71.46485, -71.50972, -71.558518, -71.154866, -71.46431, -71.6082, -71.35141, -71.66605, -71.3078, -71.23453, -71.2488, -71.30019, -71.013202, -71.013202, -71.07095, -71.81007, -71.12524, -71.57023, -71.602132, -71.86645, -71.77591, -71.58044, -71.42079, -71.45379, -71.38205, -71.51216, -71.66743, -71.68057, -71.950759, -71.46492, -71.653939, -71.49238, -71.51047, -71.47306, -71.69414, 
-71.86706, -71.013202, -71.32359, -71.19598, -71.21316, -71.78452, -71.85063, -71.78177, -71.29878, -70.818318, -70.598303, -71.46376, -71.4868, -71.44828, -71.44716, -71.653939, -71.44412, -71.653939, -71.653939, -71.41349, -71.51993, -71.653939, -71.50336, -71.78401, -71.62778, -71.29305, -71.47352, -71.95405, -71.75006, -71.65161, -71.54434, -71.22819, -71.49652, -71.45126, -71.70711, -71.87281, -71.736518, -71.840883, -71.93648, -71.3611, -71.66034, -71.37517, -71.840883, -71.96422, -71.80642, 
-71.81722, -71.73815, -71.92108, -71.604406, -71.43842, -71.445452, -71.398521, -71.6606, -71.537145, -71.50488, -71.39299, -72.02654, -71.64372, -72.00004, -71.397599, -71.39475, -71.9255, -71.2079, -71.68701, -71.3215, -71.64503, -71.87952, -71.74199, -71.5876, -71.550864, -71.662928, -71.92709, -71.840883, -71.43654, -71.5785, -71.82537, -71.88853, -72.09755, -71.72329, -71.91765, -72.01296, -71.62, -71.90457, -71.519728, -71.11081, -71.1392, -71.840883, -71.445841, -71.445841, -71.53774, -71.662928, 
-71.63832, -71.53576, -71.517151, -71.4534, -71.881017, -71.30915, -72.28616, -72.243029, -72.00547, -71.95068, -72.4352, -71.91635, -72.47163, -72.06334, -72.19383, -72.29978, -72.14838, -72.26149, -71.98913, -72.06043, -72.49518, -72.03418, -72.16219, -72.21382, -72.14365, -71.95133, -72.01034, -72.41522, -72.0959, -72.17618, -72.51629, -72.42512, -71.933396, -72.31509, -72.33893, -72.150882, -71.345714, -71.79751, -71.19092, -72.148784, -71.69225, -71.387387, -71.44766, -71.854211, -71.15394, 
-71.69959, -71.16273, -71.48147, -71.46436, -71.54999, -71.87371, -71.78, -71.387387, -71.24335, -71.387387, -71.59395, -71.30724, -71.25, -71.51746, -71.387387, -71.62248, -72.30269, -72.32575, -72.39026, -72.243029, -72.17556, -72.26894, -72.41902, -72.4483, -71.092797, -72.135352, -72.139036, -70.955693, -72.243666, -71.948852, -72.01333, -72.34152, -72.33337, -72.193966, -72.097366, -72.12058, -72.08541, -72.20056, -72.07185, -72.13525, -72.12954, -72.125562, -72.2507, -71.840883, -72.088709, 
-72.05658, -72.24403, -72.13297, -72.120468, -72.28072, -72.02789, -72.18321, -71.9943, -72.07831, -72.04409, -71.98612, -72.30353, -72.09028, -72.30594, -71.96306, -70.77684, -71.013202, -71.444752, -71.013202, -70.930684, -71.22377, -71.28776, -71.16246, -71.29729, -71.0627, -71.12926, -71.10317, -71.28404, -71.22069, -71.15892, -71.12034, -70.88787, -71.028427, -71.028427, -70.93, -70.96035, -71.04356, -71.12296, -70.98459, -70.98935, -71.04716, -70.97665, -71.06217, -71.0803, -71.32971, -71.20354, 
-70.98552, -70.84714, -71.18252, -70.82514, -71.013202, -70.88666, -71.13865, -71.18089, -71.257726, -71.06236, -71.14311, -71.301681, -71.011369, -70.96931, -71.28614, -70.72353, -71.14628, -70.95076, -70.94336, -71.04807, -71.04002, -71.13084, -71.01, -70.83055, -71.10266, -71.09445, -71.027303, -70.99816, -70.96311, -70.83207, -70.76517, -70.771896, -71.03405, -71.18444, -70.85466, -71.18267, -70.87549, -71.00006, -71.32104, -71.17701, -70.90192, -71.25988, -71.02823, -71.194586, -71.140537, -71.19552, 
-71.218894, -71.34507, -70.84559, -70.62856, -70.79348, -70.73611, -70.69607, -70.7646, -70.59952, -70.77876, -70.65239, -70.73201, -70.635702, -70.93189, -70.6884, -69.99448, -70.604379, -70.45871, -70.3598, -70.505301, -69.88369, -70.72552, -70.90049, -69.95894, -70.470703, -70.604379, -70.51377, -70.891727, -70.11522, -70.09448, -70.80878, -70.26554, -70.78804, -70.68482, -70.91719, -70.845114, -70.67755, -70.6793, -70.43911, -70.10172, -70.470703, -70.470703, -70.95648, -70.46301, -70.3533, -70.65327, 
-70.83391, -70.63265, -70.54707, -70.4769, -70.8983, -70.77178, -70.70263, -70.15475, -70.87231, -70.470703, -70.597752, -70.60312, -70.868871, -70.470703, -70.73033, -70.41697, -70.385703, -70.3856, -68.423297, -69.97038, -70.93094, -70.17893, -70.273642, -70.47233, -70.45171, -70.75245, -70.35268, -70.552183, -70.84515, -70.524524, -70.120781, -69.95217, -70.661557, -70.470703, -70.80275, -70.56433, -70.63812, -69.96163, -70.75497, -70.70757, -70.61178, -70.75038, -70.35823, -70.57492, -70.573255, 
-70.91218, -70.17932, -70.22985, -70.470703, -70.25862, -70.2911, -70.2903, -70.464839, -70.26027, -70.27272, -70.22617, -70.19475, -70.198742, -70.19681, -70.470703, -70.470703, -70.470703, -70.470703, -70.470703, -70.24143, -70.239485, -70.239485, -70.79952, -70.8175, -70.63082, -70.3671, -70.31378, -70.12291, -70.285748, -70.41383, -70.22651, -70.69882, -70.326337, -70.13383, -70.327049, -70.87044, -70.182012, -70.14181, -70.7356, -70.36975, -70.21933, -70.19141, -70.239485, -70.239485, -70.1097, 
-70.05631, -70.22452, -70.17486, -70.67231, -70.39197, -70.53351, -70.33319, -69.99897, -70.29488, -70.87599, -70.381639, -70.11254, -70.04027, -70.255783, -70.661557, -70.58366, -70.50506, -70.498513, -70.697022, -70.39077, -70.6478, -70.56609, -70.568041, -70.715864, -70.07568, -70.50508, -70.24563, -70.239485, -70.05698, -70.43275, -70.860094, -69.96847, -70.239485, -70.52451, -70.43726, -70.453006, -70.43533, -70.22906, -70.818045, -69.804077, -69.76345, -69.751913, -69.751913, -69.818009, -69.751913, 
-69.551024, -69.75012, -69.751913, -69.80122, -69.80866, -69.75722, -69.79788, -69.4971, -70.06456, -69.93363, -69.87518, -69.96073, -69.60427, -69.4136, -69.96353, -69.82947, -69.52679, -69.777196, -69.985, -69.5744, -69.95997, -68.78952, -68.647416, -69.49039, -68.23311, -68.90997, -68.621, -68.7547, -67.75295, -69.03431, -69.058062, -68.78303, -68.42087, -68.62103, -69.00587, -68.798047, -68.79341, -69.03527, -68.48987, -67.86208, -69.18861, -69.00746, -68.5694, -68.59682, -68.58178, -68.68116, 
-69.14212, -69.12214, -68.91965, -69.5223, -69.62773, -69.37191, -68.92518, -68.67025, -68.88431, -68.93125, -68.20841, -68.78881, -67.495548, -68.29313, -68.98712, -68.48354, -68.33623, -68.52012, -68.62199, -68.74801, -68.95101, -69.51368, -67.824005, -68.647416, -68.67889, -68.63343, -67.85856, -68.69084, -68.68177, -68.78905, -68.58953, -68.73576, -69.80879, -69.32571, -69.30463, -69.30463, -68.08163, -69.1108, -68.686796, -67.76009, -67.495548, -67.495548, -68.51819, -68.37662, -68.8957, -68.05875, 
-69.83405, -69.62535, -69.523263, -69.64608, -69.63217, -69.50529, -69.4795, -69.48841, -69.58903, -69.749812, -69.33885, -69.74325, -69.523263, -69.43738, -69.523263, -69.54335, -69.51314, -69.47857, -69.63516, -69.803936, -69.52041, -69.81778, -69.26819, -69.45721, -69.863461, -69.859541, -69.55874, -69.523263, -69.680144, -69.37177, -69.55133, -69.38896, -69.660795, -69.66661, -69.68366, -69.78298, -68.081184, -68.43626, -67.70122, -68.09467, -68.26204, -67.6025, -68.37104, -68.02915, -68.58156, 
-68.54781, -68.55956, -68.74399, -67.24243, -66.990529, -67.99166, -67.7395, -67.98828, -68.25991, -67.23946, -68.66894, -67.2324, -68.51313, -67.3786, -67.00391, -68.23546, -68.34995, -67.601026, -68.28298, -68.80933, -67.82533, -68.391481, -68.61685, -68.2277, -67.59538, -67.57808, -68.71098, -67.04996, -68.3521, -67.54727, -67.39416, -68.391481, -67.38549, -67.87827, -68.34317, -68.28143, -68.22333, -68.391481, -67.1946, -67.08697, -67.59063, -68.01142, -67.14057, -68.2849, -68.67842, -68.40092, 
-68.24075, -68.65693, -68.18185, -68.32186, -67.94879, -68.66405, -68.7769, -68.50085, -68.44607, -67.495548, -68.391481, -67.24789, -68.09458, -67.42484, -70.41037, -67.87798, -68.42804, -68.39974, -68.886826, -67.89417, -68.01128, -68.886826, -68.886826, -68.61588, -67.86338, -68.886826, -67.85012, -68.57238, -68.886826, -68.38716, -68.14277, -68.27004, -67.86471, -67.9643, -68.410131, -68.32256, -68.147, -67.86655, -68.37251, -67.85518, -68.003376, -68.1204, -68.11398, -68.47646, -68.49241, -68.2929, 
-68.4992, -68.00216, -68.886826, -68.33931, -68.23959, -69.00258, -68.886826, -68.33986, -68.45173, -68.27288, -68.23232, -68.58915, -68.647416, -68.20823, -67.94718, -68.16871, -67.96531, -68.886826, -69.113626, -69.11366, -69.104234, -69.08184, -69.091111, -69.19254, -68.90883, -69.03065, -69.149559, -68.88847, -69.32016, -68.8781, -69.07536, -69.148017, -69.09812, -69.20629, -69.12781, -69.15608, -69.23524, -69.17598, -69.27048, -68.83819, -69.24907, -69.121139, -69.61297, -69.713178, -69.43496, 
-69.93424, -69.64968, -69.02257, -69.83348, -69.751913, -69.84723, -69.12604, -69.37398, -69.44672, -69.55694, -69.9433, -69.538257, -69.53064, -69.27327, -69.30376, -69.29725, -69.1248, -68.647416, -69.751913, -70.54062, -69.63627, -70.12362, -69.14747, -70.075178, -69.31337, -69.56523, -69.49934, -69.6425, -70.27257, -70.2669, -69.32744, -69.82782, -69.04542, -69.15196, -69.26397, -70.10453, -70.01525, -70.12443, -69.82554, -69.93521, -70.08652, -69.61699, -69.76938, -70.76786, -69.36775, -70.37235, 
-69.40616, -69.21191, -70.6576, -69.38752, -69.149559, -69.1882, -68.92829, -69.586852, -69.69212, -69.81117, -69.80759, -68.85667, -70.44606, -70.21778, -70.23773, -69.90892, -69.23241, -69.26918, -69.33022, -69.65181, -70.153049, -72.36825, -72.588407, -72.429777, -72.6026, -72.64493, -72.15534, -72.61789, -72.6799, -72.58502, -72.48743, -72.46276, -72.29347, -72.21275, -72.54784, -72.08037, -72.21325, -72.20655, -72.22669, -72.355539, -72.39941, -72.588407, -72.135804, -72.07174, -72.351, -72.49886, 
-72.18798, -72.29086, -72.72179, -72.26075, -72.42943, -72.66916, -72.5731, -72.5536, -72.42387, -72.54272, -72.53208, -72.14245, -72.36228, -72.55327, -72.39364, -72.47756, -72.22275, -72.27125, -72.2345, -72.4848, -72.32092, -72.403244, -72.09061, -72.26637, -72.43372, -72.13946, -72.31915, -72.3082, -72.42611, -72.53739, -72.4729, -72.533124, -72.720362, -72.59048, -72.61831, -72.588407, -72.61661, -72.80106, -72.70416, -72.53053, -72.49397, -72.88309, -72.63738, -72.50844, -72.84497, -72.47767, 
-72.45054, -72.456492, -72.79134, -73.17873, -73.012715, -72.031815, -73.187699, -73.17405, -73.11308, -73.07824, -73.00758, -73.07155, -73.05261, -73.24838, -73.25716, -73.21395, -73.16602, -72.011815, -72.434398, -72.62328, -72.720362, -72.720362, -72.720362, -72.91347, -72.79694, -72.80609, -72.7925, -72.74073, -72.65777, -72.51725, -72.96146, -72.75062, -73.06025, -72.66643, -72.51835, -72.80748, -72.87237, -72.62408, -72.71702, -72.72492, -72.87914, -72.86962, -72.69222, -72.86457, -72.51888, 
-73.22126, -73.082525, -73.17941, -73.18259, -73.082525, -73.082525, -73.082525, -73.27, -72.87814, -73.015358, -73.165092, -73.27028, -72.78854, -72.68029, -73.05258, -72.90151, -73.23504, -73.19659, -72.895849, -72.88247, -73.082525, -72.78992, -73.050271, -73.09376, -73.082525, -73.04099, -72.96213, -73.25143, -72.89351, -73.30526, -73.03056, -73.105205, -73.09254, -72.97999, -73.33081, -72.82257, -72.96317, -73.019801, -73.13469, -73.134702, -72.895849, -72.58798, -73.166, -73.22253, -73.27354, 
-72.66316, -72.95936, -73.09077, -72.895849, -72.895849, -73.22318, -72.9751, -72.963154, -73.31452, -73.03164, -73.12099, -72.92649, -72.885253, -73.28437, -72.7585, -73.00979, -73.09917, -71.184202, -71.184202, -72.559638, -72.59686, -72.655892, -72.585018, -72.585018, -72.585018, -72.779614, -72.585018, -72.49053, -72.49443, -72.28652, -72.49509, -72.43328, -72.44328, -72.48983, -72.5717, -72.50846, -72.47675, -72.59971, -72.67941, -72.52693, -72.34925, -72.78525, -72.60332, -72.718759, -72.66443, 
-72.64976, -72.597057, -72.44382, -72.42365, -72.74364, -72.50247, -72.585018, -72.70225, -72.8367, -72.85816, -72.422, -72.77081, -72.71362, -72.46942, -72.54155, -72.4739, -72.40659, -72.55088, -72.96325, -72.990632, -72.83445, -73.291868, -73.20284, -73.09998, -73.35144, -73.16118, -73.01298, -72.93145, -72.8642, -73.01602, -73.091416, -72.818121, -72.88507, -73.2857, -73.06783, -72.818121, -72.71366, -72.83927, -72.87143, -73.23273, -72.79419, -73.141318, -73.172, -73.12311, -72.79647, -72.96168, 
-73.2869, -73.13467, -72.83138, -73.00087, -73.21603, -73.0328, -73.0155, -72.81212, -73.055156, -73.10703, -73.31583, -72.73703, -72.98732, -73.19578, -73.23612, -73.2489, -73.04215, -73.21148, -72.183633, -72.00996, -72.38308, -72.10346, -72.16376, -72.138347, -71.87212, -72.26649, -72.3887, -72.35975, -72.12808, -72.09864, -72.05857, -71.92705, -71.969, -72.26819, -71.86394, -71.930077, -72.20936, -71.71536, -72.31179, -72.24333, -72.35822, -72.28964, -71.84683, -72.45025, -71.919518, -71.950519, 
-71.988258, -72.02686, -72.303696, -71.96653, -72.19921, -72.30054, -71.83773, -72.41782, -72.15478, -72.135804, -72.135804, -71.972088, -72.244107, -72.13245, -72.04372, -72.408, -71.95414, -72.04647, -72.2123, -72.42902, -72.25602, -72.112619, -71.719436, -71.50628, -71.59275, -71.70906, -71.66238, -71.7162, -71.81134, -72.135369, -72.821555, -72.86431, -72.72642, -72.734271, -72.93365, -72.718832, -72.94642, -72.54393, -73.31103, -72.89174, -72.91003, -73.11835, -72.92526, -72.72017, -73.26877, 
-72.534482, -72.72718, -72.90922, -72.603033, -72.45026, -72.718832, -73.3296, -72.83032, -72.57085, -72.718832, -72.79826, -72.76734, -73.43722, -72.52384, -72.564832, -72.53, -72.43669, -72.718832, -72.718832, -72.778391, -72.76996, -72.80129, -72.7908, -73.00492, -73.19437, -72.92017, -72.8445, -72.967958, -72.86294, -72.96783, -72.718832, -73.01859, -72.46708, -72.66098, -73.42408, -73.46331, -72.81644, -72.45336, -72.490593, -72.56887, -72.56076, -72.308779, -72.27863, -72.257735, -72.63897, 
-73.403763, -72.628802, -72.76831, -72.56365, -72.718832, -72.36806, -72.8898, -72.884953, -72.60547, -72.81974, -72.85242, -72.98906, -72.86055, -72.73357, -73.146312, -72.66654, -72.64688, -73.06944, -72.677099, -72.718832, -72.67433, -72.718832, -72.70255, -72.69593, -72.7546, -72.62313, -72.6747, -72.73374, -72.73101, -72.6954, -72.67889, -72.679387, -72.74853, -72.60807, -72.72839, -72.67378, -72.718832, -72.718832, -72.718832, -72.718832, -72.718832, -72.718832, -72.718832, -72.718832, -72.718832, 
-72.718832, -72.718832, -72.718832, -72.718832, -72.718832, -72.718832, -72.718832, -72.718832, -72.718832, -72.718832, -72.718832, -72.718832, -72.718832, -72.718832, -72.686687, -72.686465, -72.690687, -72.693337, -72.671837, -72.718832, -72.718832, -72.718832, -72.673037, -72.680386, -72.20934, -72.02528, -72.36419, -72.37151, -72.020137, -71.95989, -72.11274, -72.29349, -72.33137, -71.87594, -71.85749, -72.09527, -71.818941, -71.981045, -71.941669, -71.891732, -72.06127, -72.40144, -72.24215, 
-72.20007, -72.306526, -72.14439, -71.89659, -72.13964, -71.968232, -71.98252, -71.88434, -71.94671, -71.90634, -72.09891, -72.308779, -72.16028, -71.945253, -72.26127, -72.25025, -71.83969, -72.17674, -72.27456, -72.14671, -71.99872, -72.0728, -72.10338, -72.06549, -72.0029, -71.909019, -72.2269, -72.17684, -72.07227, -72.20036, -71.889199, -72.09, -71.98233, -72.04524, -72.090357, -72.06769, -71.97599, -72.137471, -71.87098, -71.97281, -72.21064, -71.86813, -72.06232, -71.96621, -72.19551, -72.31008, 
-71.949548, -71.79952, -71.91911, -72.11444, -72.25602, -71.81845, -71.91317, -71.84876, -72.05148, -72.11459, -72.04037, -71.85668, -72.14762, -72.127301, -71.913339, -71.976467, -72.122672, -72.00708, -73.07446, -73.06453, -73.129186, -72.80542, -72.927507, -72.41604, -72.90489, -72.922235, -72.47213, -72.52728, -72.558055, -72.33795, -72.66998, -72.44578, -73.08433, -72.57637, -72.25445, -72.68733, -72.40615, -72.5078, -72.39787, -73.2629, -73.252696, -73.23576, -73.363661, -72.69791, -72.50345, 
-72.414095, -73.363661, -72.57956, -72.44392, -72.60938, -72.718832, -72.46252, -72.78145, -72.81973, -72.927507, -72.7183, -72.525208, -72.6632, -72.658179, -73.0554, -73.08, -72.903746, -73.22241, -72.44479, -73.31474, -72.77214, -72.77975, -72.85897, -72.127301, -72.38285, -73.02541, -73.12729, -72.89696, -72.60384, -72.69782, -73.24888, -73.0792, -73.1292, -72.927507, -73.22184, -72.87103, -73.28791, -73.187207, -72.81704, -72.927507, -72.927507, -72.8, -73.130503, -72.46087, -72.927507, -72.927507, 
-72.927507, -72.93561, -72.779901, -72.927507, -72.927507, -72.927507, -72.927507, -72.92479, -72.92798, -72.87412, -72.8803, -72.93765, -72.96902, -72.96496, -72.90712, -72.90409, -72.93673, -72.927507, -72.927507, -73.00356, -73.01212, -72.927507, -72.927507, -72.927507, -72.927507, -72.927507, -72.927507, -72.927507, -72.927507, -72.927507, -72.918846, -73.363661, -73.189006, -73.20004, -73.21633, -73.20771, -73.16649, -73.1813, -73.1708, -73.21227, -73.28842, -73.13221, -73.13515, -73.363661, 
-73.363661, -73.363661, -72.927507, -73.0431, -72.927507, -73.03488, -72.99861, -73.02827, -73.06262, -73.04484, -72.97799, -72.97889, -72.927507, -72.927507, -72.927507, -72.927507, -72.927507, -72.927507, -72.927507, -73.363028, -73.43657, -72.927507, -73.24774, -73.20864, -73.36092, -73.332345, -73.35774, -73.47692, -73.24506, -73.45553, -73.222981, -73.21268, -73.11555, -73.21056, -73.05173, -73.41313, -73.3435, -73.10942, -73.08543, -72.99145, -73.0482, -73.30816, -73.4915, -73.44024, -73.00836, 
-73.08979, -73.11787, -73.06927, -73.06, -73.28946, -73.32437, -73.12099, -73.33673, -73.20539, -73.40105, -73.39982, -73.59508, -73.45441, -73.47006, -73.49673, -73.363661, -73.363661, -72.900757, -73.363661, -73.363661, -73.475844, -73.48294, -73.265744, -73.238012, -73.28, -73.427915, -73.62985, -73.65866, -73.363661, -73.363661, -73.31, -73.49178, -73.495366, -73.43658, -73.4053, -73.363661, -73.43819, -73.42869, -73.39918, -73.420363, -73.363661, -73.416213, -73.363661, -73.363661, -73.56804, 
-73.363661, -73.583569, -73.49178, -73.5842, -73.363661, -73.35178, -73.363661, -73.37308, -73.363661, -73.34689, -73.288247, -73.39857, -73.43758, -73.53903, -73.53688, -73.56423, -73.363661, -73.54506, -73.52182, -73.52128, -73.559118, -73.363661, -73.363661, -73.363661, -73.363661, -73.363661, -73.53796, -73.514344, -73.363661, -73.538567, -73.363661, -73.363661, -73.402714, -74.27987, -74.11768, -74.18895, -74.29378, -74.41516, -74.27917, -74.245241, -74.22997, -74.22898, -73.98949, -74.14263, 
-74.1579, -74.17102, -74.13669, -74.304793, -74.30371, -74.20589, -74.21897, -74.245241, -73.97334, -74.28091, -74.00082, -74.38533, -73.97501, -74.10807, -74.32351, -74.2047, -74.15509, -74.03294, -74.13254, -74.13718, -74.2908, -74.38112, -74.29376, -74.25339, -74.32134, -74.26821, -74.29913, -74.21576, -74.20218, -74.24227, -74.36742, -74.44022, -74.01963, -74.23603, -74.245241, -74.25541, -74.4171, -74.12899, -74.10925, -74.34331, -74.5008, -74.42481, -74.299692, -74.40383, -74.44612, -74.24774, 
-74.28099, -74.30934, -74.31341, -74.30477, -74.443695, -74.11064, -74.12111, -74.08466, -74.09707, -74.059, -74.08754, -74.37493, -74.25938, -74.32749, -74.25881, -74.41401, -74.32216, -74.34625, -74.26933, -74.022351, -74.0302, -74.28416, -74.34567, -74.299692, -74.35601, -74.01223, -74.06, -74.28316, -74.075485, -74.075485, -74.075485, -74.22509, -74.17326, -74.19507, -74.16831, -74.15206, -74.23006, -74.1879, -74.2014, -74.16144, -74.15877, -74.23207, -74.21303, -74.17883, -74.170091, -74.245241, 
-74.245241, -74.245241, -74.245241, -74.245241, -74.245241, -74.245241, -74.245241, -74.245241, -74.245241, -74.245241, -74.245241, -74.245241, -74.19889, -74.21692, -74.26058, -74.26768, -74.22856, -74.19158, -74.299692, -74.22834, -74.573051, -74.032506, -74.04703, -74.075485, -74.07253, -74.08843, -74.06582, -74.04943, -74.075485, -74.075485, -74.0402, -74.075391, -74.08, -74.075391, -74.13409, -74.33021, -74.35893, -74.1199, -74.11671, -74.58784, -74.20847, -74.48688, -74.57094, -74.29742, -74.37404, 
-74.45489, -74.10239, -74.21405, -74.201489, -74.51796, -74.16147, -74.14286, -74.43677, -74.23727, -74.5071, -74.5972, -74.29575, -74.28807, -74.29813, -74.14238, -74.11438, -74.083231, -74.12576, -74.26012, -74.31023, -74.09616, -74.52081, -74.60203, -74.5089, -74.12231, -74.28236, -74.25004, -74.304793, -74.304793, -74.37047, -74.1671, -74.083231, -74.083231, -74.16863, -74.1939, -74.15731, -74.14271, -74.17129, -74.15627, -74.304793, -74.18286, -74.304793, -74.304793, -74.304793, -74.21763, -74.14944, 
-74.14321, -74.17784, -74.15829, -74.304793, -74.304793, -74.304793, -74.304793, -74.304793, -74.23019, -74.0488, -74.083231, -74.02769, -74.07506, -73.98551, -74.04643, -74.06279, -74.05987, -74.041234, -73.93064, -73.99879, -73.96166, -73.96504, -73.96044, -73.99342, -74.02725, -73.9758, -73.95173, -73.97958, -73.98659, -74.04247, -74.04112, -74.08265, -74.04052, -74.0188, -73.94849, -73.95586, -74.03379, -73.99479, -74.07047, -74.083231, -74.04065, -74.00399, -74.02278, -74.03739, -74.07797, -74.09474, 
-74.01115, -73.96482, -74.03291, -74.061302, -74.059762, -74.083231, -74.06, -74.07703, -74.06315, -74.0486, -74.03738, -74.24928, -74.24928, -74.0069, -74.03143, -74.24928, -74.03483, -74.01688, -74.08689, -74.04694, -74.01353, -74.23734, -74.18306, -74.00153, -74.06889, -74.34213, -74.15767, -74.27629, -74.179, -74.20815, -73.9904, -74.17194, -74.13298, -74.19374, -74.06058, -74.12059, -74.04059, -73.99097, -74.26112, -74.23767, -74.11718, -73.97986, -74.26595, -74.027285, -74.05261, -74.24928, 
-74.02176, -74.00916, -74.01239, -74.1069, -73.99576, -74.03372, -74.24928, -74.01671, -74.24928, -74.24928, -74.24928, -74.55462, -74.578269, -74.60098, -74.578269, -74.580886, -74.849661, -74.74298, -74.6993, -75.04585, -74.96243, -74.75904, -74.76058, -74.73875, -74.985914, -74.81866, -74.944756, -75.06193, -75.06752, -74.48704, -74.70134, -74.678956, -74.90089, -74.678956, -74.83054, -74.869538, -74.49617, -74.66147, -74.984628, -74.578269, -74.87979, -74.62009, -74.69036, -74.61414, -74.65749, 
-74.88301, -74.65769, -74.78295, -74.678956, -74.63559, -74.70301, -74.80199, -74.96802, -74.90934, -74.50624, -74.5748, -74.819318, -74.63557, -74.71053, -74.871981, -74.65251, -74.850759, -74.47843, -74.788108, -74.897002, -74.917711, -74.99617, -74.58246, -74.678956, -74.3633, -74.299692, -74.581948, -74.57039, -74.653, -74.43459, -74.57753, -74.571785, -74.45121, -74.39736, -74.68799, -74.63781, -74.39009, -74.47079, -74.67432, -74.45631, -74.36474, -74.586151, -74.599801, -74.41609, -74.59529, 
-74.52011, -74.48223, -74.585653, -74.48559, -74.442797, -74.578269, -74.578269, -74.454547, -74.57267, -74.40225, -74.48851, -74.65657, -74.639597, -74.72465, -74.49171, -74.42648, -74.578269, -74.665549, -74.578269, -75.3631, -75.02266, -74.9719, -74.87264, -74.27398, -74.11074, -75.05424, -74.2005, -74.9365, -74.91404, -74.71323, -75.05678, -75.34421, -74.5606, -74.84463, -74.719502, -74.938259, -74.5354, -75.2211, -74.99574, -74.70684, -75.48932, -75.162903, -74.96899, -75.28187, -75.11951, -75.0687, 
-75.11836, -75.09162, -75.0609, -75.04019, -74.99951, -75.06599, -74.83044, -74.77705, -75.50618, -75.2669, -74.6806, -74.66656, -74.96128, -75.03197, -74.88257, -74.80666, -75.03671, -74.25933, -75.17761, -74.99464, -74.90416, -74.90342, -74.8185, -75.25304, -74.9489, -75.0923, -74.79747, -75.20496, -75.21987, -75.1802, -74.63687, -75.02626, -75.23773, -75.41262, -74.66266, -75.46906, -75.51923, -75.13009, -75.41367, -74.86762, -75.17326, -74.9541, -74.725079, -74.99805, -75.0767, -75.43943, -75.10637, 
-74.99035, -75.02496, -75.01371, -75.32687, -75.18159, -74.36573, -74.70528, -74.8503, -75.15202, -74.93392, -74.28673, -75.13284, -74.95927, -74.86043, -75.13221, -75.15321, -75.32396, -74.962071, -74.938259, -75.118, -75.11513, -75.10976, -75.08616, -75.07212, -75.08618, -75.06401, -75.05024, -75.05681, -74.50914, -74.72688, -74.38017, -74.92319, -74.502457, -74.83658, -74.96526, -74.608557, -74.816619, -74.62171, -74.72103, -74.816619, -74.816619, -74.608557, -74.57387, -74.64986, -74.45628, -74.55211, 
-74.59381, -74.466214, -74.70438, -74.608557, -74.52212, -74.59667, -74.974344, -74.554334, -74.4917, -74.87515, -74.69865, -74.5999, -74.81723, -74.816619, -74.76204, -74.65699, -74.816619, -74.93616, -74.85749, -75.298235, -74.822, -74.80041, -74.696498, -75.24215, -74.89684, -75.18577, -75.08736, -75.22901, -74.94016, -75.095025, -74.97546, -74.82706, -75.16843, -74.81456, -75.221681, -75.17225, -75.0618, -75.3574, -74.99001, -74.9385, -74.97767, -75.0543, -74.99687, -74.7581, -75.03923, -75.17465, 
-74.87926, -74.94972, -74.833469, -75.15643, -75.00955, -75.15464, -74.85853, -75.082022, -74.97889, -75.06683, -74.87045, -75.12933, -75.29761, -75.01887, -74.96994, -75.027671, -74.725079, -74.43903, -74.50661, -74.52675, -74.608557, -74.608557, -74.48192, -74.57785, -74.63592, -74.668753, -74.71778, -74.42134, -74.55611, -74.52627, -74.48688, -74.65125, -74.8047, -74.53246, -74.78112, -74.475936, -74.32251, -74.61538, -74.93184, -74.48433, -74.78364, -74.45064, -74.58512, -74.64922, -74.712018, 
-74.65943, -74.712018, -74.652811, -74.60902, -74.84979, -74.63895, -74.77977, -74.47378, -74.988619, -74.949409, -74.70726, -74.96511, -74.85947, -74.58006, -74.58893, -74.417344, -74.712018, -74.712018, -74.712018, -74.712018, -74.712018, -74.712018, -74.712018, -74.76481, -74.7421, -74.72005, -74.75136, -74.7805, -74.69588, -74.66915, -74.75643, -74.82295, -74.73334, -74.75953, -74.61775, -74.58916, -74.712018, -74.712018, -74.712018, -74.72951, -74.712018, -74.712018, -74.712018, -74.65918, -74.59364, 
-74.712018, -74.2094, -74.10286, -74.16037, -74.19618, -74.123, -74.10981, -74.06226, -74.21297, -74.14689, -74.30491, -74.16624, -74.06768, -74.05765, -74.05579, -74.24928, -74.13488, -74.16773, -74.06003, -74.04123, -74.0759, -74.07967, -74.15141, -74.24928, -74.23032, -74.191058, -74.25296, -74.22376, -74.36949, -74.081074, -74.89118, -75.0321, -74.949409, -75.08959, -74.54034, -74.62253, -75.046926, -74.91292, -74.51363, -74.47166, -74.40504, -74.39754, -74.417344, -74.35781, -74.68545, -74.85319, 
-74.55565, -74.55352, -75.03239, -74.91405, -74.96875, -74.41955, -74.89241, -74.3183, -74.43302, -74.30325, -74.82345, -74.949409, -74.59222, -74.55174, -74.33844, -74.3587, -74.650023, -74.50187, -75.10402, -74.43938, -74.884741, -74.54329, -74.72472, -74.46094, -74.417344, -74.3298, -74.73624, -74.30343, -74.27708, -74.417344, -74.31104, -75.17243, -74.96224, -74.938931, -74.6374, -74.949409, -74.417344, -74.3474, -74.50723, -74.711731, -74.63592, -74.417344, -74.250942, -74.27669, -74.52976, 
-74.38179, -74.39329, -74.831105, -75.11181, -74.79632, -74.740597, -74.76682, -74.578872, -74.599801, -74.420545, -74.44775, -74.48287, -74.445098, -74.4257, -74.417344, -74.417344, -74.479547, -74.417344, -74.417344, -74.417344, -74.417344, NA, NA, NA, NA, NA, NA, NA, NA, NA, NA, NA, NA, NA, NA, NA, NA, NA, NA, NA, NA, NA, NA, NA, NA, NA, NA, NA, NA, NA, NA, NA, NA, NA, NA, NA, NA, NA, NA, NA, NA, NA, NA, NA, NA, NA, NA, NA, NA, NA, NA, NA, NA, NA, NA, NA, NA, NA, NA, NA, NA, NA, NA, NA, NA, NA, 
NA, NA, NA, NA, NA, NA, NA, NA, NA, NA, NA, NA, NA, NA, NA, NA, NA, NA, NA, NA, NA, NA, NA, NA, NA, NA, NA, NA, NA, NA, NA, NA, NA, NA, NA, NA, NA, NA, NA, NA, NA, NA, NA, NA, NA, NA, NA, NA, NA, NA, NA, NA, NA, NA, NA, NA, NA, NA, NA, NA, NA, NA, NA, NA, 33.53, NA, NA, NA, NA, NA, NA, NA, NA, NA, NA, NA, NA, NA, NA, NA, NA, NA, NA, NA, NA, NA, NA, NA, NA, NA, NA, NA, NA, NA, NA, NA, NA, NA, NA, NA, NA, NA, NA, NA, NA, NA, NA, NA, NA, NA, NA, NA, NA, NA, NA, NA, NA, NA, NA, NA, NA, NA, NA, NA, NA, 
NA, NA, NA, NA, NA, NA, NA, NA, NA, NA, NA, NA, NA, NA, NA, NA, NA, NA, NA, NA, NA, NA, NA, NA, NA, NA, NA, NA, NA, NA, NA, NA, NA, NA, NA, NA, NA, NA, NA, NA, NA, NA, NA, NA, NA, NA, NA, NA, NA, NA, NA, NA, NA, NA, NA, NA, NA, NA, NA, NA, NA, NA, NA, NA, NA, NA, NA, NA, NA, NA, NA, NA, NA, NA, NA, NA, NA, NA, NA, NA, NA, NA, NA, NA, NA, NA, NA, NA, NA, NA, NA, NA, NA, NA, NA, NA, NA, NA, NA, NA, NA, NA, NA, NA, NA, NA, NA, NA, NA, NA, NA, NA, NA, NA, NA, NA, NA, NA, NA, NA, NA, NA, NA, NA, NA, NA, 
NA, NA, NA, NA, NA, NA, NA, NA, NA, NA, NA, NA, NA, NA, NA, NA, NA, NA, NA, NA, NA, NA, NA, NA, NA, NA, NA, NA, NA, NA, NA, NA, NA, NA, NA, NA, NA, NA, NA, NA, NA, NA, NA, NA, NA, NA, NA, NA, NA, NA, NA, NA, NA, NA, NA, NA, NA, NA, NA, NA, NA, NA, NA, NA, NA, NA, NA, NA, NA, NA, NA, NA, NA, NA, NA, NA, NA, NA, NA, NA, NA, NA, NA, NA, NA, NA, NA, NA, NA, NA, NA, NA, NA, NA, NA, NA, NA, NA, NA, NA, NA, NA, NA, NA, NA, NA, NA, NA, NA, NA, NA, NA, NA, NA, -73.99653, -73.987, -73.98935, -74.04118, -74.00858, 
-74.01342, -74.00721, -73.977182, -73.97864, -73.98205, -74.00012, -73.99834, -74.00526, -74.00532, -73.977182, -73.97759, -73.97231, -73.99337, -73.9856, -73.98024, -73.96045, -73.96732, -73.98285, -73.97709, -73.96811, -73.95471, -73.95499, -73.9541, -73.94575, -73.94351, -73.94879, -73.94154, -73.93496, -73.92, -73.93359, -73.99019, -73.93616, -74.00365, -73.9371, -73.92853, -74.01009, -73.977182, -73.94917, -74.008687, -73.977182, -73.977182, -74.01227, -73.977182, -73.977182, -73.96, -73.9905, 
-73.977182, -73.95, -73.977182, -73.977182, -73.977182, -73.977182, -73.977182, -73.977182, -73.977182, -73.988421, -73.977182, -73.988421, -73.977182, -73.977182, -73.977182, -73.97785, -73.979908, -73.978534, -73.980438, -73.982728, -73.977182, -73.977182, -73.980811, -73.97775, -73.97979, -73.977182, -73.977182, -73.96375, -73.977182, -73.977182, -73.986467, -73.99289, -73.989426, -73.991889, -73.992171, -73.990537, -73.977182, -73.977182, -73.977182, -73.95039, -73.977182, -73.977182, -73.977182, 
-73.977182, -73.977182, -73.977182, -73.977182, -73.977182, -73.973971, -73.97223, -73.97268, -73.97267, -73.968036, -73.977182, -73.977182, -73.9758, -73.977182, -73.977182, -73.977182, -73.94893, -73.977182, -73.977182, -73.9789, -73.976238, -73.97495, -73.976794, -73.97606, -73.97608, -73.97401, -73.97447, -73.97955, -73.97516, -73.979782, -73.978877, -73.97609, -73.978507, -73.977182, -73.977182, -73.977182, -73.977182, -73.977182, -74.00058, 73.95, -73.977182, -73.977182, -73.977182, -73.977182, 
-73.977182, -73.977182, -74.016529, -73.977182, -73.977182, -73.977182, -73.977182, -73.977182, -73.977182, -73.977182, -73.977182, -73.977182, -74.008154, -74.01043, -73.977182, -73.977182, -73.977182, -73.977182, -73.977182, -73.977182, -74.00395, -74.00857, -74.0178, -74.014958, -74.01433, -74.016306, -74.011895, -73.977182, -74.09432, -74.13715, -74.16239, -74.08991, -74.07503, -74.11785, -74.24387, -74.15098, -74.21304, -74.11551, -74.179485, -74.17628, -74.146836, -74.14513, -73.869454, -73.9223, 
-73.92234, -73.91214, -73.91628, -73.90771, -73.90856, -73.89861, -73.88881, -73.89327, -73.88036, -73.83819, -73.85862, -73.90749, -73.78903, -73.81752, -73.84702, -73.86937, -73.89916, -73.84735, -73.86072, -73.90347, -73.86845, -73.85893, -73.88755, -73.82541, -73.840908, -73.76493, -73.84152, -73.87513, -73.70352, -73.749244, -73.62777, -73.69018, -73.59556, -73.83311, -73.94033, -73.6845, -73.77597, -73.9314, -73.861217, -73.60493, -73.66199, -73.88543, -73.926165, -73.86602, -73.81658, -73.92154, 
-73.66701, -73.7576, -73.71886, -73.80635, -73.7958, -73.8635, -73.80208, -73.68512, -73.88689, -73.75615, -73.724257, -73.75367, -73.760132, -73.7346, -73.732996, -73.79269, -73.85118, -73.94147, -73.73045, -73.83709, -73.732996, -73.82614, -73.8215, -73.732996, -73.732996, -73.732996, -73.61306, -73.84741, -73.91928, -73.8908, -73.78922, -73.732996, -73.732996, -73.67326, -73.58409, -73.71588, -73.66906, -73.8377, -73.69002, -73.732996, -73.79716, -73.820321, -73.742268, -73.82973, -73.69234, -73.54076, 
-73.85721, -73.732996, -73.77687, -73.77785, -73.958727, -73.58834, -73.78934, -73.76454, -73.732996, -73.77672, -73.74451, -73.75158, -73.77808, -73.80953, -73.732996, -73.732996, -73.732996, -73.732996, -73.705975, -73.88176, -73.732996, -73.8799, -73.8612, -73.89142, -73.8729, -73.82363, -73.83099, -73.81143, -73.84506, -74.122951, -73.78643, -73.795361, -73.80717, -73.78797, -73.77933, -74.12682, -74.125718, -74.060826, -74.354699, -73.96016, -74.255646, -74.328805, -74.24346, -74.12354, -74.26072, 
-74.37907, -73.94287, -74.35931, -73.99175, -74.00161, -74.3337, -74.29778, -74.14049, -73.96836, -73.97293, -74.12096, -74.16718, -74.484249, -74.510918, -74.43951, -74.35844, -74.354699, -74.412119, -74.19, -74.19531, -74.07556, -74.083045, -74.0133, -73.9949, -73.613803, -74.41571, -74.354699, -73.9258, -73.96215, -74.53847, -73.92585, -74.01734, -73.91878, -74.48935, -74.04523, -74.47758, -74.19214, -74.17141, -73.92817, -74.04504, -74.318354, -74.01157, -74.288565, -74.060826, -73.95118, -74.02105, 
-74.37451, -73.98676, -74.21069, -74.550346, -73.94455, -74.35837, -74.16178, -73.97772, -73.96996, -74.060826, -73.9788, -74.354699, -74.54593, -73.70475, -73.601772, -73.70223, -73.70956, -73.7148, -73.67562, -73.71819, -73.72577, -73.601772, -73.73352, -73.74094, -73.601772, -73.601772, -73.601772, -73.68935, -73.67895, -73.601772, -73.69379, -73.601772, -73.601772, -73.69309, -73.601772, -73.601772, -73.601772, -73.601772, -73.601772, -73.74762, -73.601772, -73.93907, -73.92462, -73.91091, -73.91949, 
-73.90816, -73.93147, -73.870779, -73.870779, -73.98907, -73.945032, -73.93304, -73.98473, -73.96529, -73.94288, -73.89424, -73.87248, -74.0295, -73.94552, -73.95427, -73.91328, -73.93459, -73.99611, -73.9856, -73.94824, -73.97783, -73.97595, -73.99629, -74.01574, -73.92637, -73.94559, -73.97229, -73.99172, -73.95509, -73.95553, -74.01168, -73.94118, -73.96427, -74.00254, -74.00424, -73.91858, -73.9216, -73.95019, -73.90362, -73.91993, -73.96257, -73.87919, -73.945032, -73.945032, -73.945032, -73.945032, 
-73.945032, -73.945032, -73.945032, -73.945032, -73.945032, -73.945032, -73.945032, -73.945032, -73.945032, -73.945032, -74.004495, -73.715016, -73.831698, -73.870779, -73.870779, -73.82496, -73.81941, -73.84366, -73.80922, -73.79612, -73.776701, -73.78005, -73.77392, -73.73322, -73.74644, -73.75994, -73.79209, -73.79502, -73.82145, -73.85838, -73.87051, -73.89052, -73.87509, -73.88433, -73.87804, -73.8609, -73.84582, -73.90377, -73.90271, -73.87925, -73.870779, -73.870779, -73.89285, -73.870779, 
-73.870779, -73.870779, -73.870779, -73.73574, -73.75948, -73.75141, -73.84321, -73.82973, -73.8503, -73.84476, -73.83365, -73.82216, -73.81443, -73.85828, -73.73514, -73.76824, -73.870779, -73.870779, -73.72108, -73.74782, -73.74127, -73.73903, -73.79567, -73.850143, -73.79324, -73.78734, -73.7727, -73.80986, -73.79687, -73.790822, -73.870779, -73.870779, -73.870779, -73.63808, -73.65004, -73.72915, -73.6095, -73.61328, -73.72852, -73.986415, -73.66703, -73.587, -73.64056, -73.601772, -73.601772, 
-73.601772, -73.62609, -73.60415, -73.64401, -73.62561, -73.601772, -73.61741, -73.601772, -73.65394, -73.59306, -73.55527, -73.601772, -73.601772, -73.69253, -73.65515, -73.73126, -73.59417, -73.66517, -73.668274, -73.67306, -73.601772, -73.67298, -73.55475, -73.60119, -73.58039, -73.63792, -73.601772, -73.6374, -73.58694, -73.65156, -73.64006, -73.64452, -73.70346, -73.71079, -73.601772, -73.601772, -73.601772, -73.57536, -73.632673, -73.601772, -73.601772, -73.601772, -73.64259, -73.601772, -73.71404, 
-73.742691, -73.870779, -73.75962, -73.79568, -73.81978, -73.84721, -73.870779, -73.870779, -73.90891, -73.41317, -73.32549, -73.32257, -73.35829, -73.055, -73.25607, -72.637078, -72.637078, -73.55713, -73.53382, -72.94663, -73.48631, -73.03436, -73.11376, -73.24517, -73.26614, -72.91566, -73.08009, -73.37536, -73.19924, -73.44645, -73.28001, -73.39609, -73.00501, -73.33007, -73.18073, -73.31796, -73.53478, -73.10666, -73.44151, -73.601772, -73.601772, -73.0386, -72.637078, -73.36221, -73.07485, 
-73.04036, -73.41146, -72.637078, -73.37553, -73.40543, -72.637078, -72.637078, -73.21416, -73.18326, -73.53675, -73.24258, -73.11839, -73.51739, -73.37442, -73.46289, -73.191789, -73.44681, -72.98375, -72.98837, -73.55608, -73.01317, -73.14303, -73.33114, -73.1296, -73.16115, -73.52292, -73.00213, -73.601772, -73.601772, -72.637078, -73.04966, -73.06222, -72.92884, -73.1187, -73.15868, -73.07198, -73.48959, -73.04254, -72.89533, -73.20777, -73.20967, -72.9733, -73.12748, -73.50057, -72.8368, -73.51122, 
-72.637078, -73.3001, -73.10081, -73.46912, -73.36516, -73.52323, -73.601772, -73.47948, -73.45781, -72.637078, -73.601772, -73.601772, -73.601772, -73.601772, -73.601772, -72.65327, -72.10411, -72.637078, -72.30514, -72.74646, -72.79719, -72.4723, -72.18564, -72.34189, -72.75673, -72.72356, -72.57794, -72.36729, -72.52063, -72.57996, -72.55024, -72.79736, -72.84664, -72.84554, -72.53731, -72.9552, -71.9506, -72.82092, -72.47505, -72.27511, -72.45341, -72.60506, -72.70421, -72.87824, -72.26831, -72.31074, 
-72.33159, -72.35093, -72.87181, -72.40714, -72.637078, -72.57502, -72.42041, -72.70113, -72.637078, -72.24505, -72.34407, -72.67835, -72.63449, -72.91611, -73.936671, -73.9029, -74.03148, -74.17899, -73.81701, -74.423606, -73.45257, -73.53494, -73.86657, -73.8604, -73.3489, -74.15692, -73.510676, -74.15332, -73.90355, -73.44521, -73.42757, -74.44694, -74.49646, -73.71327, -74.35064, -74.67315, -73.57852, -73.371611, -73.97403, -73.90875, -74.52436, -73.79335, -73.92656, -73.70793, -73.748555, -73.82774, 
-73.49405, -74.18601, -73.84086, -73.970812, -74.09083, -73.35236, -73.91978, -74.05574, -73.50412, -73.67343, -73.50207, -73.63335, -74.6595, -73.78445, -74.3116, -73.92528, -74.37883, -74.263312, -74.24778, -74.41457, -74.37495, -74.438129, -74.05526, -73.6514, -74.40616, -73.79621, -74.3436, -73.566328, -73.446834, -74.03728, -73.89906, -73.905271, -74.14257, -73.89271, -73.318113, -73.3555, -74.37513, -74.62813, -73.49006, -74.38473, -74.130201, -73.70726, -74.116812, -74.40875, -73.76802, -73.970812, 
-73.58587, -74.92185, -74.23466, -73.70539, -74.14059, -73.61867, -74.31458, -73.60613, -73.788241, -73.4075, -73.764296, -73.65778, -74.45715, -73.629296, -73.346409, -74.14822, -73.55599, -74.11759, -73.36801, -74.56972, -73.56922, -74.185395, -73.82956, -73.72587, -74.15997, -73.86828, -74.572, -74.05452, -73.79363, -73.48051, -73.60664, -74.83536, -73.73647, -74.30134, -73.81545, -73.87151, -74.34369, -73.851898, -73.702443, -74.37431, -73.51802, -74.45667, -74.59577, -73.39593, -73.44559, -73.66576, 
-73.733532, -73.75943, -73.73477, -74.55282, -73.96763, -74.296985, -73.525561, -73.66465, -73.673862, -73.66221, -73.69482, -73.66405, -73.53703, -73.95946, -74.46772, -73.68976, -73.70913, -74.2901, -73.81773, -74.04978, -74.44937, -73.474809, -73.61619, -74.72401, -73.63801, -73.970812, -73.76061, -73.82983, -73.73329, -73.8179, -73.77719, -73.74833, -73.80053, -73.7856, -73.75894, -73.76924, -73.810373, -73.970812, -73.970812, -73.838035, -73.970812, -73.970812, -73.970812, -73.970812, -73.970812, 
-73.970812, -73.970812, -73.970812, -73.970812, -73.970812, -73.970812, -73.970812, -73.970812, -73.970812, -73.970812, -73.970812, -73.970812, -73.970812, -73.970812, -73.970812, -73.970812, -73.970812, -73.970812, -73.750314, -73.970812, -73.970812, -73.970812, -73.970812, -73.970812, -73.970812, -73.970812, -73.970812, -73.970812, -73.970812, -73.970812, -73.970812, -74.058015, -73.96317, -73.93619, -73.90507, -73.94337, -73.98942, -73.93571, -73.92002, -73.88096, -74.058015, -74.058015, -74.02259, 
-74.345684, -74.23471, -74.07288, -74.57574, -74.33926, -74.16063, -74.4557, -74.03995, -74.2619, -74.008, -73.90452, -74.29143, -73.989254, -74.15136, -74.10605, -74.37833, -74.54558, -74.20164, -74.10443, -74.15932, -74.15306, -74.42061, -73.97824, -74.52154, -74.02471, -74.003246, -74.15946, -74.50137, -74.52106, -74.102319, -74.925617, -74.22711, -74.14187, -74.345684, -74.23418, -74.06797, -74.27527, -74.30413, -74.067014, -74.1893, -73.99843, -74.23034, -73.94006, -74.386635, -73.935418, -74.18349, 
-74.64261, -73.99876, -74.23905, -74.40025, -74.68912, -74.15692, -74.24724, -74.01599, -74.32629, -74.473639, -73.97957, -74.40063, -74.24159, -74.02388, -74.04033, -74.07602, -74.03078, -74.59011, -74.007868, -73.97685, -74.4065, -74.20686, -73.95729, -74.424533, -74.16619, -74.12514, -74.07207, -73.99207, -74.35392, -73.934577, -74.10967, -74.34767, -73.96845, -74.27687, -74.24801, -74.24657, -74.11016, -73.55727, -73.6642, -73.57792, -73.909234, -73.743714, -73.92132, -73.96198, -73.847176, -73.743714, 
-73.743714, -73.968183, -73.71182, -73.76727, -74.06421, -73.56201, -73.51463, -74.03584, -74.01389, -73.65036, -73.58921, -73.77856, -73.8972, -74.18764, -73.86199, -73.933259, -73.9965, -73.54775, -73.687001, -73.67241, -73.79347, -73.75846, -73.936281, -73.90155, -73.74539, -73.757399, -73.98415, -74.2161, -73.667962, -73.68075, -73.52011, -73.96831, -74.1106, -74.24712, -74.04072, -74.354699, -74.354699, -74.05975, -74.354699, -74.061301, -74.09475, -73.57293, -73.59825, -73.6476, -74.32764, 
-73.66663, -74.07805, -73.80414, -73.67709, -73.8442, -73.88271, -73.95173, -74.15626, -74.11963, -73.78147, -73.89922, -73.69888, -73.72745, -73.88393, -74.059104, -73.7162, -74.1755, -74.345684, -74.15461, -73.89579, -73.55792, -73.641076, -73.56209, -73.91922, -73.743714, -73.88107, -73.743714, -74.596249, -74.69748, -74.521638, -74.92694, -74.90438, -74.4265, -74.755373, -75.02808, -74.95034, -74.55675, -74.97593, -74.98161, -74.60276, -74.87533, -74.60896, -74.75013, -75.03878, -74.81186, -74.57064, 
-74.60322, -74.52915, -75.08718, -74.72901, -74.84656, -75.030592, -74.64558, -74.66996, -74.92211, -74.8272, -74.961146, -74.657, -74.99109, -74.7361, -73.973533, -74.827587, -74.7857, -74.65618, -75.10493, -74.80674, -74.52273, -74.99385, -74.61427, -74.97995, -74.755373, -74.72961, -74.436159, -74.84003, -74.66315, -74.58836, -74.94475, -74.71252, -74.812, -74.62985, -74.72244, -74.755373, -74.430063, -74.82634, -74.6217, -74.57566, -74.85751, -74.84599, -74.59109, -74.5698, -74.50677, -74.87957, 
-74.93164, -74.797524, -73.64825, -73.63643, -73.67816, -73.455519, -73.899871, -73.76206, -73.4674, -73.89151, -74.061201, -74.43366, -73.65515, -73.71123, -73.38557, -73.81782, -73.47852, -73.639291, -73.40197, -73.85172, -73.40767, -73.69776, -74.406393, -73.50464, -73.58549, -73.712415, -73.68848, -73.31153, -73.8555, -73.50177, -73.978, -73.51881, -73.26044, -73.40651, -73.5735, -73.50948, -74.26631, -73.98345, -73.62987, -73.70766, -73.82911, -74.56669, -73.524554, -73.29152, -73.97033, -74.03747, 
-74.15321, -73.97457, -73.34095, -73.72147, -74.10546, -73.93994, -73.65812, -73.88689, -73.81116, -73.41569, -73.932509, -73.93002, -74.456913, -73.3526, -73.77038, -73.75802, -73.59633, -73.815204, -73.31852, -73.50767, -73.354596, -73.96174, -73.815204, -73.45414, -73.591652, -73.80527, -73.91693, -73.38318, -73.46617, -73.44639, -73.65694, -73.46734, -73.73441, -73.99256, -74.60211, -74.317958, -74.51434, -74.16565, -73.66667, -73.43636, -74.06054, -73.43225, -74.76539, -73.96545, -73.744555, 
-74.32809, -74.85053, -73.48357, -73.582317, -74.53485, -73.59542, -73.963279, -73.89584, -73.80001, -73.40591, -74.48703, -73.856116, -74.317958, -73.73028, -73.78934, -73.78131, -73.4801, -74.25801, -73.95985, -74.660413, -73.5404, -73.91824, -74.2772, -73.98702, -73.51745, -74.5716, -73.58022, -73.68023, -73.51287, -73.58384, -73.58219, -73.64792, -74.68843, -74.40784, -74.66213, -74.09679, -74.28753, -73.52307, -74.555957, -73.46132, -73.409243, -74.317958, -73.815204, -73.761204, -73.37017, 
-74.53721, -73.81196, -74.16843, -73.71355, -74.46299, -73.79282, -74.06053, -73.51156, -73.47194, -74.252254, -73.40668, -73.815204, -73.530601, -76.062425, -76.55882, -76.509567, -76.509567, -76.66998, -76.33901, -75.93107, -76.13966, -75.96057, -76.28757, -75.76484, -76.57176, -76.70818, -75.83037, -76.15144, -75.87116, -76.09505, -75.93241, -76.18002, -75.84853, -75.740848, -76.00138, -76.19217, -75.91128, -75.86633, -76.27901, -75.68091, -76.105201, -76.05538, -76.42589, -75.74261, -76.38271, 
-75.97818, -76.200448, -76.80197, -76.00876, -76.35283, -76.40029, -76.54154, -75.75188, -76.39345, -76.56767, -76.14871, -76.18566, -76.07493, -76.47874, -76.62939, -75.9619, -76.0167, -76.10983, -76.156103, -76.19365, -76.197701, -76.22068, -76.42578, -76.200448, -76.07789, -76.292723, -76.096357, -75.96763, -76.153442, -76.33811, -76.28318, -76.61441, -76.41482, -76.621747, -76.2382, -76.482365, -76.00695, -76.704722, -76.41226, -76.440833, -76.15797, -76.315044, -75.84778, -75.776918, -75.82012, 
-76.47992, -75.731391, -76.11416, -76.22912, -75.724015, -75.679351, -76.31339, -75.85216, -76.44698, -76.026459, -76.628454, -76.66055, -76.18642, -76.13619, -76.71545, -75.99069, -76.13214, -76.75716, -76.57045, -76.78366, -76.149045, -76.38963, -76.451147, -76.765591, -75.76265, -76.6729, -75.72307, -75.97209, -76.12717, -76.66641, -75.712551, -75.701639, -76.31946, -76.87027, -76.5563, -76.0552, -76.197701, -76.14994, -76.13733, -76.17536, -76.14501, -76.10724, -76.16406, -76.14747, -76.23488, 
-76.12653, -76.13688, -76.13931, -76.07635, -76.2177, -76.197701, -76.197701, -76.22072, -76.12823, -76.197701, -76.1032, -76.197701, -76.13, -76.139646, -76.197701, -76.197701, -76.156696, -76.197701, -76.197701, -76.17411, -75.21942, -75.97716, -75.4688, -75.1659, -75.480342, -75.68087, -75.33559, -75.5688, -75.27252, -75.25569, -75.32106, -75.14144, -75.74261, -74.57435, -75.24946, -75.27211, -74.7359, -75.387088, -75.22603, -75.37656, -74.97449, -75.49047, -74.91413, -75.29084, -75.4224, -74.74379, 
-74.87283, -75.56997, -74.80882, -75.65482, -75.24214, -74.98164, -75.07355, -74.64717, -75.10019, -75.39115, -75.17793, -75.34971, -75.480342, -75.54012, -75.0588, -74.9846, -75.117319, -74.72675, -75.25705, -75.43424, -75.0615, -74.77476, -74.89149, -75.518569, -75.50677, -75.616793, -74.84685, -75.46905, -75.3483, -75.103186, -75.544322, -75.688223, -75.4988, -75.28435, -75.480342, -74.947, -74.96051, -75.66314, -75.59457, -74.611711, -75.31502, -75.28767, -75.195695, -74.98117, -75.29566, -75.39938, 
-74.94498, -75.64678, -75.34281, -75.47889, -75.996773, -74.55536, -75.08534, -75.31757, -75.150183, -74.66771, -75.81709, -75.15821, -74.99121, -75.45531, -75.511301, -75.47796, -75.672508, -75.47796, -74.81731, -74.64537, -75.881404, -74.80223, -75.35448, -75.26202, -75.048502, -74.58404, -75.46547, -75.59912, -75.61558, -75.616793, -74.86479, -75.29542, -74.66524, -75.60493, -74.957099, -75.43828, -74.84542, -75.5134, -75.50381, -75.57702, -75.271559, -75.36494, -75.184913, -75.82785, -75.660462, 
-75.32353, -75.35861, -74.76529, -75.52172, -75.41944, -75.17053, -75.31182, -75.90529, -75.142771, -75.27716, -75.22681, -75.22284, -75.231158, -75.432486, -75.260259, -74.982271, -75.230195, -75.757217, -75.47796, -75.91199, -75.75793, -75.81845, -76.04936, -76.00793, -75.93103, -75.60331, -75.480342, -76.125914, -75.77839, -74.75386, -75.70576, -75.98315, -75.85521, -75.14417, -76.29288, -75.61724, -75.44761, -75.06915, -76.11992, -75.757938, -76.09312, -74.92847, -75.72942, -75.480342, -75.798319, 
-75.29944, -75.480342, -76.061552, -75.50293, -76.05711, -75.26149, -76.152508, -75.82694, -75.76113, -75.13664, -75.99068, -75.914556, -75.45537, -75.728357, -75.192865, -75.69227, -74.973218, -75.29253, -74.706763, -76.2127, -76.180886, -75.22228, -75.48794, -74.67374, -75.95725, -76.090424, -75.28123, -75.89354, -75.14571, -76.10465, -74.87693, -75.64797, -75.46279, -75.192865, -74.96875, -74.98906, -75.49024, -75.0697, -75.66879, -74.74685, -75.71159, -76.054313, -75.84263, -74.95289, -75.082041, 
-74.979811, -75.76895, -75.32389, -75.37897, -75.90347, -75.192865, -75.0694, -76.10295, -74.86633, -75.767772, -74.99617, -75.79671, -76.02621, -76.24023, -75.17201, -74.912493, -74.89998, -74.81213, -76.202658, -75.072951, -75.53429, -74.78184, -76.14733, -75.47528, -76.40638, -76.204, -76.097288, -76.123795, -74.78034, -74.75464, -76.34099, -75.91871, -75.872839, -75.84463, -74.982056, -75.81219, -75.74488, -74.8134, -74.900195, -74.89418, -74.91667, -75.44551, -75.00691, -75.11339, -74.91372, 
-75.721931, -76.05256, -75.74488, -75.74488, -75.74488, -76.071767, -75.17968, -75.16086, -75.33434, -76.01194, -75.75964, -75.48119, -74.99219, -75.28214, -76.159312, -74.70189, -75.65578, -74.66452, -75.96686, -75.208242, -76.036582, -75.79275, -75.14604, -76.02313, -75.77739, -76.05009, -76.06983, -75.35815, -74.925617, -74.97261, -75.25536, -75.41093, -75.09464, -76.17822, -76.36558, -75.55149, -75.528221, -75.52612, -75.05192, -75.18605, -75.639586, -76.25874, -75.62459, -75.65761, -75.7763, 
-74.96218, -76.15709, -74.925617, -75.39563, -75.25901, -76.400376, -75.83772, -74.72258, -75.38008, -75.67053, -76.381946, -75.05323, -74.925617, -75.727699, -75.3146, -76.02837, -75.74488, -75.14627, -75.24718, -74.925617, -75.12063, -75.95021, -75.89884, -76.38844, -75.63584, -75.88783, -75.8876, -75.90226, -75.85223, -75.93329, -75.305811, -78.50414, -78.184813, -78.51652, -78.24581, -79.04567, -78.63328, -78.40069, -78.887094, -78.27803, -78.52955, -78.40345, -78.19279, -78.184813, -78.24818, 
-78.73768, -78.68548, -79.030785, -78.71564, -78.247413, -78.49087, -78.61484, -78.63497, -78.68472, -78.8835, -78.849861, -78.38961, -78.46076, -78.474444, -78.17657, -78.37872, -78.984391, -78.47303, -78.7006, -78.98151, -79.32805, -78.70394, -78.59804, -78.13481, -78.61829, -78.312171, -78.87634, -78.15151, -78.64246, -78.32302, -79.08404, -79.16528, -79.3371, -77.607049, -78.30011, -78.16153, -78.56868, -78.76241, -78.64273, -78.9348, -78.95914, -78.8413, -78.53494, -79.09002, -78.38309, -78.44075, 
-78.9372, -78.65519, -78.88235, -79.02426, -78.68756, -78.830681, -78.3931, -78.52655, -78.55601, -78.38746, -78.48378, -78.830681, -78.72634, -78.830681, -78.887094, -78.91498, -78.992658, -78.33745, -78.86338, -78.27816, -78.726661, -78.75294, -79.01069, -78.153849, -78.90884, -78.88297, -78.366991, -78.52113, -79.238997, -79.16539, -79.05552, -78.53931, -78.667599, -78.68944, -78.07934, -79.042477, -78.43429, -78.8631, -78.887094, -79.415421, -78.32283, -78.999471, -78.585646, -78.67147, -78.6474, 
-78.83368, -78.475474, -79.02562, -78.88515, -78.8779, -78.8699, -78.86152, -78.887094, -78.81049, -78.89694, -78.85072, -78.86612, -78.83139, -78.82355, -78.82303, -78.8915, -78.83741, -78.8118, -78.85923, -78.8745, -78.82448, -78.82717, -78.8187, -78.73356, -78.8779, -78.84234, -78.75557, -78.75813, -78.80047, -78.74466, -78.79494, -78.887094, -78.887094, -78.887094, -78.744053, -78.887094, -78.887094, -78.887094, -78.873479, -78.887094, -78.887094, -78.887094, -78.887094, -78.887094, -78.784908, 
-78.887094, -78.887094, -79.03925, -78.830681, -79.03736, -78.96249, -79.03769, -77.855883, -78.2023, -76.982149, -77.73372, -77.02311, -77.99024, -77.715406, -77.20117, -77.93937, -78.06371, -77.83528, -77.29466, -77.346, -78.05135, -77.87334, -78.231338, -77.684264, -77.14416, -76.87557, -77.68103, -77.71925, -76.95775, -77.42331, -77.48709, -77.137642, -77.43483, -78.231338, -77.47054, -77.77733, -76.99394, -77.668326, -77.287611, -77.75302, -77.063876, -77.91991, -77.58983, -77.60843, -77.79548, 
-77.4509, -78.04393, -77.50488, -77.5919, -77.49687, -78.02581, -78.14128, -77.11824, -78.318828, -77.70625, -77.91499, -77.97053, -78.047214, -77.60183, -77.949818, -77.65301, -77.773919, -76.99231, -77.33068, -77.2298, -77.16948, -77.50263, -77.27447, -78.231338, -77.87663, -77.86458, -77.39457, -77.09424, -77.80347, -77.735079, -76.91443, -77.9075, -77.011839, -77.30097, -77.045288, -76.82964, -77.2223, -78.00056, -77.45849, -77.05664, -77.628857, -78.00361, -77.02486, -77.88795, -77.51181, -78.06929, 
-77.157465, -77.142027, -77.877876, -76.85353, -76.860779, -77.67433, -77.24024, -77.71275, -77.7836, -77.287611, -77.2434, -78.022364, -78.09375, -77.03599, -76.9876, -77.773919, -78.057252, -77.687643, -77.81809, -77.58341, -77.1321, -77.045288, -77.42022, -77.28515, -78.15948, -78.25412, -77.57637, -77.45364, -77.54848, -77.68215, -76.872442, -77.18498, -76.8252, -78.08887, -77.883511, -77.684264, -77.684264, -77.606774, -77.60375, -77.6012, -77.68132, -77.58962, -77.62401, -77.56272, -77.54587, 
-77.64162, -77.66183, -77.63794, -77.61519, -77.65194, -77.64905, -77.59721, -77.55904, -77.64685, -77.60377, -77.60368, -77.55638, -77.6352, -77.72465, -77.51114, -77.70626, -77.627674, -77.684264, -77.684264, -77.684264, -77.684264, -77.684264, -77.684264, -77.684264, -77.684264, -77.684264, -77.684264, -77.684264, -77.684264, -77.684264, -77.684264, -77.684264, -77.684264, -77.684264, -77.684264, -77.684264, -79.24459, -79.294921, -79.41091, -79.41091, -78.51587, -78.059374, -78.05768, -77.99413, 
-79.40865, -78.13384, -79.37689, -78.23769, -78.14489, -79.43873, -78.19335, -79.30101, -78.87436, -79.27912, -78.27257, -79.450523, -79.1364, -79.66612, -79.03785, -78.28649, -79.43348, -78.72101, -78.94734, -78.65425, -79.11347, -79.19126, -78.0973, -79.74933, -78.43114, -79.07622, -78.14308, -79.17185, -78.6337, -79.30958, -78.407, -78.19509, -78.140343, -79.08905, -78.64583, -79.32439, -79.006231, -79.323502, -78.61789, -78.20368, -78.80282, -79.417353, -79.48396, -79.41091, -78.42744, -78.807283, 
-79.51361, -79.47523, -78.30659, -77.519784, -78.95167, -78.168055, -79.69185, -78.016139, -78.23754, -78.684684, -78.7297, -79.59738, -79.26035, -78.87967, -79.3902, -79.412233, -78.221332, -79.57301, -78.377974, -77.28857, -77.78904, -77.77793, -77.82312, -76.72562, -77.79265, -77.71394, -77.47257, -77.43392, -77.3361, -76.9766, -78.01907, -76.94805, -77.08762, -76.73437, -76.35407, -76.83274, -77.42796, -77.35979, -77.20491, -77.84125, -77.58406, -76.71263, -76.62459, -77.49846, -77.141357, -77.04793, 
-77.56683, -77.93008, -76.9997, -76.66687, -77.63705, -77.18019, -76.86246, -76.94713, -77.65536, -76.878456, -76.83639, -77.99501, -76.72405, -76.49685, -76.505435, -76.467233, -76.483703, -76.608222, -77.5078, -77.364812, -76.92063, -77.13413, -76.54806, -76.84745, -76.69317, -76.706717, -76.83926, -76.84258, -76.60338, -76.77926, -77.11844, -76.90521, -76.84694, -77.29673, -77.16963, -76.925846, -77.68455, -76.93132, -77.19305, -77.97556, -76.35211, -76.54077, -76.48643, -77.89514, -77.5632, -76.6689, 
-77.026768, -76.58618, -76.91606, -76.53404, -77.097713, -76.75307, -77.94686, -77.79269, -77.42392, -76.79217, -76.750888, -76.84497, -76.80393, -76.83686, -76.750888, -80.28776, -80.22181, -80.38408, -80.20599, -79.88057, -79.93303, -80.3299, -80.33572, -79.84251, -79.74234, -80.08369, -80.11534, -79.79325, -80.33625, -79.94493, -80.41364, -79.91321, -79.83242, -79.90179, -80.35953, -80.23494, -79.80192, -79.77947, -80.1656, -80.024817, -79.86138, -79.89008, -79.80792, -80.179139, -79.85946, -79.92474, 
-80.23208, -80.50182, -79.95766, -79.88869, -80.2261, -80.024817, -79.8064, -80.44529, -79.85848, -80.42534, -80.36087, -80.40861, -80.12246, -80.20977, -80.23629, -80.47218, -80.2924, -80.28881, -79.88277, -79.92642, -80.14529, -79.72566, -80.29472, -79.95304, -79.74226, -79.439801, -80.18692, -79.85575, -80.2735, -79.82769, -79.83394, -80.386344, -80.38943, -80.23609, -80.21184, -79.80038, -79.78095, -79.74467, -80.09304, -79.84994, -79.89491, -79.75483, -80.05916, -80.024817, -80.024817, -80.024817, 
-79.96033, -80.03864, -79.86439, -80.09014, -80.18464, -79.85095, -79.83794, -79.96303, -79.90635, -79.89418, -80.024817, -80.26324, -80.024817, -80.00756, -80.024817, -79.81105, -79.84791, -79.8646, -80.024817, -79.8145, -80.07695, -79.81017, -79.83762, -79.77643, -80.12451, -80.15554, -79.78223, -79.82339, -79.76526, -79.83426, -79.80286, -79.554054, -80.024817, -79.95726, -80.0704, -79.97826, -80.06008, -80.07289, -79.91863, -79.93414, -79.89709, -79.97458, -79.98948, -80.01269, -80.01144, -79.95487, 
-80.0115, -79.9157, -80.03566, -79.92569, -79.88725, -79.98067, -80.04453, -79.87191, -79.99313, -79.95164, -79.94612, -80.13571, -80.01655, -79.97516, -80.0448, -80.03364, -80.024817, -80.024817, -79.9325, -80.02604, -80.01831, -79.83277, -79.97929, -80.03227, -79.86744, -79.74278, -80.024817, -80.07364, -80.024817, -80.0712, -80.024817, -79.899044, -80.024817, -80.024817, -80.024817, -80.024817, -80.024817, -80.024817, -80.024817, -80.024817, -80.024817, -80.024817, -80.024817, -80.024817, -80.024817, 
-80.024817, -80.024817, -80.024817, -80.024817, -80.024817, -80.024817, -80.024817, -79.9, -80.024817, -80.179475, -80.024817, -80.024817, -80.024817, -80.024817, -80.024817, -80.024817, -80.024817, -80.024817, -80.024817, -79.94, -79.94, -80.024817, -79.88, -79.939473, -80.25185, -80.48584, -80.18827, -80.44199, -80.02313, -80.01226, -79.98315, -80.26376, -80.16222, -79.98393, -80.18745, -80.04218, -80.40715, -80.06363, -79.96653, -79.95226, -80.27353, -80.10014, -80.02045, -79.99436, -80.00537, 
-79.9969, -79.992678, -80.37399, -79.93793, -80.15431, -80.31845, -80.35051, -80.21445, -80.05491, -80.10273, -80.07248, -80.22872, -79.99484, -80.07999, -80.20022, -79.92585, -80.39778, -80.3069, -80.211335, -80.009135, -79.99612, -79.9981, -80.27332, -80.07316, -80.2596, -80.21327, -80.19917, -80.27779, -80.378093, -80.031787, -80.05254, -79.99019, -80.17983, -80.50229, -80.44474, -80.27408, -80.42414, -80.46845, -79.7311, -79.90832, -79.35113, -79.846, -79.86681, -79.850366, -79.65217, -79.89869, 
-79.89261, -79.86798, -79.599126, -79.81957, -79.91911, -79.34803, -79.58414, -79.97336, -79.65886, -79.9339, -79.66089, -79.61815, -79.86413, -79.95183, -79.87475, -79.858471, -79.75186, -79.59465, -79.83787, -79.635842, -79.59124, -79.83113, -79.88768, -79.90541, -79.69296, -79.39475, -79.93869, -79.74272, -79.785349, -79.96943, -79.83613, -79.86378, -79.64333, -79.66014, -79.8618, -79.46514, -79.9102, -79.90196, -79.38538, -79.833585, -79.43272, -79.65217, -79.89611, -79.65217, -79.84669, -79.41616, 
-79.52989, -79.856751, -79.71589, -79.75697, -79.90126, -79.87846, -79.922, -79.86448, -79.81247, -79.72573, -79.77879, -79.76338, -79.85174, -79.78956, -79.33009, -79.6819, -79.768901, -79.69946, -79.42598, -79.77089, -79.718512, -79.1105, -79.258458, -79.04089, -79.06772, -78.63027, -78.52204, -78.94183, -79.0629, -79.06594, -78.24245, -78.70159, -78.4423, -78.20512, -78.36456, -78.84235, -78.5839, -79.22064, -78.99023, -79.06935, -79.09236, -78.76286, -79.04944, -79.06371, -78.938653, -79.012306, 
-78.63685, -79.25388, -79.00013, -78.77215, -78.5877, -79.087198, -79.22093, -79.0868, -78.66391, -78.90589, -79.090158, -79.13245, -78.94801, -78.844105, -79.037983, -79.54126, -79.439801, -79.439801, -79.42425, -79.65604, -79.59033, -79.57544, -79.73879, -79.439801, -79.66042, -79.48116, -79.439801, -79.34079, -79.439801, -79.30426, -79.61645, -79.46886, -79.67427, -79.57266, -79.30172, -79.38106, -79.56196, -79.451575, -79.58704, -79.61837, -79.52297, -79.60693, -79.49612, -79.65576, -79.71321, 
-79.14313, -79.60071, -79.73165, -79.58961, -79.71324, -79.653388, -79.61469, -79.32665, -79.72574, -79.38845, -79.19266, -79.61381, -79.22882, -79.77196, -79.35901, -79.47547, -79.67839, -79.617187, -79.66646, -79.52492, -79.67948, -79.43967, -79.3194, -79.61611, -79.55779, -79.49619, -79.64061, -79.45737, -79.23651, -79.72904, -79.63584, -79.49522, -79.4463, -79.451575, -79.59396, -79.51475, -79.52466, -79.42092, -79.31493, -79.59265, -79.49244, -79.56708, -79.686626, -79.67632, -79.40846, -79.69532, 
-79.36465, -79.58172, -79.68406, -79.16146, -79.129445, -78.85799, -78.96306, -78.84707, -79.25965, -78.7936, -78.87784, -79.19534, -79.24611, -79.0846, -78.78764, -78.72133, -79.16106, -78.81275, -79.34538, -79.323745, -78.98999, -78.93008, -79.08486, -79.17407, -79.21224, -78.9622, -79.00688, -79.34332, -78.752415, -78.775076, -79.16422, -78.962877, -78.86765, -78.8636, -79.08397, -78.91839, -78.877331, -79.14759, -79.14264, -79.185048, -79.129445, -79.28315, -78.66543, -79.1497, -79.29689, -78.72404, 
-79.129445, -79.04221, -78.79936, -78.89325, -78.83252, -79.13757, -79.02664, -78.98412, -78.97017, -79.15992, -78.98991, -78.91752, -78.73335, -79.3328, -78.77125, -79.11389, -78.95812, -79.20053, -79.23317, -79.04992, -78.99646, -79.35524, -79.13928, -78.74648, -80.177979, -78.35854, -78.665057, -78.71987, -78.80577, -79.06479, -78.50472, -79.13567, -79.19369, -78.621286, -78.17987, -78.25309, -78.81129, -78.50411, -78.68278, -78.61075, -79.0308, -78.72684, -78.56335, -78.88994, -78.74776, -78.62593, 
-78.54272, -79.04707, -78.04939, -78.83719, -79.19553, -78.81868, -78.78711, -78.42919, -78.65347, -79.141174, -78.91485, -78.90069, -78.86612, -78.93802, -78.94132, -78.915147, -78.87674, -78.702224, -79.04608, -78.694043, -78.702224, -79.14574, -78.80478, -78.64104, -78.81509, -78.79067, -78.92978, -79.00063, -78.71981, -78.74591, -78.80196, -78.95052, -78.91515, -78.98782, -78.61924, -78.62996, -78.83563, -78.84402, -79.0772, -78.873296, -78.6651, -78.76419, -79.13701, -78.776137, -78.77164, -78.900533, 
-79.01806, -78.7063, -78.78201, -78.89205, -78.7433, -78.915567, -78.861308, -78.94295, -78.719019, -78.81978, -78.720134, -79.785885, -79.9113, -79.86119, -79.92758, -80.10054, -79.92758, -79.92758, -79.92758, -79.90816, -79.92758, -79.73005, -79.75147, -80.03721, -79.75428, -80.0137, -79.61922, -79.84392, -79.79791, -80.04848, -79.72506, -80.00429, -79.67366, -80.13033, -79.9632, -79.92758, -79.84091, -79.7102, -79.91314, -80.03359, -79.808899, -79.66317, -79.75423, -80.14799, -80.06125, -79.97811, 
-79.65393, -79.73603, -79.83422, -80.05506, -79.453751, -79.93733, -79.8851, -80.13343, -80.11374, -80.32747, -80.38291, -80.308376, -80.34539, -80.308376, -80.308376, -80.37501, -80.2834, -80.49346, -80.4241, -80.18346, -80.44364, -80.45756, -80.27534, -80.46851, -80.49404, -80.19444, -80.26042, -80.37424, -80.08174, -80.22367, -80.37143, -80.49576, -80.12409, -80.46177, -80.32428, -80.2364, -80.50393, -80.40181, -80.33492, -80.46266, -80.07987, -80.49896, -80.45797, -80.46312, -80.2073, -80.08895, 
-80.42771, -80.50611, -80.23, -80.34189, -80.45319, -80.36453, -80.4957, -80.333192, -79.49922, -79.52058, -79.129445, -79.58296, -79.557, -79.37196, -79.451575, -79.451575, -79.20159, -79.59137, -79.453751, -79.453751, -79.24188, -79.37922, -79.29524, -79.453751, -79.51228, -79.53488, -79.65608, -79.27416, -79.55397, -79.27869, -79.32695, -79.35134, -79.52342, -79.52164, -79.13944, -79.2235, -79.3461, -79.2727, -79.29719, -79.18023, -79.50254, -79.31915, -79.23196, -79.34352, -79.45122, -79.46865, 
-79.13528, -79.453751, -79.28293, -79.45161, -79.22805, -79.451575, -79.65268, -79.33317, -79.651602, -79.69044, -79.730975, -80.0222, -79.309668, -79.11801, -80.05761, -80.29601, -79.86027, -79.6478, -79.40272, -79.3633, -79.83921, -79.43125, -79.94934, -80.065793, -79.27004, -79.57486, -79.37128, -78.9393, -79.44164, -80.15214, -79.42231, -79.53852, -79.93647, -79.75012, -79.68946, -79.09583, -79.6864, -79.03116, -79.33007, -79.39428, -79.04693, -79.3902, -79.69298, -80.062136, -79.88684, -79.34078, 
-79.96704, -79.51724, -79.15521, -79.264322, -79.264322, -79.264322, -79.264322, -79.40911, -79.31703, -79.87436, -79.70044, -79.82675, -79.453751, -80.157553, -80.37687, -79.478, -80.02524, -79.78908, -79.54534, -80.35888, -79.65224, -80.32884, -80.44277, -80.15129, -80.064915, -79.787096, -80.23526, -79.44777, -80.3098, -79.54788, -79.9409, -80.31618, -80.34064, -80.43671, -80.14448, -79.96986, -79.83296, -80.42585, -80.065793, -80.14613, -79.68296, -80.38568, -79.51047, -79.843, -80.1145, -79.98542, 
-79.82547, -80.48002, -80.064915, -80.064915, -80.08437, -80.10024, -80.06351, -80.05187, -80.15552, -80.14541, -80.08452, -80.09147, -80.06927, -80.0004, -80.01686, -80.257855, -80.064915, -80.064915, -80.064915, -80.064915, -80.064915, -80.064915, -80.064915, -80.064915, -80.064915, -80.064915, -80.064915, -80.064915, -80.064915, -80.064915, -80.064915, -80.064915, -80.064915, -80.064915, -78.40082, -78.39121, -78.410035, -78.10583, -78.5406, -78.421434, -78.44099, -78.33361, -78.41481, -78.3527, 
-78.13, -78.06665, -78.04002, -78.6098, -78.48646, -78.52097, -78.526274, -78.5885, -78.34748, -78.23205, -78.17565, -78.44934, -78.51947, -78.43301, -78.20534, -78.47615, -78.56081, -78.55617, -78.463679, -78.50032, -78.70932, -78.10103, -78.37421, -78.26845, -78.36046, -77.99417, -77.966977, -78.53545, -78.5578, -78.1723, -78.37709, -77.966977, -78.46167, -78.31987, -78.375, -78.41772, -78.43508, -78.28335, -78.52762, -78.63816, -77.96449, -78.50652, -78.4013, -78.25489, -78.39897, -78.10266, -78.675548, 
-78.26071, -78.22785, -78.20555, -78.41085, -78.43559, -78.45919, -78.07012, -78.303614, -78.07926, -78.24353, -78.08406, -78.15342, -78.69622, -78.2221, -78.13583, -78.37197, -78.422403, -78.702224, -78.65448, -78.07011, -78.37938, -78.659, -78.58059, -78.53541, -78.665057, -78.4841, -78.42256, -78.39317, -78.60663, -78.56703, -78.84, -78.80734, -78.68839, -78.61379, -78.27125, -78.5454, -78.50206, -78.14362, -78.16186, -78.44419, -78.32445, -78.76347, -77.84993, -77.86281, -77.89936, -77.760172, 
-77.760172, -77.658267, -77.42424, -78.422403, -77.60545, -77.77387, -78.30514, -77.60029, -77.78689, -77.6849, -77.96226, -78.43838, -77.47633, -78.55176, -78.1104, -77.875191, -78.2344, -78.4745, -78.62296, -78.11298, -78.20652, -77.66909, -78.46381, -77.91555, -78.10643, -78.16804, -77.53613, -78.12121, -78.422403, -77.81584, -77.52998, -77.7892, -77.47605, -78.37324, -77.64581, -78.19085, -78.024, -78.1668, -78.53394, -78.48998, -77.75273, -77.96941, -78.21678, -77.911776, -78.045, -78.04399, 
-77.35299, -78.422403, -77.93356, -77.57458, -78.28886, -78.08561, -78.30853, -78.15005, -78.32112, -77.32269, -77.31915, -76.521266, -77.14153, -77.0616, -76.76982, -77.98905, -77.07521, -77.49843, -77.31123, -77.53768, -77.68562, -77.87089, -76.78511, -76.71175, -77.67187, -77.42457, -77.13731, -77.13755, -76.94145, -77.06939, -77.31285, -76.94413, -77.71978, -77.31191, -77.01677, -77.24667, -77.75122, -77.35306, -77.59404, -76.521266, -77.14224, -76.80388, -77.75115, -77.52164, -76.924996, -77.83124, 
-76.53498, -77.73883, -76.8113, -77.52681, -77.12245, -76.978448, -77.56552, -76.5806, -76.93084, -77.242805, -77.19987, -77.345514, -76.511942, -76.40602, -76.87648, -76.92332, -77.02628, -77.03405, -77.65046, -76.60763, -76.81316, -77.30162, -76.94251, -76.42443, -76.9963, -76.6434, -77.62577, -76.737545, -77.292578, -76.8727, -76.6434, -76.78563, -77.5843, -76.7048, -77.39337, -76.51296, -76.258399, -77.29933, -76.53769, -76.42344, -76.89807, -77.5774, -76.99402, -76.42501, -77.40369, -76.72086, 
-77.24149, -77.002296, -77.77254, -77.9779, -76.96659, -77.723716, -76.99827, -77.345514, -76.73557, -77.46457, -77.36866, -77.91154, -76.93743, -77.14962, -77.54813, -76.46847, -77.19201, -77.8739, -76.3147, -77.17959, -76.96991, -76.86849, -77.292578, -77.08212, -76.24974, -77.13907, -77.83649, -77.31228, -76.52753, -76.5912, -76.80346, -77.28825, -77.42137, -76.43823, -77.60264, -76.385727, -77.11862, -76.26401, -76.29673, -76.936046, -77.18464, -77.242805, -76.9287, -77.23385, -76.68525, -76.62209, 
-77.57953, -76.88279, -76.89053, -76.86217, -76.85922, -76.875207, -76.850061, -76.876437, -76.801693, -76.82841, -76.88528, -76.80298, -76.7808, -76.82579, -76.882745, -76.893751, -76.871209, -76.883734, -76.885967, -76.882854, -76.880021, -76.880884, -76.782323, -76.880884, -76.882889, -76.846449, -76.847194, -77.66139, -77.71, -77.661354, -78.42113, -78.06337, -77.77414, -77.47038, -77.90039, -77.725013, -77.71034, -77.72092, -77.81148, -77.52006, -77.96308, -77.90623, -77.74923, -78.09348, -78.02273, 
-77.857889, -77.640461, -77.99529, -77.69775, -77.92889, -77.55239, -78.12821, -77.84147, -77.57259, -77.40826, -77.87139, -77.65433, -77.671754, -77.581092, -77.90043, -77.52474, -77.670626, -77.81001, -78.00567, -77.58878, -77.8617, -77.674851, -77.50622, -77.89067, -77.488633, -77.70883, -77.718629, -77.98067, -77.79113, -77.41026, -78.23675, -77.57241, -78.245581, -77.7993, -77.79943, -77.62702, -77.464257, -77.77637, -76.98359, -76.40849, -77.300085, -77.218, -77.2496, -77.2917, -76.44796, -77.356642, 
-76.84165, -76.506639, -76.64405, -76.33655, -76.85763, -77.00863, -76.5206, -76.72921, -76.7872, -77.37768, -76.44339, -76.55122, -77.027926, -77.22858, -77.22904, -77.213493, -76.74785, -76.85248, -76.97727, -76.735116, -76.687826, -76.98, -76.98, -77.200131, -76.86904, -77.10806, -76.707997, -77.32608, -77.01905, -76.72398, -76.703553, -76.69584, -76.68112, -77.06305, -76.50129, -77.3794, -76.89927, -76.69939, -76.59778, -76.687826, -76.76403, -76.67748, -76.87182, -76.59359, -76.9018, -76.94481, 
-76.56268, -76.52757, -76.76352, -76.789624, -77.1099, -77.213493, -76.72887, -76.67785, -76.71328, -76.76764, -76.597187, -76.59646, -76.71206, -76.81, -76.687826, -76.204, -76.66707, -76.297582, -76.328081, -76.19149, -76.052379, -76.016047, -76.21665, -76.02508, -76.487732, -76.49011, -76.36066, -76.12655, -76.25348, -76.0227, -76.35153, -76.34643, -76.17619, -75.99195, -76.238766, -76.11175, -76.28548, -76.260725, -76.106902, -76.04649, -76.07373, -76.238729, -76.41582, -76.19007, -76.29946, 
-76.4123, -76.57145, -76.08756, -76.57779, -76.36018, -76.50919, -76.42806, -75.96767, -76.08031, -76.21546, -76.09224, -76.1749, -76.297582, -76.32496, -76.15056, -76.116445, -76.232229, -76.09645, -76.56991, -76.15367, -76.297582, -76.434285, -76.1964, -76.297582, -76.16682, -76.17781, -76.213075, -76.05041, -76.45568, -76.28733, -76.26963, -76.211427, -76.3155, -76.27575, -76.33328, -76.335631, -76.297582, -76.305378, -76.297582, -76.297582, -76.37, -76.31, -76.297582, -77.0108, -77.02267, -77.023601, 
-77.023601, -77.218368, -77.31604, -77.023601, -77.023601, -76.82304, -77.431745, -77.023601, -77.08211, -77.78665, -76.87893, -76.58391, -76.521266, -76.69048, -77.64014, -77.40671, -77.25975, -77.28278, -76.6084, -76.521266, -77.15154, -77.42658, -77.29872, -77.36332, -76.81871, -77.4631, -77.49516, -76.88449, -76.90382, -76.73877, -76.747251, -76.5442, -77.12137, -77.68536, -76.71173, -76.95432, -77.79678, -76.95078, -77.46288, -76.74643, -77.023601, -77.03435, -76.73831, -77.618532, -76.53935, 
-77.38615, -76.84924, -77.92124, -77.372827, -76.681186, -76.77124, -77.00557, -77.23037, -77.17854, -76.37738, -76.43982, -76.43888, -76.63449, -76.604896, -76.73738, -76.53547, -76.49366, -76.94339, -76.664574, -77.15522, -76.80513, -76.835439, -76.46387, -76.96291, -76.47131, -77.19808, -76.5997, -76.9139, -76.438413, -76.43928, -77.34934, -77.03834, -77.07752, -77.05294, -77.17437, -76.51679, -76.83647, -76.85724, -76.41898, -77.00629, -76.985, -76.91245, -76.78947, -76.424297, -76.39923, -76.62615, 
-77.08455, -77.0582, -76.90271, -76.78654, -76.56393, -76.68758, -76.63116, -76.86138, -76.56417, -76.82241, -76.667267, -76.33154, -77.08184, -76.67105, -77.20537, -77.08184, -76.67506, -77.31213, -76.86828, -76.87189, -76.37737, -76.91202, -76.2139, -76.33997, -76.34824, -76.13162, -76.32397, -76.06899, -76.34017, -76.19448, -76.13678, -76.23232, -76.503339, -76.24143, -76.21547, -76.28315, -76.33944, -76.4814, -76.62897, -76.229623, -76.38158, -76.27989, -76.37371, -76.25805, -76.13737, -76.24258, 
-76.24495, -76.05513, -76.08556, -76.26024, -76.51986, -76.1278, -75.96098, -76.0785, -76.38129, -76.52368, -76.16405, -76.229623, -76.21615, -76.60502, -76.19111, -76.19352, -76.23554, -76.20421, -76.64059, -76.19887, -76.55479, -76.39579, -76.03747, -76.54562, -76.20494, -75.471156, -75.426247, -75.471156, -75.471156, -75.62213, -75.59136, -75.19004, -75.40078, -75.37542, -75.471156, -75.36926, -75.38831, -75.32938, -75.973747, -75.306102, -75.471156, -75.66158, -75.64919, -75.47123, -75.41501, 
-75.53855, -75.40103, -75.5044, -75.49158, -75.10278, -75.22349, -75.50845, -75.22082, -75.137186, -75.471156, -75.26722, -75.568502, -75.49822, -75.471156, -75.65222, -75.49224, -75.70754, -75.44613, -75.3261, -75.55229, -75.49765, -75.53601, -75.57864, -75.56515, -75.18589, -75.31632, -75.611647, -75.72689, -75.48697, -75.471156, -75.60728, -75.53852, -75.58537, -75.25776, -75.48659, -75.5154, -75.48431, -75.22121, -75.61626, -75.65864, -75.62113, -75.28817, -75.26477, -75.454043, -75.25335, -75.54488, 
-75.60049, -75.57535, -75.30274, -75.51958, -75.583861, -75.471156, -75.471156, -75.47022, -75.4793, -75.45915, -75.52104, -75.471156, -75.58893, -75.471156, -75.45705, -75.621058, -75.579884, -75.98519, -75.990392, -75.55484, -75.82947, -75.708281, -76.06652, -75.91493, -75.91011, -76.05963, -76.06929, -75.90569, -75.98932, -75.880146, -75.89791, -75.96874, -75.6982, -75.94189, -76.00488, -75.88198, -75.96009, -75.70596, -75.99548, -75.98173, -75.84811, -76.16898, -76.12636, -75.966146, -75.66924, 
-76.03218, -76.18859, -76.058391, -76.11711, -76.09565, -75.8674, -76.08117, -75.97705, -75.96359, -75.8265, -76.13916, -75.15936, -75.18, -75.236436, -75.29039, -75.4, -75.27298, -74.99786, -75.24344, -75.27865, -75.14262, -74.95917, -75.45726, -75.43501, -75.26213, -75.49795, -75.43058, -75.208269, -74.70553, -74.88565, -74.744, -75.13254, -75.294125, -75.1112, -75.35501, -75.39631, -75.55717, -75.30798, -75.36453, -75.46037, -75.09773, -75.348026, -75.35881, -75.32185, -75.36259, -75.09995, -75.23884, 
-75.26026, -75.3191, -75.024055, -75.31865, -75.024055, -74.95183, -75.274708, -75.54909, -75.10381, -75.51015, -75.693335, -75.71134, -75.59722, -75.73826, -75.12383, -75.547966, -75.20349, -75.79296, -75.71102, -75.46199, -75.49121, -75.00683, -75.27069, -75.335384, -75.13473, -75.50111, -75.25102, -75.56795, -75.56605, -75.01149, -75.39395, -75.33611, -75.24702, -75.34132, -75.767583, -75.62979, -75.11552, -75.52671, -75.36218, -75.74693, -75.60486, -75.596231, -75.274708, -75.23826, -75.58669, 
-75.37109, -75.274708, -75.36086, -75.33971, -75.04617, -74.92544, -75.40884, -75.34474, -75.34499, -75.43221, -75.31601, -75.18585, -75.50841, -75.36779, -75.13718, -75.5417, -75.70629, -75.39613, -75.20779, -75.637626, -75.689965, -75.66588, -75.6879, -75.66603, -75.71228, -75.66187, -75.64726, -75.64508, -75.61821, -75.637626, -75.706485, -75.71535, -75.73829, -75.62478, -75.637626, -75.637626, -75.637626, -76.17626, -75.75144, -76.24934, -75.53909, -76.30735, -75.97596, -76.38889, -75.85774, 
-76.6237, -76.07455, -76.03662, -76.6963, -76.08882, -76.27211, -76.1487, -75.60137, -75.85458, -76.49446, -76.021037, -76.30865, -76.13179, -76.03178, -76.30717, -76.38074, -76.00325, -76.20682, -76.07007, -75.058245, -75.77942, -75.74189, -75.76279, -75.81587, -75.85208, -75.94878, -75.82447, -76.03193, -76.19361, -76.19316, -75.95006, -76.06397, -75.75965, -75.104872, -75.880146, -75.88438, -75.87254, -75.88569, -75.89076, -75.84569, -75.91781, -75.9194, -75.94148, -75.89369, -75.880146, -75.880146, 
-76.377114, -75.880146, -75.880146, -75.880146, -75.880146, -75.880146, -75.88959, -75.880146, -75.880146, -75.880146, -75.880146, -75.880146, -75.9179, -76.50508, -75.95528, -75.80831, -76.60854, -76.521266, -75.89424, -76.63313, -76.04473, -75.64431, -75.74391, -75.77536, -75.70091, -75.7846, -75.59506, -75.72679, -75.58203, -76.07042, -76.17415, -76.11639, -76.60496, -76.55565, -76.46516, -75.72077, -76.29687, -76.11934, -76.52578, -75.61752, -75.88314, -75.91836, -76.18303, -76.24243, -75.57241, 
-76.45298, -76.5021, -76.16896, -76.26615, -76.35906, -75.12854, -75.09, -75.152176, -75.10278, -75.10278, -75.074252, -75.04129, -75.20657, -75.25783, -75.10278, -75.20246, -75.374155, -75.07901, -75.10278, -75.10278, -75.16497, -75.358575, -75.06283, -75.098468, -75.2436, -75.04288, -75.09357, -75.21189, -75.10278, -75.25572, -75.10278, -75.067622, -75.10278, -75.22829, -74.99319, -74.93912, -75.16183, -75.009401, -75.25926, -75.100804, -75.062204, -75.11842, -75.142522, -75.074832, -75.34838, 
-75.10278, -75.00379, -75.31938, -75.01568, -75.448579, -75.435539, -75.31101, -75.26953, -75.10278, -75.325, -75.00831, -75.10278, -75.34589, -75.38625, -75.376985, -75.12642, -75.0887, -75.13458, -74.87885, -75.35586, -75.01422, -75.10278, -75.10278, -75.12695, -75.21158, -75.29694, -75.23309, -75.06115, -74.85548, -75.36083, -75.06716, -75.32764, -75.10439, -75.37444, -75.4326, -75.38761, -75.405987, -75.466949, -75.29639, -75.11787, -74.93734, -74.89912, -75.33958, -75.26517, -75.16047, -75.30184, 
-75.12406, -75.405987, -75.29156, -74.84611, -75.21334, -75.28088, -75.32755, -75.20374, -75.28002, -75.29371, -75.405987, -75.16829, -75.337234, -75.1067, -75.3088, -75.30893, -75.14386, -75.10949, -74.91203, -74.92461, -75.10278, -75.26453, -75.445589, -74.98228, -74.82066, -74.83617, -74.88576, -74.85821, -75.10278, -75.10278, -75.49, -75.44063, -75.40251, -75.33562, -75.386136, -75.2493, -74.81812, -75.32489, -75.25805, -75.41265, -75.29717, -75.18632, -75.30847, -75.32272, -75.26939, -75.357678, 
-75.34658, -75.26856, -75.30861, -75.3473, -75.37006, -75.40069, -75.405987, -75.357308, -75.1216, -75.405987, -75.11787, -75.11787, -75.34542, -75.14707, -75.27624, -75.310731, -75.11787, -75.11787, -75.16558, -75.17406, -75.19957, -75.11787, -75.14589, -75.15853, -75.1605, -75.163722, -75.163572, -75.08018, -75.19044, -75.26353, -75.00155, -75.04118, -75.0154, -75.20772, -75.18858, -75.12118, -75.1745, -75.14336, -75.14764, -75.08769, -75.12565, -75.13793, -75.22311, -75.22104, -75.1839, -75.17222, 
-75.22486, -75.16977, -75.14054, -75.11116, -75.04966, -75.02644, -75.07404, -75.15654, -75.23003, -75.14503, -75.1447, -75.23453, -75.22718, -75.17203, -75.18259, -75.18067, -75.15409, -75.15803, -75.06658, -75.17106, -75.25256, -75.04837, -75.23221, -74.97719, -75.11787, -76.009125, -75.11787, -75.11787, -75.11787, -75.11787, -75.11787, -75.150011, -75.11787, -75.12957, -75.23, -75.11787, -75.11787, -75.11787, -75.11787, -75.11787, -75.11787, -75.11787, -75.11787, -75.11787, -75.11787, -75.16, 
-75.11787, -75.167622, -75.11787, -75.11787, -75.16, -75.11787, -75.11787, -75.11787, -75.11787, -75.48357, -75.97024, -75.77244, -75.44986, -75.83584, -75.5961, -75.811789, -75.52526, -75.82275, -75.91411, -75.516529, -75.42174, -75.71389, -75.405987, -75.405987, -75.63425, -75.50109, -75.74602, -75.88488, -75.565, -75.748055, -75.748055, -75.71227, -75.78759, -75.748055, -75.8944, -75.499046, -75.743272, -75.53221, -75.748055, -75.80215, -75.7857, -76.059, -75.97458, -75.92047, -75.748055, -75.88285, 
-75.88984, -75.748055, -75.748055, -75.75964, -75.5314, -75.7553, -75.750203, -75.748055, -75.59332, -75.748055, -75.59729, -75.602401, -75.61, -75.84233, -75.544822, -75.748055, -75.748055, -75.748055, -75.33843, -75.38378, -75.35586, -75.3405, -75.37525, -75.35586, -75.413127, -75.35586, -75.34, -75.456719, -75.63332, -75.27816, -75.364973, -75.35586, -75.64124, -75.44873, -75.30509, -75.35586, -75.419966, -75.559975, -75.56937, -75.25091, -75.26271, -75.38569, -75.29479, -75.35586, -75.617739, 
-75.34392, -75.2557, -75.29156, -75.35586, -75.35586, -75.35586, -75.50218, -75.24731, -75.35586, -75.453631, -75.58449, -75.52341, -75.29257, -75.63481, -75.66107, -75.53236, -75.728759, -75.57372, -75.47097, -75.4052, -75.57621, -75.232407, -75.4582, -75.688005, -75.453735, -75.455408, -75.35586, -75.35586, -75.35586, -75.301918, -75.748055, -75.748055, -75.748055, -75.357555, -75.486, -75.748055, -75.748055, -75.748055, -75.748055, -76.05765, -75.58836, -75.58992, -75.62617, -76.12911, -76.27269, 
-75.8254, -75.88034, -75.7393, -75.6632, -76.00719, -75.984901, -75.73931, -75.73144, -75.80669, -75.81997, -75.83588, -75.858731, -75.594, -75.98463, -75.83474, -75.77566, -75.98937, -75.87434, -75.801009, -75.75698, -75.740942, -75.68225, -75.96683, -76.02438, -75.768437, -75.89259, -76.29564, -75.63082, -75.951709, -75.76372, -75.984901, -76.02559, -76.24373, -76.13741, -76.10833, -75.96466, -75.814984, -76.1841, -75.91163, -75.70315, -75.869653, -76.08921, -76.20054, -75.93577, -75.91962, -75.963055, 
-75.91205, -75.9375, -75.87002, -75.95565, -76.02422, -75.9921, -75.97099, -75.94215, -75.885303, -75.984901, -75.86638, -75.917477, -75.590662, -75.69945, -75.71386, -75.46455, -75.59204, -75.68586, -75.690069, -75.6932, -75.58881, -75.7431, -75.597047, -75.71796, -75.597047, -75.597047, -75.597047, -75.597047, -75.597047, -75.59003, -75.597047, -75.597047, -75.597047, -75.65976, -75.57656, -75.57433, -75.65058, -75.66801, -75.597598, -75.64934, -75.462796, -75.601491, -75.54833, -75.53312, -75.53401, 
-75.60806, -75.58251, -75.56413, -75.60256, -75.6631, -75.49656, -75.50242, -75.596283, -75.755807, -75.597047, -75.480887, -75.597047, -75.597047, -75.597047, -75.597047, -75.597047, -75.597047, -75.597047, -75.597047, -75.597047, -75.597047, -75.597047, -75.597047, -75.597047, -75.597047, -75.597047, -75.624617, -75.51163, -75.46953, -75.448023, -75.5587, -75.448023, -75.54, -75.680797, -75.06062, -75.6147, -75.60807, -75.58871, -75.584848, -75.6807, -75.21465, -75.5669, -75.42595, -75.57907, -75.58978, 
-75.05356, -75.18364, -75.46634, -75.39269, -75.60966, -75.23286, -75.61343, -75.70428, -75.51264, -75.66549, -75.55304, -75.16282, -75.39889, -75.448289, -75.49858, -75.41449, -75.73943, -75.2411, -75.11175, -75.28665, -75.353387, -75.09928, -75.09677, -75.61102, -75.15642, -75.59391, -75.57185, -75.57057, -75.05666, -77.01732, -76.99097, -76.99447, -77.0276, -77.03088, -77.04195, -77.07179, -77.06039, -77.03777, -77.02929, -77.02097, -77.02858, -77.014647, -77.06737, -77.08723, -76.99125, -76.97523, 
-76.93811, -76.97138, -76.96, -77.01, -77.02362, -77.014647, -76.98, -77.014647, -77.014647, -77.00058, -77.014647, -77.014647, -77.04148, -77.05126, -77.014647, -77.014647, -77.014647, -77.014647, -77.014647, -77.014647, -77.014647, -77.0319, -77.014647, -77.014647, -77.020998, -77.014647, -77.014647, -77.047899, -77.014647, -77.020959, -77.014647, -77.014647, -77.014647, -77.014647, -77.020398, -77.014647, -77.036948, -77.046645, -76.996348, -77.028198, -77.014647, -77.014647, -77.014647, -77.014647, 
-77.014647, -77.014647, -77.025098, -77.014647, -77.014647, -77.014647, -77.014647, -77.014647, -77.014647, -77.014647, -77.014647, -77.014647, -77.014647, -77.014647, -77.014647, -77.014647, -77.014647, -77.442066, -77.645224, -77.449952, -77.645224, -77.60878, -77.99031, -77.533263, -77.487162, -77.51294, -77.47694, -77.44915, -77.44796, -77.449443, -77.88174, -77.860127, -77.74903, -77.74996, -77.63866, -77.44998, -77.43964, -77.288755, -77.39237, -77.977432, -77.61471, -77.94907, -77.743423, 
-77.72798, -77.702576, -77.87192, -77.56917, -77.7057, -77.67295, -77.70361, -77.87243, -77.77328, -77.774665, -77.56391, -77.9255, -77.645224, -77.49064, -77.52276, -77.645224, -77.4363, -77.5038, -77.288755, -77.62404, -77.466897, -77.66186, -77.662072, -77.688338, -77.645224, -77.39295, -77.38701, -77.43442, -77.645224, -77.466897, -77.64947, -77.38527, -77.40085, -77.288755, -77.58025, -77.54519, -77.666863, -77.608014, -77.64239, -77.57365, -77.585708, -77.87487, -77.879855, -77.8145, -77.73717, 
-77.820293, -77.04, -77.3462, -77.3469, -77.288755, -77.288755, -77.34658, -77.288755, -77.288755, -77.63118, -77.75907, -77.645224, -77.014647, -77.014647, -77.046645, -77.014647, -77.014647, -77.014647, -77.011748, -77.014647, -77.014647, -77.014647, -77.014647, -77.014647, -77.014647, -77.014098, -77.014647, -77.014647, -77.014647, -77.014647, -77.014647, -77.014647, -77.014647, -77.014647, -77.014647, -77.014647, -77.014647, -77.014647, -77.014647, -77.014647, -77.039099, -77.014647, -77.057199, 
-77.01, -77.014647, -77.014647, -77.040895, -77.014647, -77.028948, -77.014647, -77.014647, -77.03274, -77.014647, -77.014647, -77.014647, -77.014647, -77.014647, -77.014647, -77.014647, -77.014647, -77.014647, -77.014647, -77.014647, -77.014647, -77.031113, -77.014647, -77.014647, -77.014647, -77.014647, -77.014647, -77.017948, -77.010298, -77.014647, -77.01424, -77.014647, -77.0176, -77.01299, -77.014647, -77.014647, -77.014647, -77.014647, -77.04, -77.014647, -77.014647, -77.014647, -77.002197, 
-77.02322, -76.99, -77.014647, -76.996605, -77.014647, -77.014647, -77.014647, -77.014647, -77.014647, -77.014647, -77.014647, -77.014647, -77.014647, -77.014647, -77.014647, -77.008948, -77.014647, -77.014647, -77.014647, -77.014647, -77.014647, -77.014647, -77.022098, -77.022098, -77.014647, -77.022098, -77.014647, -77.014647, -77, -77.05723, -77.014647, -77.027648, -77.014647, -77.014647, -77.014647, -77.014647, -77.014647, -77.014647, -77.014647, -77.014647, -77.014647, -77.042753, -77.041976, 
-77.014647, -77.040319, -77.021068, -77.048499, -77.014647, -77.045349, -77.036349, -77.017668, -77.014647, -77.025198, -77.044449, -77.014647, -77.040149, -77.018798, -77.014647, -77.014647, -77.014647, -77.014647, -77.014647, -77.036122, -77.036198, -77.036198, -77.043068, -77.014647, -77.014647, -77.037668, -77.014647, -77.014647, -77.04, -77.014647, -77.05, -77.014647, -77.048957, -77.014647, -77.048957, -77.047807, -77.032601, -77.014647, -77.043738, -77.036091, -77.02, -77.01, -77.026998, -77.021848, 
-77.017291, -77.032591, -77.01254, -77.025133, -77.016948, -77.025133, -77.014647, -77.014647, -77.004663, -77.004663, -77.028348, -77.014647, -77.014647, -77.021092, -77.014647, -77.017698, -77.014647, -77.014647, -77.045219, -77.014647, -77.023118, -77.014647, -77.040149, -77.004663, -77.014647, -77.004663, -77.014647, -77.018853, -77.05535, -77.040149, -77.034554, -77.014647, -77.014647, -77.014647, -77.023592, -77.034455, -77.014647, -77.044649, -77.014647, -77.014647, -77.014647, -77.047399, 
-76.85, -77.022098, -77.014647, -77.014647, -77.018372, -77.014647, -77.05, -77.014647, -76.86008, -76.90381, -76.95723, -76.981651, -76.73974, -77.01807, -76.69229, -76.75084, -76.533026, -76.9858, -76.67864, -76.82215, -76.54814, -77.08301, -76.84477, -76.79155, -76.52231, -76.51759, -76.80782, -76.83947, -76.83075, -76.73113, -76.84951, -76.75829, -76.703971, -76.33865, -76.4534, -76.47437, -76.96182, -76.4985, -76.607676, -76.54839, -76.75435, -76.60434, -77.15212, -77.148283, -76.91539, -76.98063, 
-76.64336, -76.44889, -76.683325, -76.43328, -77.16779, -76.72826, -76.694102, -76.884559, -77.19479, -76.92493, -76.4382, -76.42383, -76.49055, -77.01739, -76.52937, -77.03169, -76.58432, -76.36964, -76.848093, -76.40512, -76.49776, -76.420738, -76.3444, -76.46568, -76.58648, -76.53284, -76.50185, -77.08955, -76.97063, -76.877743, -76.7923, -76.877743, -76.877743, -76.9133, -76.85331, -76.86571, -76.84103, -76.877743, -76.93005, -76.67236, -76.96369, -76.53637, -76.74382, -76.72457, -76.877743, 
-76.877743, -76.877743, -76.78612, -76.79404, -76.95203, -76.8579, -76.80334, -76.877743, -76.877743, -76.877743, -76.53652, -76.52469, -76.89913, -76.61793, -76.92056, -76.877743, -76.92577, -76.877743, -76.877743, -76.90645, -76.99034, -76.99193, -76.91478, -76.88621, -76.93974, -76.877743, -76.877743, -76.55335, -76.877743, -76.877743, -76.65117, -76.74126, -76.877743, -76.59378, -76.93799, -76.88334, -76.82335, -76.5114, -76.54795, -76.877743, -76.81544, -76.88005, -76.877743, -76.781, -76.877743, 
-76.80685, -76.877743, -76.61917, -76.95779, -76.55604, -76.57076, -76.9356, -76.96139, -76.97294, -76.8888, -76.889, -76.982405, -76.950913, -76.877743, -76.877743, -76.75, -76.78767, -76.877743, -76.877743, -77.1, -77.1, -77.1442, -77.207617, -77.10185, -77.08079, -77.11425, -77.13519, -77.15928, -77.207617, -77.207617, -77.207617, -77.066745, -76.536276, -77.07487, -77.05917, -77.40763, -77.37781, -77.41411, -77.321, -77.41699, -77.207617, -77.207617, -77.207617, -77.1718, -77.1232, -77.12261, 
-77.0944, -77.19995, -77.14981, -77.207617, -77.207617, -77.03494, -76.99859, -77.01708, -76.93467, -76.96372, -77.29125, -77.22752, -77.27564, -77.207617, -77.24329, -77.18568, -77.23548, -77.18716, -77.17592, -77.1594, -77.19, -77.207617, -77.202798, -77.19564, -77.207617, -77.207617, -77.10341, -77.207617, -77.07745, -77.09263, -77.207617, -77.207617, -77.221984, -77.0115, -77.04876, -76.98199, -76.97834, -76.99374, -77.06433, -77.207617, -77.207617, -77.03404, -77.207617, -77.00044, -76.877743, 
-77.207617, -77.207617, -77.207617, -77.207617, -76.98, -77.207617, -76.18066, -76.199871, -76.326363, -76.14083, -76.2983, -76.27313, -76.49892, -76.49191, -76.34957, -76.30754, -76.24355, -76.385083, -76.804699, -76.671742, -76.743196, -76.592139, -76.24757, -76.9367, -76.64114, -76.65938, -76.58805, -76.22398, -76.65248, -76.99782, -76.5373, -76.30183, -76.941902, -76.86082, -76.8006, -76.87823, -76.82527, -76.85319, -76.4258, -76.90953, -76.39022, -76.44898, -76.44642, -76.71236, -76.68408, -76.592139, 
-76.4286, -76.49718, -76.59444, -76.6306, -76.594942, -76.65, -76.81424, -76.84802, -76.75178, -76.71706, -76.69854, -76.11118, -77.049302, -76.45964, -76.45569, -76.35578, -76.40817, -77.049302, -76.66177, -76.592139, -76.63614, -76.592139, -76.594942, -76.8505, -76.91103, -76.65069, -76.580934, -76.62114, -76.59123, -76.70867, -76.68561, -76.78388, -76.66001, -76.51863, -76.594942, -76.44639, -76.20106, -76.57112, -76.42781, -76.79916, -76.81417, -76.592139, -76.58205, -76.69142, -76.55784, -76.941902, 
-76.67, -76.730345, -76.35166, -76.82125, -76.39363, -76.98926, -77.03086, -76.31864, -76.56859, -76.41236, -76.84947, -77.115045, -76.62118, -76.60693, -76.620489, -76.62648, -76.57478, -76.54085, -76.7176, -76.7287, -76.66904, -76.63452, -76.63361, -76.61142, -76.58283, -76.56399, -76.68038, -76.67029, -76.63786, -76.60602, -76.44898, -76.41533, -76.45171, -76.5082, -76.64644, -76.55696, -76.61203, -76.56623, -76.67712, -76.74002, -76.6878, -76.62613, -76.59116, -76.620489, -76.54177, -76.620489, 
-76.48709, -76.50365, -76.58812, -76.651589, -76.620489, -76.76438, -76.713149, -76.592139, -76.613325, -76.620489, -76.45, -76.620489, -76.620489, -76.620489, -76.620489, -76.620489, -76.620489, -76.620489, -76.620489, -76.620489, -76.620489, -76.620489, -76.620489, -76.592139, -76.620489, -76.592139, -76.592139, -76.58418, -76.592738, -76.620489, -76.620489, -76.623839, -76.620489, -76.620489, -76.49803, -76.47229, -76.48358, -76.594942, -76.54183, -76.45, -76.594942, -76.594942, -78.690593, -78.77398, 
-78.690593, -78.690593, -78.843432, -79.31377, -79.0194, -79.24494, -79.07263, -78.78741, -78.90123, -78.77685, -78.53893, -79.416, -78.93778, -79.17045, -79.20096, -78.99073, -79.05968, -79.35999, -78.94877, -78.95027, -78.86961, -79.39015, -78.55826, -78.843962, -78.92329, -78.711, -79.20856, -79.03506, -76.0782, -76.180166, -75.86144, -75.958683, -76.0623, -76.27279, -76.09118, -76.05309, -76.28063, -76.09726, -76.16806, -75.96707, -76.2702, -75.98842, -76.10098, -76.04321, -75.9243, -75.8273, 
-75.94218, -75.77488, -76.20146, -75.85332, -75.7936, -76.21257, -75.80107, -75.79992, -75.9408, -75.86418, -75.87294, -75.9666, -76.29105, -76.24057, -75.76427, -75.80806, -75.86239, -76.152762, -76.17804, -76.14666, -75.91459, -76.092127, -75.96915, -76.13939, -75.78177, -75.88459, -76.22765, -76.2086, -76.22256, -75.949, -76.32474, -76.34124, -76.05365, -75.85175, -76.30203, -75.861191, -76.33501, -76.06229, -76.07009, -76.08221, -76.30437, -76.18219, -76.09974, -76.05652, -75.861191, -75.861191, 
-75.861191, -75.861191, -75.861191, -75.861191, -75.861191, -75.861191, -76.092127, -77.38902, -77.442, -77.4539, -77.37849, -77.392139, -77.392139, -77.46667, -78.01823, -77.66056, -77.505098, -77.658015, -77.62466, -77.4333, -77.62709, -77.49104, -77.584162, -77.637152, -77.9152, -77.02397, -77.32721, -77.7557, -77.70725, -77.916196, -76.99735, -77.02052, -77.73025, -77.742116, -77.68297, -77.720642, -77.916196, -77.916196, -77.916196, -78.21691, -77.29984, -77.55869, -77.69284, -77.2686, -77.66014, 
-77.290519, -77.24711, -77.049302, -77.071952, -78.3986, -77.74514, -77.55169, -77.24861, -77.15867, -77.557, -77.28676, -77.29468, -77.09715, -77.53385, -77.34166, -77.66169, -77.47049, -77.760697, -77.75052, -77.5672, -76.965, -77.17264, -77.41092, -77.49474, -77.18176, -77.392139, -77.34668, -76.98377, -77.81584, -77.06364, -77.30606, -75.61214, -75.6276, -75.6276, -75.56931, -75.68812, -75.19082, -75.18061, -75.88812, -75.84597, -75.93147, -75.64771, -76.02374, -75.62088, -75.39378, -75.69357, 
-75.691572, -75.94596, -75.734412, -75.74074, -75.7389, -75.90494, -75.29106, -75.07153, -75.324057, -75.45574, -75.39747, -75.54811, -75.6276, -75.70169, -75.79598, -75.888207, -75.71854, -75.21195, -75.41162, -75.40992, -75.87793, -76.02337, -75.79242, -75.789354, -75.84317, -75.888207, -75.7115, -75.29575, -75.35364, -75.56365, -75.888207, -75.95602, -76.06542, -76.05077, -76.0853, -76.05395, -75.80203, -75.86943, -75.97904, -75.84155, -75.999972, -76.0972, -76.15464, -75.96164, -75.82314, -75.84294, 
-75.947332, -75.88499, -78.137019, -77.21387, -77.288755, -77.27888, -77.34, -77.32722, -77.21976, -77.32787, -77.26167, -77.29293, -77.38642, -77.288755, -77.361633, -77.07965, -77.288755, -77.30199, -77.31684, -77.171752, -77.14081, -77.18781, -77.19777, -77.15328, -77.18098, -77.288755, -77.16615, -77.30165, -77.233103, -77.20122, -77.234454, -77.288755, -77.288755, -77.645224, -77.288755, -77.288755, -77.1677, -77.22196, -77.288755, -77.288755, -77.18, -77.18, -77.229043, -77.234428, -77.288755, 
-77.288755, -77.288755, -77.432252, -77.288755, -77.32402, -77.26044, -77.33372, -77.466897, -77.18562, -77.20821, -77.23131, -77.23535, -77.288755, -77.288755, -77.288755, -77.288755, -77.219354, -77.35726, -77.25337, -77.29102, -77.2566, -77.288755, -77.288755, -77.288755, -77.26786, -77.30657, -77.34469, -77.466897, -77.466897, -77.288755, -77.09512, -77.05628, -77.11455, -77.09627, -77.13999, -77.08973, -77.12749, -77.07453, -77.11295, -77.06845, -77.11295, -77.16396, -77.11295, -77.11295, -77.11295, 
-77.11295, -77.11295, -77.11295, -77.053599, -77.11295, -77.11295, -77.10281, -77.11295, -77.11295, -77.110817, -77.11295, -77.051788, -77.11295, -77.052336, -77.051569, -77.052035, -77.052296, -77.11295, -77.05854, -77.08204, -77.07964, -77.11667, -77.06418, -77.08666, -77.0593, -77.05701, -77.10734, -77.12125, -77.12064, -77.1537, -77.09005, -77.05139, -77.15284, -77.046699, -77.288755, -77.070733, -77.072679, -77.09005, -77.09005, -77.09005, -2.12, -78.963004, -77.47077, -77.489666, -77.460814, 
-77.489913, -77.43297, -77.54676, -77.5559, -77.46111, -77.662559, -77.30833, -77.355902, -77.374292, -76.35637, -77.85964, -76.56435, -77.09611, -76.78764, -77.005, -76.79025, -76.97442, -77.408163, -77.03273, -77.17261, -76.81298, -76.40511, -76.63263, -77.461213, -76.64055, -77.581351, -76.636722, -76.36307, -77.08033, -76.41038, -77.17261, -76.34389, -77.1642, -76.420763, -76.57924, -77.559298, -76.51554, -76.72961, -76.49749, -77.76987, -77.0743, -76.48985, -76.509615, -77.29047, -76.578109, 
-76.76155, -76.60933, -76.680504, -77.17261, -76.409946, -76.68218, -76.293436, -77.66795, -77.18217, -77.26648, -76.27848, -77.88379, -77.17261, -77.542957, -77.47733, -77.17261, -76.70563, -77.7, -77.225139, -77.64378, -77.43266, -77.460814, -77.4, -76.79025, -76.90656, -77.518865, -77.91258, -76.615358, -76.75725, -76.44242, -76.550274, -76.36034, -76.31275, -77.44404, -76.79025, -78.16653, -78.24758, -78.19396, -78.168643, -77.329674, -78.27368, -77.97857, -78.03693, -78.066373, -78.141239, -78.08496, 
-78.30975, -78.4011, -78.0948, -78.17499, -78.35444, -78.288465, -78.01898, -78.13578, -78.39617, -78.06051, -77.98948, -78.48125, -78.2809, -78.03752, -78.247806, -78.36545, -78.213304, -78.4531, -78.47377, -78.20713, -78.09992, -78.36485, -78.43921, -78.12417, -78.51586, -77.99875, -78.23622, -78.2729, -77.75728, -78.15309, -77.89529, -78.18321, -78.11341, -77.82067, -78.25117, -77.64361, -78.267848, -78.24197, -78.3774, -77.89777, -78.267848, -77.82208, -78.28737, -77.70952, -78.0165, -78.18604, 
-78.26151, -78.20098, -78.05877, -77.80274, -78.17517, -77.68111, -77.98995, -78.28937, -77.59557, -78.24, -77.8962, -77.7009, -78.33721, -78.03061, -78.16767, -78.380509, -78.18057, -78.88153, -78.86302, -78.94, -78.874173, -78.77149, -78.96672, -79.00071, -78.80513, -79.01957, -78.99039, -78.60964, -78.62907, -78.95205, -79.04328, -78.78234, -78.855172, -78.86564, -78.45621, -78.73452, -78.90667, -78.69461, -79.11629, -78.66417, -78.81488, -78.79742, -78.70088, -78.891422, -78.61997, -78.92206, 
-78.50696, -78.76258, -78.426788, -78.466716, -78.878493, -78.50149, -78.47803, -78.5348, -78.485066, -78.485066, -78.485066, -78.485066, -78.485066, -78.448214, -78.485066, -78.42042, -78.79701, -78.93251, -78.3259, -78.72662, -78.70343, -78.71396, -78.56548, -78.47627, -78.61263, -78.77546, -78.97416, -78.59304, -78.197, -78.75894, -78.595831, -78.56162, -78.32925, -78.11747, -78.89239, -78.95712, -78.267848, -79.00334, -78.19026, -78.90273, -78.64088, -78.07923, -78.30837, -78.99245, -78.475018, 
-78.98961, -78.41009, -78.69417, -78.80233, -78.21596, -78.46396, -78.26353, -79.02459, -78.89839, -78.618912, -78.11865, -76.41057, -77.95893, -76.601616, -78.38899, -77.47465, -77.17553, -76.81384, -77.888082, -77.64296, -76.508402, -76.508402, -76.36571, -78.26865, -76.95055, -77.76824, -76.37304, -78.11902, -77.0731, -76.447551, -76.68104, -76.37543, -78.14009, -77.80709, -78.2553, -76.34327, -76.26844, -77.47011, -76.44118, -77.888082, -78.23472, -76.36167, -77.416103, -77.53651, -77.52632, 
-76.52959, -76.49661, -77.99793, -76.29784, -77.92431, -76.28453, -77.989878, -76.33636, -77.33963, -76.39294, -76.4609, -76.47393, -77.32339, -76.31316, -76.66735, -76.783317, -78.11349, -78.09647, -76.85843, -77.02508, -76.90719, -76.445567, -76.82858, -76.50694, -78.04612, -77.892964, -77.82379, -77.72841, -76.530276, -77.944868, -77.20342, -76.404783, -76.73554, -76.30724, -76.78066, -77.31536, -77.64868, -77.64165, -77.65, -76.87751, -77.36778, -77.86809, -76.2904, -77.7813, -78.2868, -77.06664, 
-76.27989, -77.14586, -76.746769, -76.43298, -77.77111, -76.27785, -76.518831, -76.29577, -77.90048, -77.03578, -77.15127, -77.69002, -77.034752, -77.05555, -76.60916, -77.28678, -77.96916, -76.508402, -76.508402, -76.72389, -77.888082, -76.92919, -77.45264, -76.30136, -76.81744, -76.45876, -77.996956, -77.493157, -76.59872, -76.41631, -76.99901, -76.46089, -76.63179, -76.83018, -76.532492, -76.5298, -76.70024, -76.71722, -76.746769, -76.75793, -76.636154, -76.508402, -77.68952, -77.431825, -77.493157, 
-77.43536, -77.45739, -77.48844, -77.42504, -77.40085, -77.46101, -77.49851, -77.51709, -77.44775, -77.48896, -77.56271, -77.48831, -77.36304, -77.408359, -77.61965, -77.4658, -77.56565, -77.58235, -77.4533, -77.888082, -77.493157, -77.493157, -77.416103, -77.493157, -77.332916, -77.416103, -77.493157, -77.493157, -77.528308, -77.493157, -77.493157, -77.493157, -77.493157, -77.493157, -77.493157, -77.493157, -77.493157, -77.493157, -77.46836, -77.493157, -77.451155, -77.493157, -77.493157, -77.416103, 
-77.416103, -77.493157, -77.493157, -77.493157, -77.493157, -77.54775, -77.45, -77.561266, -77.42815, -75.67108, -75.53554, -75.51107, -76.56901, -75.86182, -75.87767, -75.61896, -75.97104, -75.952409, -76.5378, -76.84517, -75.96909, -76.24511, -76.41524, -76.22905, -76.3358, -76.27126, -76.23848, -76.239417, -76.278531, -76.278531, -75.3678, -75.47192, -75.864607, -75.701449, -75.94203, -75.86132, -75.822769, -75.90262, -75.41634, -75.67974, -75.86849, -75.59686, -75.816851, -75.8315, -75.45296, 
-75.555142, -76.687745, -75.877052, -75.616754, -75.76512, -75.66642, -75.93117, -75.55559, -75.877143, -75.62995, -75.73996, -75.60347, -75.84523, -75.583227, -75.53045, -75.55339, -75.76272, -75.71051, -75.926877, -75.79947, -75.64895, -75.791519, -75.73237, -76.564516, -75.67692, -75.72178, -75.953608, -76.63973, -76.687745, -76.56063, -76.49899, -76.59656, -76.46521, -76.51281, -76.82272, -76.70129, -76.665251, -75.99404, -75.70044, -75.53645, -75.969003, -76.12036, -76.00098, -76.09333, -76.082079, 
-76.02862, -76.1426, -76.06139, -76.03592, -76.15581, -76.02058, -76.026053, -75.97768, -76.15177, -76.012628, -76.17767, -76.169215, -76.012628, -76.012628, -76.142407, -76.012628, -76.527425, -76.012628, -75.69088, -75.86913, -75.502306, -75.810482, -76.73506, -75.59681, -76.208521, -76.21233, -76.2547, -76.27028, -76.28444, -76.23972, -76.29947, -76.30065, -76.2596, -76.29028, -76.303417, -76.23972, -76.23909, -76.23972, -76.23972, -76.29271, -76.21796, -76.23972, -76.23972, -76.1527, -76.27354, 
-76.23972, -76.23972, -76.23972, -76.23972, -76.45948, -76.5183, -76.57178, -76.58677, -76.43651, -76.49446, -76.4195, -76.54812, -76.524805, -76.524805, -76.965091, -76.524805, -76.38992, -76.38992, -76.154882, -76.32039, -76.38992, -76.38316, -76.38089, -76.31637, -76.29373, -76.4196, -76.40711, -76.331815, -76.337715, -76.34415, -76.38992, -76.38992, -76.51278, -76.56076, -76.46751, -76.43591, -76.55901, -76.42135, -76.36811, -76.32386, -76.38232, -76.31369, -76.355165, -76.3457, -76.30803, -76.355165, 
-77.34845, -77.43063, -77.392784, -77.39008, -77.392784, -76.007162, -76.531577, -77.91125, -77.647495, -77.98876, -77.99, -77.20851, -77.27759, -77.21893, -77.39475, -77.43959, -77.5838, -77.66932, -77.40438, -77.34604, -77.07132, -77.61364, -76.92155, -77.6675, -77.56349, -77.23281, -77.80682, -77.31072, -78.01408, -76.82637, -77.56121, -77.74358, -76.93945, -77.71289, -77.88467, -77.29359, -76.89025, -77.47496, -77.81269, -77.531996, -77.74687, -77.954397, -77.10269, -77.30259, -77.82402, -77.02404, 
-77.58854, -77.0026, -77.41971, -76.74342, -77.253913, -77.56682, -77.82652, -76.98127, -77.75239, -77.09819, -77.286287, -77.92817, -77.83918, -77.28288, -76.83731, -76.96545, -78.40144, -78.394944, -78.28794, -78.3102, -78.12176, -77.99591, -78.62058, -78.2117, -78.63263, -78.46048, -78.54018, -78.11236, -78.62592, -78.49082, -78.53403, -78.00646, -78.77203, -78.248333, -78.30107, -78.4632, -78.11767, -78.4643, -78.08098, -78.29215, -78.37823, -78.057832, -78.66558, -78.77182, -78.55359, -78.73668, 
-78.81694, -78.62102, -78.27559, -78.63611, -78.51218, -78.17287, -78.23285, -78.59064, -77.425452, -79.95786, -79.95786, -79.95786, -79.95786, -79.95786, -79.95786, -79.95786, -79.95786, -79.95786, -79.95786, -79.94155, -79.92767, -79.92645, -79.93549, -79.97816, -79.95321, -79.98256, -80.02477, -79.95049, -79.94541, -79.933206, -80.406172, -79.95786, -79.95786, -79.95786, -79.95786, -79.95786, -79.95786, -79.95786, -79.95786, -79.95786, -79.95786, -79.95786, -79.95786, -79.95786, -79.95786, -79.95786, 
-79.95786, -79.939228, -79.939905, -79.95786, -79.940655, -79.95786, -79.786151, -80.53102, -79.70604, -80.00161, -80.59761, -80.12562, -80.42127, -80.351482, -80.395698, -80.395698, -79.79043, -79.95528, -79.68004, -80.08111, -80.418396, -79.64194, -80.19485, -80.2167, -80.41222, -80.4332, -79.90303, -79.91425, -80.14868, -80.13542, -79.91761, -80.67384, -79.81681, -80.62194, -80.2335, -80.0715, -79.95681, -79.87046, -80.30871, -79.75335, -80.85658, -80.55227, -79.73922, -79.76536, -79.99093, -79.53046, 
-80.5936, -80.395698, -79.86879, -79.865168, -79.865168, -79.865168, -80.41975, -79.64786, -79.70789, -80.80847, -80.689067, -80.17302, -80.47021, -80.608056, -79.786151, -80.2538, -80.62751, -80.13511, -80.73601, -80.62267, -79.63536, -80.32048, -79.47217, -80.57325, -80.55031, -80.562913, -79.913875, -80.81734, -79.87353, -80.41897, -80.67726, -79.88027, -80.07821, -80.067062, -80.067062, -80.067062, -79.53939, -80.26233, -80.03589, -80.73083, -79.94572, -80.23909, -79.66552, -79.90595, -79.69241, 
-80.35806, -79.789799, -79.8524, -79.74911, -80.26895, -82.18087, -82.18137, -81.968712, -82.18, -81.968712, -82.00845, -81.96207, -81.970764, -82.79644, -82.78974, -82.18978, -83.0635, -82.77056, -82.25643, -82.96464, -82.27792, -82.1623, -82.34369, -82.44936, -82.46657, -81.76732, -82.28089, -82.12413, -82.94428, -82.79538, -82.49147, -82.737469, -83.48322, -82.59473, -82.58685, -82.29759, -82.42645, -81.99859, -83.15587, -82.93593, -82.11083, -82.37613, -82.26093, -82.41823, -82.35244, -82.63138, 
-82.59599, -83.04178, -82.59626, -81.94252, -83.34736, -83.05467, -82.33154, -82.79025, -82.344881, -82.5666, -81.59154, -82.56963, -80.7728, -81.40497, -80.85731, -80.80411, -81.17641, -81.0571, -81.67617, -80.67102, -81.38945, -81.65827, -81.11128, -81.1992, -80.79309, -80.60492, -81.2001, -81.82771, -80.70387, -81.00535, -80.92683, -80.978273, -81.7742, -80.68706, -80.65995, -81.16554, -80.99526, -80.76311, -80.52791, -81.53045, -80.92897, -81.84774, -81.37604, -81.10659, -81.28162, -81.74825, 
-81.549231, -81.19791, -81.37541, -81.54797, -81.43411, -81.257795, -80.52024, -80.82602, -81.09439, -79.07625, -79.062858, -79.141332, -79.322363, -79.84575, -79.58361, -79.31644, -79.35038, -79.17339, -79.79619, -80.02705, -79.36209, -78.84222, -79.42701, -79.44072, -79.29041, -78.94563, -79.786151, -79.48004, -79.15354, -78.8242, -79.38497, -79.790895, -79.89283, -79.79002, -79.47658, -79.86351, -79.54418, -79.28175, -79.65065, -79.10979, -79.08939, -79.63611, -78.95941, -79.559157, -79.141332, 
-78.80409, -79.22828, -79.39906, -79.84752, -79.2357, -79.141332, -79.02733, -79.21998, -78.99553, -79.21508, -79.81478, -79.33402, -78.92423, -79.57766, -79.16132, -79.21525, -79.20923, -79.12597, -79.178506, -79.161046, -79.109789, -79.133546, -79.178506, -79.178506, -79.27409, -79.05268, -79.08763, -78.80585, -79.52839, -79.39812, -79.35877, -78.90765, -78.63806, -79.61864, -79.45193, -78.93618, -78.76019, -78.945519, -79.30501, -78.96433, -78.91187, -79.39998, -79.45027, -79.398748, -79.410983, 
-79.410983, -79.48517, -79.28268, -79.29977, -78.80777, -79.05412, -79.45652, -79.3981, -79.31787, -78.93426, -78.64175, -79.2923, -79.19748, -79.26279, -79.1278, -79.406303, -79.37324, -79.09364, -79.26133, -79.133546, -78.98017, -79.55269, -79.50659, -78.66151, -78.79447, -78.883933, -79.28647, -79.11686, -78.78547, -78.48134, -78.92008, -78.91071, -79.1968, -79.08249, -79.1237, -78.78207, -78.71934, -81.6578, -81.64412, -82.1645, -81.53963, -81.3367, -81.38993, -82.27942, -81.563406, -81.76922, 
-81.84119, -81.31688, -82.05775, -82.027408, -81.563406, -82.02317, -81.78967, -81.97936, -82.027408, -82.18593, -81.49787, -82.00538, -81.89766, -81.34697, -81.70519, -81.89068, -81.563406, -81.80607, -81.99735, -82.027408, -81.91973, -81.50326, -82.12193, -81.86739, -82.027408, -81.2145, -81.229646, -81.0032, -81.22148, -81.31112, -81.37275, -81.29736, -81.29994, -81.33026, -81.105803, -81.14078, -81.105803, -81.22628, -81.27625, -81.24781, -81.105803, -80.95523, -81.07307, -81.21868, -81.105803, 
-81.57835, -81.43081, -81.78312, -81.73002, -81.65044, -81.70173, -81.8013, -81.62947, -81.653889, -81.66789, -81.69408, -81.7338, -81.69288, -81.34504, -81.653889, -81.67951, -81.66169, -81.4629, -81.5432, -81.41415, -81.653889, -81.53998, -81.54688, -81.77969, -81.576548, -81.59684, -81.69961, -81.79548, -81.79553, -81.8885, -81.53998, -81.43135, -81.57309, -81.82478, -81.84968, -81.44874, -81.48654, -81.53722, -81.42559, -81.40244, -81.66048, -81.53998, -81.5967, -81.36531, -81.93955, -81.6155, 
-81.49308, -81.41706, -81.84229, -81.60845, -81.47554, -81.89024, -81.89583, -81.51746, -81.653889, -81.653889, -81.768, -81.53625, -81.69146, -81.75668, -81.653889, -81.55208, -81.384, -81.50968, -81.653889, -81.69546, -81.69541, -81.56342, -81.53998, -81.38363, -81.60347, -81.653889, -80.44493, -80.461492, -80.65942, -79.80308, -80.55325, -80.426874, -80.76748, -80.71636, -79.7315, -80.13261, -80.37481, -79.93278, -80.59452, -79.90179, -80.80017, -80.52942, -80.36331, -80.3464, -80.539672, -80.75393, 
-79.79796, -80.69604, -80.22808, -80.61007, -80.64293, -80.05957, -80.41067, -80.426874, -80.426874, -80.73336, -80.78465, -80.35569, -80.47151, -80.443556, -80.44338, -80.54184, -80.65773, -80.72899, -80.53448, -80.38284, -80.74638, -80.24008, -80.48027, -80.539672, -81.25882, -81.79045, -81.118491, -81.24219, -81.42991, -81.36076, -81.72566, -81.61919, -81.84134, -81.5151, -81.050662, -81.08555, -81.68729, -81.81253, -81.63578, -81.38164, -81.392845, -81.71199, -81.22481, -81.28483, -81.95406, 
-81.49148, -81.28865, -81.39377, -81.24499, -81.0082, -81.35066, -81.33836, -81.314633, -81.78924, -81.42024, -81.56282, -81.70438, -81.86082, -81.46418, -81.25954, -81.19697, -81.47577, -81.554655, -81.453786, -80.94056, -81.74473, -81.44797, -81.93548, -81.46602, -81.4311, -81.90361, -81.398422, -81.75855, -82.02827, -81.37333, -81.19688, -81.42028, -81.19842, -81.21276, -81.71704, -81.997278, -81.3639, -81.39427, -82.11034, -81.60468, -81.85261, -81.85738, -81.34327, -81.16398, -81.56514, -81.03747, 
-81.81354, -81.20064, -81.30312, -81.28534, -81.90109, -81.554655, -81.90281, -81.76361, -81.19769, -81.35285, -81.79154, -81.34526, -81.13105, -81.44962, -81.33047, -81.29088, -81.48001, -81.03691, -81.71704, -81.8321, -81.554655, -81.57171, -81.81583, -81.15739, -81.26966, -81.70112, -81.461063, -81.79515, -81.29336, -81.31241, -81.38475, -81.19156, -81.66005, -81.88002, -81.77755, -81.2457, -81.4451, -81.82633, -81.384755, -81.62346, -81.554655, -81.83666, -81.064784, -81.30575, -82.02759, -81.55106, 
-81.554655, -81.84485, -81.942704, -81.60628, -81.7733, -81.71468, -81.67191, -81.53288, -80.86627, -81.90578, -81.54396, -81.57934, -81.12827, -81.07615, -81.84501, -81.80117, -81.47783, -81.55043, -81.75416, -81.99083, -81.62048, -81.997278, -81.22913, -81.53807, -81.97414, -81.314633, -80.831256, -81.27334, -82.03031, -81.10284, -81.83274, -81.8985, -81.96731, -81.17428, -80.96569, -81.09478, -81.42115, -81.70763, -81.6196, -81.34244, -81.61753, -81.18846, -81.12623, -81.12923, -81.39537, -82.0603, 
-81.63028, -81.62367, -81.6863, -81.58564, -81.612344, -81.53106, -81.73418, -81.58198, -81.66166, -81.76168, -81.66084, -81.55661, -81.613794, -81.62565, -81.554655, -81.56035, -81.554655, -81.554655, -81.554655, -81.554655, -81.554655, -81.554655, -81.554655, -81.554655, -81.554655, -81.554655, -81.554655, -81.554655, -81.554655, -81.554655, -81.554655, -81.554655, -81.554655, -81.554655, -81.554655, -81.554655, -81.554655, -81.554655, -81.554655, -81.554655, -81.554655, -81.554655, -81.554655, 
-81.554655, -81.639389, -81.554655, -81.554655, -77.95767, -78.011472, -77.96, -77.96, -77.96, -77.877223, -78.22783, -78.04157, -77.86203, -77.8804, -78.12229, -78.1676, -78.37183, -77.877223, -77.77982, -78.05882, -78.02742, -77.878957, -77.93415, -78.55592, -77.877223, -78.43726, -78.57871, -77.8599, -78.02628, -77.91403, -77.83296, -77.81132, -78.52587, -77.95747, -81.92567, -82.12662, -82.12468, -82.28563, -82.04481, -82.191, -82.55881, -82.01954, -82.06562, -82.38072, -82.34523, -82.5456, -82.16003, 
-82.46238, -82.418277, -82.17149, -81.98991, -82.08584, -82.1086, -81.9896, -81.84153, -82.57461, -82.27115, -82.44551, -82.27982, -82.12506, -82.13535, -77.807994, -82.11462, -82.22311, -81.95826, -82.10751, -82.58178, -82.15143, -82.22242, -81.90315, -82.490494, -81.88769, -81.99598, -81.85414, -81.880455, -82.43909, -82.17566, -81.901236, -81.94543, -82.00011, -81.82027, -81.80248, -81.92315, -81.85711, -81.98755, -81.902401, -81.81897, -81.90186, -82.10801, -81.9827, -82.06382, -81.85517, -81.70802, 
-81.784532, -81.91651, -81.84577, -81.87853, -81.99433, -82.02174, -82.01452, -81.96519, -81.98826, -81.902401, -81.95921, -81.98738, -82.06678, -81.81441, -81.96819, -82.03943, -81.99936, -81.87113, -82.26827, -82.30873, -82.27394, -82.27824, -82.4254, -82.14416, -82.21671, -82.13578, -82.37574, -82.27267, -82.16397, -82.04459, -82.34373, -82.10801, -82.10801, -82.14774, -82.10801, -82.21701, -82.13265, -82.10801, -82.12599, -82.10801, -82.29414, -82.43904, -82.37019, -82.41924, -82.49609, -82.36995, 
-82.277401, -82.277401, -82.277401, -82.418277, -82.277401, -82.277401, -82.277401, -82.277401, -82.277401, -82.277401, -82.277401, -82.277401, -82.277401, -82.277401, -82.277401, -82.277401, -82.277401, -82.277401, -82.277401, -82.277401, -82.277401, -82.277401, -82.277401, -82.277401, -82.431667, -82.277401, -82.277401, -82.277401, -82.277401, -82.277401, -82.277401, -82.277401, -82.277401, -82.277401, -82.277401, -81.19958, -81.224458, -81.53998, -81.53998, -81.10403, -81.11304, -81.136328, -81.41377, 
-81.19244, -81.11622, -81.20968, -81.11241, -81.35319, -81.23769, -80.92051, -81.10364, -81.064784, -81.26443, -81.03387, -81.36179, -81.11208, -81.09537, -81.10724, -81.36495, -81.5314, -81.15174, -81.17444, -81.41815, -81.28108, -81.282759, -81.31644, -80.99151, -81.14995, -81.18833, -81.25093, -81.064784, -81.224458, -81.06238, -80.99175, -81.32536, -81.1391, -80.9522, -81.42001, -81.2093, -81.214825, -81.44608, -81.53998, -81.24131, -81.10208, -81.19273, -81.38193, -81.081333, -81.14533, -81.2324, 
-81.26724, -81.128631, -81.06673, -81.23911, -81.19722, -81.167549, -81.064784, -81.48138, -81.064784, -81.3019, -81.50071, -81.21634, -81.00561, -81.180561, -81.34359, -81.26263, -81.11672, -81.195122, -81.224458, -81.33086, -81.064784, -81.3169, -81.093678, -81.05964, -81.05101, -80.99702, -81.53998, -80.86867, -80.72757, -80.426874, -80.7889, -80.877395, -80.77039, -80.426874, -81.00955, -80.95735, -80.74821, -80.84199, -80.92321, -80.92422, -80.91401, -80.72476, -80.66798, -80.86438, -80.80217, 
-80.877395, -81.03591, -80.6868, -80.65404, -80.72744, -80.54683, -80.58446, -80.55893, -80.55585, -80.53003, -80.58889, -80.74994, -80.67752, -80.73048, -80.73701, -80.58925, -80.60454, -80.79867, -80.57999, -80.599949, -80.6091, -80.54634, -80.57542, -80.59709, -80.59377, -80.66613, -81.53706, -81.497865, -81.540501, -81.52639, -81.54206, -81.497865, -81.497865, -81.497865, -81.68365, -81.27886, -80.870081, -81.13917, -81.06772, -81.18787, -81.24459, -81.46549, -81.40762, -80.968967, -81.05091, 
-81.07278, -81.18722, -80.87533, -81.53788, -81.16885, -81.20721, -80.83465, -80.93276, -81.40218, -81.25595, -80.77211, -81.72789, -80.71163, -81.55299, -81.17215, -81.709496, -80.97408, -81.02943, -81.37836, -81.66508, -81.36639, -80.61225, -81.44585, -80.20915, -80.61391, -80.59518, -80.64803, -80.53771, -80.5902, -79.99344, -80.26795, -80.39927, -80.4595, -80.27872, -80.226855, -80.39794, -80.18033, -80.38231, -80.226855, -80.24361, -80.3159, -80.23537, -80.15531, -80.1442, -79.8446, -79.95295, 
-79.89057, -79.63227, -80.00221, -79.89941, -79.43805, -80.5425, -79.40533, -79.83449, -80.49595, -80.07907, -79.74674, -79.63848, -79.53066, -79.60611, -79.98029, -79.95201, -79.74614, -80.00402, -80, -80.14368, -79.82219, -79.96518, -79.67466, -80.38023, -79.50217, -80.09781, -79.5003, -79.91798, -80.03629, -79.54723, -80.29679, -80.34348, -80.30858, -80.385344, -80.80604, -80.6844, -80.28798, -80.86182, -80.95448, -80.719742, -80.24199, -80.50197, -80.657019, -80.15881, -80.66528, -81.16135, -80.62283, 
-80.60204, -80.85231, -80.40589, -81.06189, -80.12604, -80.5275, -80.08514, -80.831256, -80.84886, -80.02665, -80.31872, -81.05325, -80.33785, -80.33566, -80.36881, -79.87873, -80.575379, -80.46172, -80.64053, -80.42691, -80.70654, -80.35527, -80.3709, -80.31744, -79.89397, -81.068913, -80.29416, -79.82996, -80.71039, -80.5648, -80.96009, -80.02419, -80.67076, -80.92668, -80.44628, -80.1652, -79.68442, -80.57219, -80.74656, -80.28438, -80.870081, -80.09206, -80.73186, -80.53196, -80.31889, -79.90371, 
-80.76956, -79.76428, -80.47432, -80.48869, -80.40294, -80.47731, -80.77811, -80.385344, -80.467765, -80.35233, -79.98796, -79.967184, -79.895639, -80.093007, -79.95154, -79.962669, -79.836473, -79.89947, -79.63241, -79.82003, -80.21137, -80.093007, -79.688154, -79.59847, -80.093007, -80.14113, -79.89012, -80.093007, -79.98826, -79.688154, -79.69873, -79.97335, -79.79533, -80.0072, -80.16451, -80.034965, -79.80521, -80.13936, -80.218538, -80.1664, -80.218538, -80.666712, -80.44192, -80.27183, -80.218538, 
-80.27564, -80.23405, -80.25738, -80.30851, -80.17617, -80.43872, -80.25872, -80.176171, -80.53077, -80.3586, -80.41237, -80.10866, -80.30336, -80.13097, -80.335, -80.27178, -80.27599, -80.67497, -80.72323, -80.80006, -80.586148, -80.72573, -80.83069, -80.736884, -80.73291, -80.58745, -80.86194, -80.79366, -80.61266, -80.69864, -80.249302, -80.57981, -80.91878, -80.9435, -80.98431, -80.86928, -80.90285, -80.87329, -81.16153, -80.69639, -80.75434, -80.98148, -80.93549, -81.13906, -80.834152, -80.66112, 
-80.91002, -80.80897, -80.88462, -80.70048, -80.86864, -81.10596, -80.67026, -78.59401, -79.54714, -79.3654, -78.91724, -78.47306, -78.62152, -79.50612, -79.17606, -78.76381, -79.33844, -78.6438, -78.95987, -79.07088, -79.233536, -79.23785, -79.07484, -79.04681, -78.78539, -78.66841, -78.74815, -78.69317, -78.6661, -79.54326, -78.77489, -78.779, -79.21669, -79.53068, -79.33975, -78.44261, -78.73978, -78.88245, -79.43087, -79.33161, -78.38374, -79.01717, -78.49576, -78.659428, -79.18014, -78.97189, 
-79.09107, -78.9458, -79.13703, -78.6218, -78.92736, -79.25455, -78.49655, -79.23861, -79.37151, -79.42206, -79.933496, -80.44132, -80.58746, -80.07495, -80.338662, -80.70955, -80.39312, -80.69407, -80.55724, -80.19588, -80.72296, -80.52694, -80.23777, -80.81872, -80.3546, -80.22195, -80.42715, -80.84824, -79.97451, -79.97458, -80.57143, -80.62336, -80.70809, -80.36487, -80.48006, -80.05135, -80.4417, -80.30391, -80.09267, -80.5824, -79.90522, -80.655786, -80.38089, -80.16679, -80.14383, -80.34752, 
-80.59377, -80.64557, -80.20728, -80.20728, -80.20728, -80.21918, -80.396168, -80.30733, -80.31503, -80.23423, -80.3137, -80.18998, -80.20728, -80.2768, -80.20728, -80.20728, -80.20728, -80.20728, -80.20728, -80.20728, -80.20728, -80.20728, -80.26171, -80.20728, -80.464515, -80.20728, -80.20728, -80.20728, -80.20728, -80.20728, -80.20728, -80.20728, -80.20728, -79.485643, -79.50496, -79.82919, -79.720556, -79.832161, -79.38984, -79.54591, -79.76839, -79.26388, -79.414859, -79.69839, -79.4698, -79.479743, 
-79.41135, -79.389631, -79.129791, -79.79467, -79.879711, -79.16879, -79.69566, -80.01009, -79.165314, -80.10517, -79.65327, -79.18649, -79.50839, -79.783404, -79.69835, -79.56352, -79.35011, -79.37815, -79.28751, -79.34421, -79.479016, -79.99345, -80.0244, -80.02239, -79.96062, -80.0244, -80.00628, -79.09459, -79.60491, -79.93573, -79.63191, -80.08726, -80.20728, -79.74935, -79.773094, -79.14221, -80.23174, -80.275963, -80.275963, -80.28961, -79.56809, -80.37587, -79.6808, -79.27142, -79.21379, 
-79.99741, -79.9842, -79.48073, -79.17848, -79.75441, -79.19809, -79.37498, -79.63723, -79.80389, -79.67075, -79.680318, -79.773094, -79.773094, -79.57555, -79.55518, -79.16415, -79.276577, -79.14419, -79.329664, -79.71018, -79.63132, -79.09331, -79.44984, -79.42344, -79.90244, -80.283647, -79.55521, -79.78487, -79.97548, -79.88921, -79.357399, -80.08603, -80.275963, -79.9849, -79.92418, -80.275963, -80.203546, -79.773094, -79.54383, -79.59483, -79.33107, -79.901349, -79.79, -79.333836, -79.77468, 
-79.791901, -79.82206, -80.0244, -79.75242, -79.77895, -79.87112, -79.81425, -79.94122, -79.88291, -80.0244, -79.806735, -80.0244, -80.0244, -80.0244, -80.0244, -80.0244, -79.775913, -80.0244, -80.0244, -80.0244, -80.0244, -80.0244, -79.80644, -80.0244, -80.0244, -79.95, -80.0244, -80.0244, -78.71, -78.86462, -78.87419, -78.53155, -79.03409, -78.73848, -78.57014, -78.25342, -78.75882, -79.08144, -78.77508, -78.839488, -78.79702, -79.02939, -79.107692, -79.10931, -79.020849, -78.625265, -78.829548, 
-78.4489, -78.66964, -78.69122, -78.625265, -78.42116, -78.45893, -78.80234, -78.36, -78.45, -78.60246, -78.00893, -77.995728, -78.052422, -78.052422, -77.92463, -78.39425, -78.387374, -78.782556, -78.83486, -79.08338, -78.13755, -78.882395, -78.43861, -78.48345, -78.83852, -78.24953, -78.04505, -78.979964, -78.30615, -78.20349, -78.327491, -78.19889, -79.0894, -78.83866, -78.738904, -78.97271, -78.21676, -78.713346, -78.61595, -78.24273, -78.1638, -78.24044, -78.45805, -78.88293, -78.97375, -78.970224, 
-78.26479, -78.34446, -78.72657, -78.5702, -78.93552, -78.44504, -78.110931, -78.52241, -78.450754, -78.13903, -78.37287, -78.67038, -78.360723, -78.110931, -78.44921, -78.30135, -79.107692, -78.63274, -78.671089, -78.65734, -78.58348, -78.65316, -78.71783, -78.70086, -78.64667, -78.63263, -78.5861, -78.625265, -78.70161, -78.71161, -78.60317, -78.63203, -78.54929, -78.743197, -78.63141, -78.625265, -78.625265, -78.625265, -78.625265, -78.625265, -78.625265, -78.625265, -78.625265, -78.625265, -78.552388, 
-80.081269, -78.625265, -78.625265, -78.625265, -78.625265, -78.625265, -78.625265, -78.625265, -78.625265, -78.625265, -78.625265, -78.625265, -78.625265, -78.625265, -78.413371, -78.625265, -78.625265, -78.89731, -78.857651, -78.83969, -78.86892, -78.95911, -78.93735, -78.93602, -78.92398, -78.857651, -78.857651, -78.857651, -78.92313, -78.92113, -78.857651, -78.857651, -78.857651, -77.77076, -77.78077, -77.83689, -77.82694, -77.10397, -76.79019, -78.10641, -76.77855, -77.78636, -76.60012, -77.513357, 
-77.37765, -77.93311, -76.93188, -77.67, -78.07321, -77.07986, -77.01668, -77.45335, -77.23117, -76.87437, -77.8601, -77.71859, -76.00736, -77.084958, -76.20409, -77.5108, -77.59066, -77.64461, -77.9727, -77.57834, -77.68887, -77.392609, -77.37896, -77.353092, -77.392609, -77.20349, -77.483072, -77.57821, -77.2083, -77.27835, -77.86277, -77.40241, -77.93998, -77.44254, -76.89865, -77.21536, -77.19032, -77.90383, -78.02336, -77.64342, -77.30888, -77.386748, -77.10287, -77.96738, -77.27013, -77.33836, 
-77.364499, -76.67274, -77.314288, -77.1981, -77.98298, -77.64106, -76.83431, -77.51319, -77.483072, -77.911635, -77.28809, -77.67144, -77.26186, -77.24791, -77.77649, -77.41983, -76.44693, -77.43618, -77.18438, -77.83054, -77.280169, -78.06759, -77.585471, -78.11872, -77.81173, -77.27014, -76.27892, -77.54056, -77.502602, -77.70192, -77.03459, -77.60825, -77.73, -77.08093, -77.91989, -77.904283, -77.926691, -77.95167, -77.20441, -76.213284, -76.255312, -76.23692, -76.98612, -75.50417, -75.89888, 
-75.98097, -76.49654, -75.55787, -76.16595, -76.88086, -75.94115, -76.83458, -76.22037, -76.61637, -75.84497, -76.4067, -75.97921, -76.373908, -76.62077, -76.86007, -75.618, -76.78039, -76.75097, -75.87361, -75.81974, -76.76737, -75.68792, -76.4275, -76.60188, -75.86047, -75.67686, -75.72772, -75.9518, -75.85014, -75.67961, -76.03362, -76.76046, -76.13715, -75.61144, -75.97255, -76.73206, -75.80319, -75.87867, -75.82653, -76.94686, -75.47741, -76.702125, -76.57584, -75.47473, -76.08293, -76.03822, 
-76.29809, -75.772775, -76.60411, -76.62627, -75.63954, -75.47152, -76.9349, -76.46994, -76.92641, -80.19879, -80.108188, -80.355204, -81.09974, -80.10965, -80.11171, -80.89909, -81.04028, -81.28723, -81.65456, -81.7995, -81.79475, -81.62728, -81.39368, -80.59116, -81.775456, -80.56574, -80.541088, -80.63823, -80.8924, -81.07753, -81.31911, -81.18303, -80.83, -80.82576, -81.00412, -81.54162, -80.44593, -81.75621, -80.45806, -81.543706, -81.86722, -81.189693, -81.2142, -81.213369, -81.15312, -81.189693, 
-81.12847, -80.898668, -80.32779, -80.44198, -81.47928, -81.885081, -80.6633, -81.77804, -81.20268, -80.86362, -80.62098, -81.12368, -80.64447, -80.541088, -80.60293, -81.3614, -80.61167, -81.66601, -81.56223, -79.93705, -81.24094, -81.239543, -80.4268, -81.09942, -81.07978, -79.97188, -80.35635, -80.68424, -80.7164, -80.804151, -80.52363, -80.640383, -80.28811, -80.56002, -80.558743, -80.5382, -81.75656, -80.80258, -80.89228, -80.02232, -81.02441, -80.947028, -80.41228, -80.71056, -80.716495, -80.1649, 
-80.15214, -80.33123, -80.804151, -80.27001, -80.89034, -80.21272, -81.630272, -80.25524, -80.42959, -81.98377, -80.46645, -80.477116, -80.43115, -80.54673, -81.55584, -81.574711, -81.57867, -80.4342, -81.92506, -80.4163, -81.07238, -80.88715, -81.95039, -81.42942, -81.42911, -80.08543, -80.73061, -80.44305, -80.804151, -80.84419, -80.85539, -80.82665, -80.79221, -80.82748, -80.82752, -80.89295, -80.85375, -80.85632, -80.79857, -80.74742, -80.75678, -80.96111, -80.72164, -80.87903, -80.89731, -80.804151, 
-80.804151, -80.804151, -80.804151, -80.804151, -80.73303, -80.804151, -80.804151, -80.82139, -80.66822, -80.804151, -80.804151, -80.804151, -80.804151, -80.804151, -80.825368, -80.804151, -80.804151, -80.804151, -80.804151, -80.804151, -80.804151, -80.804151, -80.804151, -80.804151, -80.842543, -80.851149, -80.804151, -80.804151, -80.804151, -80.804151, -80.804151, -80.804151, -80.804151, -80.804151, -80.7405, -80.69, -80.804151, -80.858155, -80.80486, -80.7613, -80.84, -80.804151, -80.93954, -80.831693, 
-80.804151, -80.81792, -81.02213, -80.804151, -80.804151, -80.844743, -80.804151, -80.804151, -80.804151, -80.804151, -80.804151, -80.804151, -80.804151, -80.804151, -80.845843, -80.804151, -80.804151, -78.84124, -78.908828, -78.953, -78.97037, -78.90369, -78.92179, -79.01225, -79.013799, -78.842868, -78.80384, -78.89411, -78.72, -79.00848, -79.4415, -78.614, -79.197058, -78.78102, -78.82527, -78.10474, -79.15153, -79.40248, -78.33424, -78.277669, -79.82302, -78.915788, -78.72076, -78.01897, -78.6012, 
-78.625362, -78.58643, -79.72904, -78.68964, -79.13005, -78.16439, -78.6514, -79.59239, -78.63648, -79.69001, -79.53503, -78.93744, -77.94761, -79.31355, -79.56026, -79.45745, -79.482423, -79.165314, -78.79613, -79.08288, -78.98986, -79.014425, -79.06282, -79.246841, -79.12124, -79.54609, -79.32836, -78.06056, -78.36593, -79.72363, -79.10586, -79.03714, -79.452352, -78.9999, -79.18802, -79.47979, -79.46496, -79.041388, -79.23013, -79.21215, -79.04705, -79.7605, -79.767341, -78.51432, -79.27404, -78.9594, 
-78.50025, -79.12266, -79.39084, -79.432734, -78.97499, -78.6941, -78.80645, -78.18555, -79.24449, -78.74102, -79.40099, -78.690428, -78.08407, -78.70765, -77.94134, -77.901408, -77.88452, -78.07127, -77.87251, -77.852599, -77.852599, -77.792177, -77.87113, -77.852599, -77.80572, -77.91346, -78.48214, -78.18584, -78.19035, -78.37743, -78.699417, -77.92764, -77.89903, -77.90554, -78.93039, -78.83023, -78.75997, -78.64362, -78.46244, -78.10539, -78.26673, -78.91932, -79.02516, -78.40574, -78.59534, 
-77.65238, -78.32406, -77.55978, -78.348111, -78.23438, -78.29701, -77.91092, -78.51678, -78.06492, -78.5565, -78.05955, -77.65343, -78.6608, -78.28251, -77.88697, -78.04176, -78.412864, -77.42096, -78.05743, -78.30961, -78.82187, -78.01392, -78.12862, -77.97788, -78.5759, -78.51224, -78.44868, -78.3878, -77.99977, -78.70773, -78.06544, -78.04965, -77.7981, -77.56469, -77.662614, -77.595034, -77.62481, -77.82238, -76.632264, -76.81297, -76.33033, -76.78706, -77.4161, -76.71853, -76.64783, -77.77153, 
-77.01969, -76.1988, -77.75929, -77.523102, -77.32292, -76.46317, -77.69208, -77.41061, -77.01504, -76.53869, -76.86135, -77.42548, -76.52748, -76.88972, -76.899976, -76.55591, -77.58452, -77.20701, -77.4559, -77.391199, -77.463687, -77.37117, -77.31866, -77.391199, -77.3756, -77.3127, -77.78042, -76.57115, -76.51632, -77.58718, -77.22214, -76.66595, -76.75219, -81.165972, -77.01509, -77.07585, -77.09936, -77.06336, -77.06336, -76.87786, -76.69263, -77.7221, -77.21501, -77.57157, -76.89242, -76.38149, 
-77.87444, -76.5184, -77.69186, -76.44111, -77.15405, -76.632264, -77.10614, -77.43518, -77.15546, -76.660435, -76.49457, -77.39714, -77.01025, -77.030502, -81.33012, -81.3534, -81.287181, -81.84672, -81.68783, -81.30497, -81.66255, -81.713416, -81.06694, -81.14279, -81.73139, -81.51726, -81.21466, -81.65141, -81.92693, -81.39224, -81.52276, -81.60359, -81.102329, -80.84586, -81.95958, -80.97109, -81.42262, -80.87988, -81.51951, -81.0081, -81.817998, -81.37502, -81.43478, -81.42635, -81.539847, -80.77085, 
-81.13146, -81.07441, -81.41878, -81.48192, -81.42409, -81.884521, -80.82988, -81.53117, -81.27736, -81.54476, -81.87177, -81.675545, -81.2111, -81.18843, -81.27076, -81.934265, -81.901715, -81.16056, -81.71625, -81.045963, -81.94286, -81.23443, -81.11615, -80.86439, -81.562609, -81.84888, -81.3195, -82.003691, -81.37303, -81.47238, -81.43023, -81.00733, -80.99639, -80.93481, -81.53545, -81.492983, -80.99326, -81.207166, -81.1362, -80.86182, -80.8981, -81.05152, -81.83002, -81.695292, -81.2083, -80.96141, 
-80.91951, -81.61009, -81.03564, -80.947028, -80.947028, -80.91265, -81.56804, -81.778871, -81.77819, -81.5371, -81.47784, -81.17462, -81.74404, -81.00762, -82.63479, -83.58395, -82.54142, -82.16858, -83.08029, -82.83859, -82.41471, -82.28307, -82.31665, -82.75799, -83.47397, -82.30008, -82.70449, -82.85103, -83.09538, -82.62466, -83.29698, -82.241744, -82.93536, -82.18161, -83.14464, -82.388325, -83.25321, -82.41834, -82.503226, -82.708024, -82.60288, -82.37542, -82.41515, -82.48999, -83.82171, 
-83.39032, -82.34855, -83.11146, -82.059494, -83.002841, -82.50652, -82.29237, -83.21173, -82.60353, -82.86149, -83.295244, -82.96774, -82.185, -82.92258, -82.73513, -82.07899, -82.236198, -83.085, -82.01719, -82.68447, -82.52043, -82.21395, -82.18313, -82.29968, -82.4945, -82.57, -82.481257, -81.90629, -82.18229, -83.42225, -82.11072, -82.62357, -82.165546, -82.67373, -82.30048, -83.79634, -82.84253, -82.34408, -83.01052, -83.327411, -82.520707, -82.07366, -82.40531, -83.20772, -83.62998, -82.21712, 
-83.04111, -82.43186, -83.009416, -82.99607, -82.54285, -83.233302, -83.30887, -82.47156, -82.49673, -82.41625, -82.503611, -82.41453, -82.597992, -82.55632, -82.667132, -82.52307, -82.55992, -82.50007, -82.6062, -82.532081, -82.528558, -82.502644, -82.492664, -82.528558, -82.528558, -77.764819, -77.934656, -79.280088, -83.81695, -83.94882, -84.035916, -83.76683, -83.94231, -84.09018, -83.90161, -77.404512, -76.97842, -82.494187, -82.449228, -80.17278, -81.234811, -81.03203, -81.55245, -80.36129, 
-80.26083, -81.13542, -81.35898, -80.98653, -80.65134, -80.59142, -80.58, -80.67158, -81.4496, -80.48117, -81.06618, -81.33822, -81.87043, -80.98409, -80.90083, -80.44405, -80.208109, -81.14318, -80.70157, -80.81448, -80.161, -80.58127, -80.32069, -80.13052, -80.74802, -81.09219, -81.3823, -80.90972, -79.99205, -80.70107, -80.42251, -80.84535, -80.56786, -81.19686, -81.30068, -81.530165, -80.54807, -80.07629, -81.465, -81.248345, -81.25047, -81.21854, -80.79844, -81.39016, -80.70776, -80.11319, -80.0675, 
-81.04345, -80.95448, -80.2506, -80.21281, -80.208361, -80.2136, -81.59772, -81.098735, -81.12298, -81.61641, -80.04196, -81.09763, -81.12334, -79.93219, -80.8564, -80.824603, -80.797486, -80.88513, -81.32649, -81.25987, -81.30861, -80.4548, -81.4218, -81.511, -80.54447, -81.65577, -80.88762, -81.12724, -80.81601, -80.79563, -81.32226, -81.77579, -80.50903, -80.208109, -81.75318, -81.28947, -80.970766, -80.33969, -80.35738, -80.37434, -80.46534, -80.32025, -80.43433, -81.07563, -79.94482, -80.01013, 
-80.43046, -81.40845, -81.70607, -80.50487, -81.08956, -81.14142, -81.248345, -81.08256, -80.60138, -81.098735, -81.27281, -81.60777, -81.08218, -81.03519, -81.02886, -81.02492, -81.00008, -80.99826, -80.96024, -80.94144, -81.019913, -80.93844, -81.10624, -80.922338, -81.17611, -80.970766, -80.970766, -80.970766, -80.970766, -80.970766, -80.970766, -80.970766, -80.970766, -80.970766, -80.93286, -80.970766, -80.970766, -80.970766, -80.970766, -81.248345, -80.88783, -81.062623, -80.87343, -81.880871, 
-80.970766, -80.970766, -80.970766, -80.970766, -80.970766, -81.98682, -81.87919, -81.95665, -81.863874, -82.105503, -81.9308, -81.85729, -81.97413, -81.96902, -81.96902, -81.99252, -81.71187, -82.141, -81.88553, -81.83271, -81.86761, -81.832999, -81.81026, -81.856745, -81.98276, -81.906376, -82.13322, -81.90924, -81.96902, -82.00328, -81.62497, -81.69232, -81.652395, -81.977324, -81.96902, -82.07523, -81.8106, -81.66903, -81.78674, -82.22045, -82.02271, -79.165102, -81.46124, -82.14541, -81.990216, 
-82.02018, -81.9768, -81.74846, -81.74321, -81.85468, -82.11066, -81.95444, -82.09514, -81.772738, -81.60496, -82.08325, -82.09312, -81.96902, -82.0483, -81.96902, -81.96902, -81.68, -79.9355, -79.85773, -79.94813, -80.06061, -79.98218, -80.0228, -80.005, -79.85773, -80.03063, -79.95409, -79.85773, -80.05353, -79.85773, -79.85773, -79.85773, -80.05911, -79.85773, -80.09247, -79.85773, -80.07363, -79.93701, -79.94711, -80.38489, -79.6607, -79.78991, -79.91504, -80.80248, -80.631208, -79.85797, -80.47925, 
-80.19009, -80.41593, -80.31682, -79.93224, -79.32638, -79.226361, -80.02347, -80.56074, -80.62279, -80.45186, -80.26738, -79.8097, -79.76496, -80.46458, -79.61472, -80.08507, -80.12165, -79.85773, -79.4657, -80.01039, -79.85899, -79.85773, -79.79148, -80.07822, -80.08297, -80.22778, -80.65637, -80.31958, -80.54405, -80.81529, -79.904182, -80.57602, -79.91737, -80.81066, -79.83791, -80.18599, -80.226694, -80.17627, -80.17774, -80.67195, -79.8846, -80.84282, -80.24773, -79.80977, -79.784721, -79.650627, 
-79.693294, -79.74311, -79.71722, -79.59233, -79.14985, -79.69151, -79.6437, -79.88688, -79.3594, -79.92315, -79.53847, -79.01692, -79.1148, -78.919205, -79.74037, -79.8761, -82.30074, -79.36512, -79.89135, -79.75793, -79.352291, -79.27039, -79.19325, -78.96696, -79.36142, -79.32815, -78.739531, -80.08256, -80.132418, -79.40387, -79.45494, -79.78693, -79.7542, -79.432546, -79.18651, -79.87402, -79.45893, -78.64282, -79.42049, -78.74796, -78.9008, -79.55308, -79.396, -78.79097, -79.476859, -79.25775, 
-78.98126, -79.03226, -78.89604, -78.999561, -78.97824, -79.56773, -79.11348, -78.67824, -79.57018, -80.06109, -79.1301, -78.963155, -78.999862, -79.31738, -79.85551, -79.76429, -79.47272, -79.87045, -79.58188, -79.83177, -78.971795, -78.919205, -79.011696, -82.40578, -82.395594, -82.371519, -82.453779, -82.39289, -82.453779, -82.34099, -82.453779, -82.39364, -82.453779, -82.44234, -82.453779, -82.433132, -82.362585, -82.31739, -82.453779, -82.447, -82.41245, -82.62509, -82.782868, -82.835449, -82.6455, 
-82.71615, -82.74032, -82.49053, -82.56215, -82.78407, -82.82176, -82.710126, -82.710126, -82.710126, -82.62565, -82.453779, -82.33427, -82.4023, -82.59365, -82.653067, -82.56459, -82.99703, -82.19732, -82.13111, -82.15474, -82.163078, -82.168139, -82.15614, -82.25178, -82.22117, -82.453779, -82.23672, -82.38755, -82.63812, -82.76263, -82.68861, -83.27236, -82.63239, -82.52726, -82.30432, -83.16336, -82.90985, -82.00203, -82.75838, -82.44077, -82.76668, -82.71136, -82.94599, -82.4565, -83.088332, 
-82.95878, -82.74935, -82.94557, -82.939668, -82.28385, -82.24512, -82.83794, -82.49425, -82.71772, -82.8484, -83.04391, -82.32238, -82.37061, -82.86993, -82.43224, -83.06882, -82.23851, -83.11495, -82.304658, -83.02066, -82.50551, -81.96902, -81.49413, -81.178712, -80.92235, -81.21429, -80.86, -80.99427, -80.09371, -81.19429, -80.97792, -80.90157, -80.91644, -80.969035, -81.43049, -80.35877, -80.76005, -80.781721, -80.658932, -81.00994, -81.22788, -80.26799, -80.39935, -81.00536, -81.0125, -81.178712, 
-81.0509, -81.178712, -81.178712, -80.19733, -81.39136, -81.40335, -80.851836, -81.21176, -79.001441, -81.71368, -81.59072, -81.70946, -81.599891, -81.61561, -81.599891, -81.68632, -81.33069, -81.36031, -81.482658, -81.87128, -81.28416, -82.23492, -82.13638, -81.89705, -81.95036, -81.37854, -81.24052, -81.82785, -81.84119, -81.8214, -81.79179, -81.85264, -82.30548, -81.49201, -82.19251, -81.599198, -82.51411, -81.94945, -81.87994, -81.18294, -82.21285, -82.23442, -81.22185, -81.85192, -82.19013, 
-81.2209, -81.81628, -81.81743, -81.42936, -81.51935, -81.96445, -81.599891, -79.053838, -82.319983, -80.565343, -80.67505, -80.735245, -80.661027, -80.689041, -80.74845, -80.642097, -80.915532, -80.87404, -81.16602, -80.989142, -81.184627, -80.677001, -80.787899, -80.94972, -81.24794, -80.5503, -81.17208, -81.24035, -81.24215, -81.10998, -80.799698, -80.74325, -81.07847, -80.75144, -80.91937, -80.702594, -81.30864, -81.126913, -81.12453, -80.69009, -80.97461, -80.661027, -81.2447, -80.74987, -80.82739, 
-81.111258, -81.10567, -81.05236, -80.83348, -80.687134, -84.26491, -84.037859, -84.30292, -84.21929, -84.557181, -84.557181, -84.5788, -84.47405, -84.037859, -83.83416, -84.01732, -83.98382, -83.851, -83.864915, -83.93372, -83.96848, -83.801451, -83.88302, -84.2387, -84.24506, -84.47405, -84.07485, -83.70779, -84.092267, -84.092588, -84.037859, -84.29407, -84.07456, -84.26791, -84.28335, -84.24743, -84.21114, -84.07456, -84.07456, -84.15381, -84.03707, -84.17441, -84.09764, -84.103226, -84.01487, 
-84.07482, -83.98565, -84.037859, -84.11655, -84.037859, -84.26, -83.89423, -83.86249, -83.74735, -83.67165, -84.0964, -84.54746, -84.556004, -84.47464, -84.511209, -84.602, -84.557181, -84.51475, -84.47633, -84.4433, -84.557181, -83.89821, -84.2062, -84.20642, -84.25, -84.07456, -84.38539, -84.31774, -84.47405, -84.01807, -84.25994, -84.50382, -84.71062, -84.53744, -84.19771, -84.22036, -84.07456, -84.07456, -84.13167, -84.17938, -84.547082, -84.037859, -84.23261, -84.1794, -84.04633, -84.13045, 
-84.15118, -84.14294, -84.037859, -84.105011, -84.68483, -84.6183, -84.92452, -85.07227, -85.15313, -84.62593, -84.37204, -85.26088, -85.136227, -85.14282, -84.557181, -85.08, -85.20291, -84.50402, -84.43884, -85.02254, -85.1062, -85.09612, -85.073582, -84.82764, -84.77533, -84.64484, -84.845684, -85.34001, -85.25762, -84.56087, -84.68784, -85.233721, -84.84463, -84.744595, -84.74967, -84.73756, -84.75579, -85.172297, -84.70133, -85.234946, -84.77103, -84.458326, -84.41583, -84.59706, -84.97801, 
-84.458326, -85.18084, -84.25925, -85.182085, -85.181782, -84.458326, -84.63392, -85.05508, -84.744595, -84.65, -84.8346, -84.65, -85.15312, -85.213817, -85.233721, -85.233721, -85.23825, -85.030663, -84.60621, -84.3, -85.16973, -84.73232, -85.233721, -85.14342, -84.51135, -85.29304, -84.38462, -84.97274, -85.02667, -84.92356, -85.23497, -84.577, -84.72539, -84.91725, -84.83809, -84.4843, -84.57176, -84.240414, -84.464401, -84.14862, -84.46706, -84.45541, -84.288803, -84.59321, -84.47668, -84.46271, 
-83.89284, -85.12243, -84.58776, -85.170588, -84.82543, -84.73593, -84.27306, -84.25427, -84.30152, -84.56854, -84.91737, -84.504403, -83.97568, -84.03346, -84.33347, -84.351273, -84.37871, -85.0745, -84.98895, -84.10645, -84.31519, -84.69943, -84.08154, -84.17215, -84.32187, -84.19386, -84.47168, -84.75388, -84.33011, -85.048995, -84.82536, -84.814173, -84.71206, -84.298964, -84.69453, -84.57062, -84.6, -84.756109, -84.516327, -84.26906, -84.40108, -84.86733, -84.58017, -84.65511, -84.21809, -83.965099, 
-84.289814, -84.25092, -84.33084, -84.351273, -84.32753, -84.637108, -84.58724, -84.54611, -84.37168, -84.5903, -84.26822, -84.31252, -84.43987, -84.36704, -84.351273, -84.47405, -84.47405, -84.39013, -84.429296, -84.38472, -84.35149, -84.33786, -84.38065, -84.38525, -84.41983, -84.47131, -84.3764, -84.39599, -84.42268, -84.38365, -84.34087, -84.31854, -84.437, -84.33611, -84.423648, -84.47405, -84.3238, -84.47405, -84.35779, -84.47405, -84.3606, -84.41972, -84.37817, -84.32355, -84.432127, -84.52728, 
-84.397976, -84.07456, -84.439127, -84.389676, -84.56032, -84.4538, -84.31769, -84.46615, -84.25367, -84.29321, -84.37203, -84.47405, -84.44977, -84.28412, -84.33877, -84.47405, -84.47405, -84.49033, -84.32775, -84.47405, -84.47405, -84.39682, -84.47405, -84.07456, -84.47405, -84.34112, -84.07456, -84.27215, -84.47405, -84.07456, -84.47405, -84.47405, -84.47405, -84.07456, -84.387276, -84.47405, -84.47405, -84.47405, -84.47405, -84.47405, -84.47405, -84.47405, -84.47405, -84.47405, -84.47405, -84.47405, 
-84.47405, -84.47405, -84.47405, -84.47405, -84.47405, -84.47405, -84.47405, -84.47405, -84.47405, -84.47405, -84.47405, -84.47405, -84.47405, -82.3391, -82.50985, -82.792, -82.47988, -82.50969, -81.97826, -81.62339, -81.90984, -82.11842, -82.10699, -81.83478, -81.629062, -82.036, -81.63251, -81.93594, -82.69115, -81.93724, -82.378, -82.30448, -82.01301, -82.05534, -82.23715, -81.98381, -84.450276, -82.59171, -81.48627, -82.49502, -82.36787, -81.533198, -81.9242, -82.086658, -81.89818, -82.1214, 
-82.72979, -81.81036, -81.79396, -82.58272, -81.80677, -81.77772, -81.78233, -81.73166, -82.22278, -82.324475, -81.63543, -82.52255, -82.17048, -82.48797, -82.41493, -82.373889, -82.4023, -81.998348, -83.82352, -83.794858, -83.950541, -83.87003, -83.838936, -83.901, -83.77348, -83.58913, -83.50035, -84.00419, -84.32905, -84.019157, -84.037859, -83.05998, -83.78604, -84.01804, -83.94701, -83.09656, -83.28544, -84.37931, -83.51879, -83.4156, -83.78599, -83.76194, -83.46842, -83.38389, -83.54118, -83.99718, 
-84.10849, -83.55992, -84.33, -83.35161, -83.25811, -84.47154, -84.46716, -84.42981, -83.91813, -83.65226, -83.562922, -83.74189, -83.7231, -83.47738, -83.77864, -83.58251, -83.44201, -83.09448, -83.65979, -84.39839, -83.17539, -83.56058, -84.28317, -84.2098, -83.38487, -83.47201, -83.88442, -83.41617, -83.89115, -83.68536, -83.4073, -83.68012, -84.07943, -83.397716, -83.71124, -83.48178, -83.31718, -83.43578, -83.42329, -83.86484, -83.509934, -83.980879, -83.36207, -83.587419, -83.36423, -83.3749, 
-83.408897, -83.38908, -83.34529, -83.41732, -83.43565, -83.38908, -83.37743, -83.38908, -83.38908, -83.39828, -83.24825, -83.73524, -83.48164, -83.51552, -83.511055, -83.03375, -83.34676, -82.97819, -83.21997, -83.11913, -83.15548, -82.88542, -83.24654, -82.94112, -82.825, -83.42456, -83.14746, -83.57597, -83.19797, -82.9201, -83.516374, -83.31318, -83.288117, -83.06063, -83.47936, -83.364156, -83.69901, -83.71899, -82.94624, -83.12842, -83.61157, -82.80015, -83.07787, -83.58491, -83.16666, -82.6684, 
-83.08857, -83.18538, -82.72612, -83.41232, -83.05852, -83.71061, -83.2673, -84.93798, -84.762161, -84.77502, -85.32883, -84.7113, -84.94642, -84.76558, -85.286982, -84.989796, -84.9865, -84.93994, -84.951261, -84.75967, -85.35064, -85.1416, -85.25824, -85.4043, -85.47893, -84.711863, -85.03345, -84.69955, -84.91926, -85.14435, -85.49945, -85.21956, -85.05879, -85.27405, -85.25212, -85.02482, -85.32928, -85.37183, -84.735233, -85.52702, -85.30301, -85.345544, -85.03867, -84.988536, -85.43232, -82.30514, 
-82.52017, -82.21503, -82.5104, -82.64828, -82.40335, -82.13949, -82.58135, -81.929165, -82.090996, -82.20102, -82.31013, -82.08872, -82.18933, -82.43899, -82.32636, -82.625213, -82.713, -82.73454, -81.87901, -82.46303, -82.5028, -82.65655, -81.9944, -82.37625, -84.504081, -81.97265, -82.090996, -82.01018, -82.14435, -82.01237, -82.09491, -82.0697, -82.090996, -82.090996, -82.090996, -82.090996, -82.090996, -82.090996, -82.235542, -82.090996, -82.090996, -83.33082, -82.56948, -83.22096, -83.800628, 
-83.62435, -84.2461, -83.91327, -83.75918, -83.02647, -83.785365, -83.06006, -83.16892, -83.692562, -83.3404, -83.77808, -84.11732, -83.24549, -82.61607, -83.05632, -83.4905, -82.93375, -83.09905, -83.1848, -83.35432, -83.74571, -83.39, -82.80959, -83.67795, -83.92941, -83.88641, -83.32748, -83.55078, -83.43902, -83.2182, -82.70761, -83.48517, -82.91713, -83.63554, -84.3895, -82.914974, -84.18258, -83.1612, -83.37027, -82.7749, -83.78583, -83.64773, -82.51381, -83.94646, -83.88003, -83.80726, -83.19785, 
-82.8916, -83.93413, -84.42804, -83.3, -83.06337, -83.23397, -83.22492, -83.98913, -83.70862, -83.16019, -84.00588, -82.95019, -84.07988, -83.73541, -83.76348, -83.52604, -83.56747, -83.122891, -82.96091, -84.10042, -83.18058, -84.03811, -83.45722, -84.28475, -82.8375, -82.81923, -83.394574, -83.61433, -83.876108, -83.00647, -83.64873, -82.82775, -83.06671, -83.72075, -83.79311, -83.64332, -82.81018, -83.669655, -82.68926, -84.14812, -83.59829, -83.6513, -84.47405, -84.47405, -84.07456, -84.38, -84.47405, 
-84.47405, -84.58, -84.47405, -84.07456, -84.61, -84.07456, -84.07456, -84.47405, -84.47405, -84.79, -84.47405, -84.47405, -84.47405, -84.47405, -84.47405, -84.47405, -84.47405, -84.47405, -83.63529, -83.691315, -83.691315, -83.67119, -83.691315, -83.67216, -83.648552, -83.691315, -83.691315, -83.72204, -83.59963, -83.691315, -83.638752, -83.6793, -83.56749, -83.78665, -83.691315, -83.395669, -83.691315, -83.569001, -83.691315, -83.657207, -83.708399, -83.691315, -81.6098, -81.33121, -81.3128, -81.381908, 
-81.39094, -81.39979, -81.48447, -81.42676, -81.437074, -81.3908, -81.61617, -81.61083, -81.60109, -81.75813, -81.37892, -81.34528, -81.37637, -81.64211, -81.24568, -81.48778, -81.3108, -81.23006, -81.27064, -80.84937, -81.32427, -81.3862, -81.381908, -81.64534, -83.459054, -81.09258, -81.07156, -81.07156, -81.06724, -81.12183, -81.09116, -81.17233, -81.16915, -81.07156, -80.99193, -81.0425, -81.07156, -81.07156, -81.12002, -81.047711, -81.07156, -81.20259, -81.07156, -81.07156, -81.07156, -81.325815, 
-81.101502, -81.07156, -81.07156, -82.35133, -82.416543, -82.37534, -83.944336, -82.44618, -83.01502, -82.35198, -82.299677, -82.25779, -82.18481, -82.88991, -81.49213, -81.532489, -81.3802, -81.60975, -81.482551, -81.49832, -81.42072, -82.73595, -82.84153, -82.854631, -82.86325, -82.02194, -82.59809, -82.13812, -81.85818, -82.96137, -81.90843, -81.86481, -81.627717, -81.68428, -82.69332, -82.58299, -82.27322, -82.6201, -81.97244, -82.62928, -82.04944, -82.115541, -82.10743, -81.56912, -82.04908, 
-81.332211, -82.12, -82.19784, -82.416543, -81.62656, -81.83011, -82.71829, -81.79512, -81.67924, -81.880222, -81.880222, -83.28661, -83.30078, -83.252192, -83.252192, -83.25332, -83.19624, -83.318647, -83.439433, -83.42736, -83.21803, -82.65232, -82.71029, -83.5282, -83.78882, -83.39135, -83.69126, -82.86455, -82.58028, -83.36415, -82.72399, -83.07103, -83.13302, -83.45328, -83.50211, -83.2188, -83.08841, -82.83342, -83.55343, -83.20286, -82.08063, -83.43559, -83.02568, -83.00524, -83.01949, -83.246084, 
-83.287753, -83.19316, -84.165407, -84.16044, -84.194812, -84.219594, -84.061155, -84.09678, -84.176507, -84.22644, -84.132357, -84.21942, -84.181547, -84.137, -83.72045, -84.71025, -83.66519, -84.48229, -84.12921, -84.58951, -84.570049, -84.252665, -83.73816, -84.248211, -83.62288, -84.94899, -84.86025, -84.72284, -84.35727, -83.503715, -84.21343, -84.34762, -84.23667, -85.0557, -83.48004, -84.42415, -83.96028, -84.87908, -84.69653, -83.87218, -84.253089, -84.76444, -84.68772, -84.43357, -84.02921, 
-83.90937, -84.87703, -84.75869, -83.58801, -83.34041, -83.25093, -85.03241, -84.54711, -83.877554, -85.07534, -83.96555, -83.91237, -83.927785, -84.80242, -83.408633, -85.00251, -84.51726, -84.16931, -84.06866, -84.05767, -84.59849, -84.94739, -83.77172, -83.249754, -84.36269, -83.66005, -83.9628, -84.0615, -83.27583, -83.59971, -83.792379, -84.51526, -83.72075, -84.15678, -84.39361, -83.79025, -84.219594, -83.47325, -84.02897, -84.32748, -84.60173, -84.25037, -83.716729, -83.73515, -83.57934, -83.86041, 
-83.98919, -83.503621, -83.51083, -83.66484, -83.86973, -84.32976, -83.05502, -83.885902, -84.59822, -84.52238, -84.88805, -84.76332, -84.32008, -84.80137, -85.00736, -84.54513, -84.95803, -84.44513, -84.83857, -84.81218, -84.60879, -84.84122, -84.98499, -84.88437, -84.82038, -84.53419, -84.66063, -84.69384, -84.52243, -84.73957, -84.71191, -84.71552, -84.62522, -85.13779, -84.54095, -84.98005, -84.955843, -84.94879, -84.97753, -84.90612, -84.95128, -84.90942, -84.906483, -84.92583, -84.874123, -84.874123, 
-84.977131, -84.874123, -84.963981, -84.874123, -84.874123, -84.874123, -81.7, -81.420603, -81.72, -81.627324, -82.91032, -81.95741, -81.84051, -83.29266, -82.72529, -82.62165, -82.24, -81.768964, -81.44668, -81.46092, -81.698422, -82.71425, -82.21351, -81.590249, -82.122553, -81.72195, -82.15623, -81.93061, -81.617754, -81.848401, -82.94876, -83.13841, -82.38103, -82.6396, -82.651184, -82.0943, -83.27037, -83.04106, -82.50337, -82.98732, -82.12457, -82.957151, -81.77904, -83.21849, -81.815115, -81.87932, 
-82.94481, -82.43601, -81.72916, -81.80991, -81.275174, -81.600108, -81.38213, -82.22371, -81.29464, -81.420603, -81.30987, -82.26039, -82.11706, -81.51284, -82.81421, -81.33962, -82.76055, -81.59442, -81.378181, -81.768622, -81.56319, -81.406458, -81.30203, -81.969048, -81.55686, -82.09805, -81.03602, -81.172169, -80.984344, -81.05316, -81.00259, -81.02229, -81.172169, -81.172169, -81.172169, -81.172169, -81.08642, -81.172169, -81.172169, -80.98175, -81.045962, -81.172169, -81.34497, -81.59005, 
-80.911, -81.909445, -81.83636, -81.282815, -81.13316, -81.21645, -81.9205, -81.61052, -81.85602, -80.89524, -81.282815, -81.16, -81.46122, -81.80743, -81.88648, -81.744852, -81.282815, -81.57164, -81.653642, -81.93806, -81.990729, -81.987609, -81.95, -81.22328, -80.95736, -80.87561, -81.172169, -81.172169, -81.10296, -81.172169, -81.05611, -81.67401, -81.668593, -81.89073, -81.45095, -81.6088, -81.96523, -81.8349, -81.95858, -81.57009, -81.64433, -81.50008, -82.104632, -81.66331, -81.89262, -81.172169, 
-81.680806, -81.65101, -81.547044, -81.68174, -81.72044, -81.64664, -81.6374, -81.67933, -81.69113, -81.73987, -81.586, -81.70165, -81.683107, -81.91485, -81.58359, -81.62098, -81.65651, -81.76653, -81.80865, -81.80502, -81.81255, -81.63073, -81.47043, -81.49965, -81.52551, -81.41049, -81.436859, -81.683107, -81.683107, -81.683107, -81.683107, -81.40949, -81.98364, -81.683107, -81.683107, -81.683107, -81.683107, -81.683107, -81.683107, -81.683107, -81.74894, -81.683107, -81.52228, -81.683107, -81.39844, 
-81.72509, -81.389305, -81.54604, -81.60597, -81.56882, -81.60274, -81.420603, -81.40308, -81.683107, -81.659017, -81.59087, -81.65, -84.26903, -84.346204, -84.31528, -84.32394, -84.406629, -84.29855, -84.287749, -84.16049, -84.188446, -84.34803, -84.18841, -84.25979, -84.346204, -84.346204, -84.346204, -84.346204, -84.346204, -84.18, -85.02704, -84.97668, -84.6407, -84.60134, -84.8218, -84.34906, -84.35533, -84.89247, -85.023947, -84.74346, -83.65112, -84.66292, -84.41376, -84.77767, -85.04477, 
-83.8239, -84.02083, -83.40303, -83.391393, -84.483258, -84.46259, -83.88017, -83.840177, -84.38798, -83.58119, -83.659371, -83.578106, -83.32545, -84.6147, -84.75363, -84.606864, -84.20923, -83.42088, -83.63082, -84.50595, -83.38416, -84.88355, -83.98882, -84.267397, -84.346204, -84.23331, -85.65297, -85.692035, -85.60975, -85.56392, -85.66458, -85.692035, -85.81279, -85.76367, -85.65413, -85.41461, -85.692035, -85.692035, -85.90413, -85.916988, -85.37542, -85.18229, -86.03889, -85.05644, -85.07299, 
-85.67495, -85.38288, -85.806, -85.5775, -85.24381, -85.39371, -85.0779, -86.14665, -86.342683, -86.12111, -85.198431, -85.88079, -85.41673, -86.1675, -85.52171, -85.01619, -85.11142, -85.64577, -85.16919, -85.2206, -85.25712, -85.23283, -85.21892, -85.768022, -86.12111, -85.96035, -85.32792, -85.242169, -86.18759, -84.94563, -85.942389, -85.82357, -85.58981, -85.93988, -85.22822, -85.52891, -81.344414, -85.53832, -87.22305, -87.225691, -87.20727, -87.18937, -87.25472, -87.31919, -87.33451, -87.29035, 
-87.340262, -87.275772, -87.299129, -87.259592, -87.21485, -87.275772, -87.203543, -87.275772, -87.275772, -87.275772, -87.275772, -87.31996, -87.031496, -86.68607, -87.31979, -87.27734, -87.30604, -86.58533, -86.655208, -86.311093, -86.51088, -86.594479, -86.4338, -86.55081, -86.64643, -87.292755, -86.62113, -86.61992, -86.594479, -86.359508, -87.277307, -87.292918, -87.09013, -87.04972, -87.04972, -86.77075, -87.13267, -86.89025, -86.43749, -87.47861, -86.71497, -87.01098, -87.16724, -87.04972, 
-87.275772, -87.275772, -87.275772, -87.275772, -87.34872, -86.45335, -86.57331, -86.49702, -87.275772, -87.275772, -87.00178, -86.594479, -87.275772, -87.275772, -87.275772, -87.275772, -87.275772, -87.275772, -87.275772, -87.275772, -87.275693, -87.275772, -82.3244, -82.396567, -82.3469, -82.397904, -82.36889, -82.41502, -82.39658, -82.3941, -82.29591, -82.353862, -82.353862, -82.353862, -82.353862, -82.353862, -82.48872, -82.49351, -82.10092, -82.54518, -82.87062, -82.60452, -82.30358, -83.02243, 
-82.86837, -82.353862, -83.1148, -82.097095, -82.353862, -82.27648, -82.353862, -82.808642, -82.72965, -82.0309, -82.28621, -82.60407, -82.855334, -83.27604, -82.39008, -82.10819, -82.60064, -82.00421, -82.39845, -82.09829, -82.212649, -82.22069, -82.01048, -82.27775, -82.51776, -82.59446, -82.99026, -82.2158, -82.77965, -82.23483, -83.14401, -82.82752, -82.1621, -82.49831, -82.42643, -82.611304, -81.36796, -81.64043, -81.50319, -81.260818, -81.23654, -81.31772, -81.28151, -80.99418, -81.260818, 
-81.52359, -81.31212, -81.41112, -81.22328, -81.22328, -81.22328, -81.22328, -81.33352, -81.299521, -81.172169, -81.3, -81.27927, -81.24515, -81.68034, -81.674147, -81.172169, -81.34387, -81.10985, -81.258108, -81.74343, -81.5228, -81.18764, -81.172169, -81.23495, -81.390498, -81.33992, -81.332888, -81.35384, -81.35942, -81.22328, -81.31, -80.89049, -81.653642, -81.64475, -80.85374, -81.22328, -81.30512, -81.0948, -81.21026, -81.11906, -81.50174, -81.569764, -80.856373, -81.28761, -81.250236, -81.27631, 
-81.172169, -80.87315, -81.53689, -81.260818, -81.73184, -81.41711, -80.81695, -80.686159, -80.686159, -80.686159, -81.70621, -81.35594, -81.260818, -81.22328, -81.30606, -81.260818, -81.260818, -81.22328, -80.84123, -81.5754, -81.22328, -81.37446, -81.343903, -81.35244, -81.3931, -81.40089, -81.36054, -81.30774, -81.44369, -81.38814, -81.42695, -81.43994, -81.32609, -81.325842, -81.260818, -80.686159, -81.260818, -81.24717, -81.48608, -81.47514, -81.10735, -81.47345, -81.28949, -81.35898, -81.2456, 
-81.18634, -81.30353, -81.18404, -81.26436, -81.505894, -81.13666, -81.17653, -81.09078, -81.260818, -81.47863, -81.52488, -81.41182, -81.40625, -81.260818, -81.260818, -81.104185, -81.420092, -81.260818, -81.260818, -81.402613, -81.260818, -81.260818, -81.332763, -81.260818, -81.260818, -81.260818, -81.260818, -81.260818, -81.260818, -81.38, -81.260818, -81.260818, -81.260818, -81.260818, -81.260818, -81.260818, -81.23, -81.260818, -81.260818, -80.686159, -80.61987, -80.686159, -80.57414, -80.67167, 
-80.60014, -80.650341, -80.67729, -80.68591, -80.64679, -80.686159, -80.686159, -80.686159, -80.686159, -80.60501, -80.74196, -80.828991, -80.686159, -80.60159, -80.79585, -80.79887, -80.61119, -80.686159, -80.69211, -80.65077, -80.686159, -80.59957, -80.69402, -80.523463, -80.59472, -80.52879, -80.56986, -80.53518, -80.6691, -80.70198, -80.673356, -80.72558, -80.732327, -80.572557, -80.48266, -80.686159, -80.40294, -80.423083, -80.39141, -80.37248, -80.572557, -80.572557, -80.51468, -80.49708, -80.45722, 
-80.572557, -80.45364, -80.572557, -80.51457, -80.421607, -80.572557, -80.79405, -80.458168, -80.475479, -80.14526, -80.448254, -80.15004, -80.27874, -80.458168, -80.30069, -80.27174, -80.30732, -80.3182, -80.33284, -80.458168, -80.35509, -80.12231, -80.14925, -80.18922, -80.144217, -80.21318, -80.23851, -80.27326, -80.29443, -80.34491, -80.34798, -80.40212, -80.48687, -80.49632, -80.40521, -80.42692, -80.51382, -80.44781, -80.63676, -80.40735, -80.458168, -81.7566, -81.568862, -81.48694, -81.34359, 
-81.565319, -81.568862, -80.242671, -81.0278, -81.020281, -81.063249, -80.24945, -80.2773, -80.24962, -80.262604, -80.12211, -80.134216, -80.09594, -80.21016, -80.11319, -80.25589, -80.17799, -80.22727, -80.21776, -80.15816, -80.53139, -80.26564, -80.092365, -80.18287, -80.448254, -80.448254, -80.2731, -80.448254, -80.448254, -80.448254, -80.448254, -80.129816, -80.458168, -80.458168, -80.448254, -80.448254, -80.19782, -80.458168, -80.22, -80.458168, -80.13907, -80.20827, -80.458168, -80.38, -80.458168, 
-80.458168, -80.131967, -80.458168, -80.31775, -80.458168, -80.23607, -80.29718, -80.2058, -80.20225, -80.20656, -80.20339, -80.1893, -80.18753, -80.2441, -80.27034, -80.23576, -80.2029, -80.19046, -80.18622, -80.14126, -80.13085, -80.12973, -80.2369, -80.29642, -80.30839, -80.23327, -80.27255, -80.23773, -80.458168, -80.16195, -80.20566, -80.20942, -80.312873, -80.193619, -80.1276, -80.30685, -80.30688, -80.34859, -80.31641, -80.458168, -80.13861, -80.18164, -80.17839, -80.21452, -80.458168, -80.3583, 
-80.30476, -80.23264, -80.21032, -80.21276, -80.41664, -80.36151, -80.36184, -80.35919, -80.41197, -80.35999, -80.40234, -80.36947, -80.17941, -80.14465, -80.16048, -80.40467, -80.40811, -80.40773, -80.43995, -80.40947, -80.4765, -80.458168, -80.3467, -80.3494, -80.458168, -80.44721, -80.4651, -80.187019, -80.45925, -80.458168, -80.458168, -80.206869, -80.26, -80.23, -80.458168, -80.458168, -80.458168, -80.458168, -80.458168, -80.458168, -80.458168, -80.458168, -80.458168, -80.458168, -80.458168, 
-80.458168, -80.458168, -80.458168, -80.458168, -80.458168, -80.458168, -80.458168, -80.458168, -80.458168, -80.13187, -80.448254, -80.095165, -80.12646, -80.12606, -80.11379, -80.448254, -80.10846, -80.17218, -80.206919, -80.16865, -80.17987, -80.22446, -80.22016, -80.15422, -80.12931, -80.22376, -80.251988, -80.22122, -80.25822, -80.2631, -80.27284, -80.31408, -80.27469, -80.32097, -80.37697, -80.41441, -80.27202, -80.448254, -80.31581, -80.36373, -80.40885, -80.13341, -80.335973, -80.13, -80.260071, 
-80.448254, -80.448254, -80.448254, -80.29589, -80.448254, -80.448254, -80.448254, -80.27183, -80.273961, -80.448254, -80.448254, -81.754949, -80.25326, -80.13916, -80.06043, -80.430269, -80.07032, -80.06528, -80.0585, -80.09118, -80.07296, -80.06312, -80.09443, -80.08824, -80.22077, -80.24044, -80.14721, -80.25377, -80.12704, -80.092864, -80.1262, -80.16052, -80.430269, -80.430269, -80.430269, -80.430269, -80.430269, -80.430269, -80.08226, -80.10717, -80.21841, -80.430269, -80.66279, -80.09623, 
-80.08552, -80.15648, -80.16699, -80.06321, -80.10461, -80.15031, -80.60368, -80.430269, -80.9973, -80.09541, -80.14548, -80.448254, -80.07891, -80.10582, -80.16509, -80.430269, -80.430269, -80.22, -80.052663, -80.430269, -80.14697, -80.11803, -80.430269, -80.05676, -80.08976, -80.07437, -80.12874, -80.430269, -80.132569, -80.430269, -80.17921, -80.430269, -80.0994, -80.30156, -81.1105, -80.19, -80.19, -80.430269, -80.454196, -80.65425, -80.08119, -80.21526, -80.03937, -80.430269, -80.430269, -80.06517, 
-80.1356, -80.11226, -80.08841, -80.430269, -80.71827, -80.1627, -80.430269, -80.21824, -80.430269, -82.315058, -82.273409, -82.29, -82.451959, -82.29748, -82.2948, -82.14042, -81.98278, -80.163418, -82.07371, -82.19736, -82.152341, -82.20293, -82.247783, -82.21357, -82.133869, -82.176749, -82.37407, -82.481766, -82.14818, -82.16568, -82.16868, -82.20022, -82.181913, -82.31601, -82.34222, -82.29, -82.1508, -82.438841, -82.46629, -82.438841, -82.59054, -82.514615, -82.415275, -82.128584, -82.134741, 
-82.14506, -82.11685, -82.14539, -82.438841, -82.31799, -82.44385, -82.453041, -82.41078, -82.35965, -82.269323, -82.43, -82.28877, -82.252917, -82.29, -82.438841, -82.28819, -82.06126, -82.438841, -82.438841, -82.29837, -82.481766, -82.24508, -82.438841, -82.24, -82.15053, -82.32758, -82.007115, -82.582035, -82.45723, -82.4627, -82.4566, -82.43193, -82.46911, -82.49537, -82.488413, -82.50656, -82.40914, -82.50581, -82.45171, -82.44989, -82.50632, -82.57776, -82.52226, -82.39371, -82.49392, -82.37525, 
-82.41314, -82.52464, -82.438841, -82.438841, -82.52355, -82.55734, -82.61135, -82.50916, -82.438841, -82.438841, -82.438841, -82.54936, -82.60593, -82.36289, -82.337751, -82.45, -82.36123, -82.438841, -82.438841, -82.438841, -82.338911, -82.438841, -82.438841, -82.438841, -82.438841, -82.438841, -82.438841, -82.438841, -82.438841, -82.438841, -82.438841, -82.438841, -82.438841, -82.438841, -82.438841, -82.438841, -82.438841, -82.438841, -82.438841, -82.438841, -82.438841, -82.438841, -82.438841, 
-82.438841, -82.63931, -82.6449, -82.62795, -82.63751, -82.64349, -82.75179, -82.71764, -82.79321, -82.72865, -82.72244, -82.6882, -82.66572, -82.68039, -82.67612, -82.72096, -82.64515, -82.724763, -82.664359, -82.724763, -82.724763, -82.724763, -82.75211, -82.724763, -82.724763, -82.724763, -82.724763, -82.724763, -82.724763, -82.724763, -82.724763, -82.724763, -82.724763, -82.78166, -82.78702, -82.724763, -82.724763, -82.71645, -82.71365, -82.72596, -82.68389, -82.74549, -82.74115, -82.74482, -82.724763, 
-82.82504, -82.724763, -82.80122, -82.7553, -82.79307, -82.75633, -82.82607, -82.724763, -82.82712, -82.76111, -82.79594, -82.772483, -82.724763, -82.71094, -82.71145, -82.724763, -82.84703, -82.83937, -81.92392, -81.985185, -81.95206, -81.61864, -81.95802, -81.61864, -81.61864, -81.95625, -82.01033, -82.00841, -81.89, -81.92215, -81.9849, -81.61864, -81.80267, -81.50932, -81.252872, -81.53291, -81.82638, -81.951673, -81.93581, -81.95196, -81.631589, -81.63131, -81.61872, -81.75531, -81.5415, -81.79405, 
-81.5088, -81.6235, -81.61864, -81.867153, -81.82529, -81.50669, -82.06358, -81.72758, -81.62373, -81.38206, -81.52824, -81.61864, -81.357154, -81.430915, -81.1411, -81.505211, -81.522998, -81.97697, -81.288424, -81.61864, -81.93703, -81.19664, -81.81863, -81.42131, -81.407884, -81.48535, -81.8127, -81.463297, -81.35515, -81.61743, -81.74554, -81.72457, -81.732139, -81.61864, -81.68256, -81.61864, -81.723417, -81.72528, -81.607612, -81.670264, -81.493521, -81.84, -81.8727, -81.883648, -81.9178, -81.95528, 
-81.74812, -81.94861, -81.87009, -81.93052, -81.94968, -81.94861, -81.882373, -81.82841, -81.69984, -82.00227, -81.893427, -81.84418, -81.865, -81.607007, -81.90174, -81.61684, -82.26351, -82.14112, -82.19101, -82.000005, -81.80196, -81.8, -81.46202, -81.93269, -81.94861, -81.43029, -81.61163, -82.000005, -81.31568, -82.22166, -82.28661, -82.26125, -82.14859, -82.098418, -82.04106, -81.984504, -82.09821, -82.2112, -82.12225, -82.00403, -82.0915, -82.08045, -81.39628, -81.857683, -81.94861, -81.82, 
-81.8, -81.620778, -81.70296, -81.59391, -81.72, -81.59, -81.27863, -81.68, -82.05972, -82.23092, -81.95134, -82.00964, -81.95251, -82.00674, -82.01319, -81.94861, NA, NA, NA, NA, NA, NA, NA, NA, NA, NA, NA, NA, NA, NA, NA, NA, NA, NA, NA, NA, NA, NA, NA, NA, NA, NA, NA, NA, NA, NA, NA, NA, NA, NA, NA, NA, NA, NA, NA, NA, NA, NA, NA, -81.38719, -81.79852, -81.80333, -81.7477, -81.76829, -81.389124, -81.389124, -81.80825, -81.76663, -81.78726, -81.75251, -81.72002, -81.63094, -81.70643, -81.55495, 
-81.7186, -81.59586, -81.94861, -81.83134, -81.77391, -81.94861, -81.46799, -81.36291, -81.38412, -81.389124, -81.20151, -81.39325, -81.504661, -81.71329, -81.389124, -81.644387, -81.359902, -82.47104, -82.40211, -82.52324, -82.438689, -82.58294, -82.438689, -82.57646, -82.535, -82.62737, -82.63372, -82.372125, -82.57, -82.68765, -82.73594, -82.7129, -82.709871, -82.40701, -82.438689, -82.55981, -82.5009, -82.3665, -82.29693, -82.64475, -82.48539, -82.537169, -82.51663, -82.47648, -82.47363, -82.53556, 
-82.48659, -82.54613, -82.51506, -82.47836, -82.5213, -82.40894, -82.41676, -82.54934, -82.52923, -82.58493, -82.23349, -82.438689, -82.438689, -81.809939, -81.87196, -81.809939, -81.88324, -81.85, -82.543519, -82.425512, -82.464468, -82.45241, -82.380967, -82.380967, -82.528488, -82.438689, -82.438689, -82.438689, -82.380967, -82.44846, -82.1606, -82.24417, -82.127196, -82.156884, -82.24, -82.28, -82.41481, -82.3973, -82.438918, -82.317993, -82.04255, -82.087458, -82.572703, -82.608795, -82.503117, 
-82.61213, -82.5961, -82.087458, -82.49726, -82.35195, -82.50053, -82.45364, -82.28449, -82.39477, -82.406476, -82.53331, -82.574264, -82.5912, -82.68022, -82.29019, -82.32167, -82.35021, -82.35982, -82.508694, -82.48108, -82.508694, -82.47641, -82.10556, -82.10394, -82.02133, -82.1899, -82.17027, -82.15378, -82.21004, -82.087458, -82.112278, -82.1107, -82.0816, -82.32271, -82.2522, -82.087458, -82.07847, -82.508694, -81.92095, -82.097163, -82.02658, -82.016139, -82.7201, -80.2978, -82.38002, -82.26576, 
-82.416515, -82.453508, -82.422554, -82.59741, -82.61302, -82.55181, -82.50199, -82.53084, -82.416515, -82.53601, -82.52181, -82.267706, -82.49, -82.52, -82.45463, -82.72818, -82.69869, -82.61782, -82.66973, -82.481766, -82.778424, -82.26051, -82.66603, -82.69698, -82.61937, -82.481766, -82.481766, -82.67737, -82.777757, -82.66315, -82.481766, -82.77834, -82.724763, -82.76116, -82.72751, -82.69532, -82.724763, -82.75339, -82.72696, -82.75735, -82.74, -82.69511, -82.724763, -82.77534, -81.735239, 
-81.73307, -81.74805, -81.653642, -81.653642, -81.76, -81.75, -81.653642, -81.90184, -81.52479, -81.86649, -81.77955, -81.0951, -81.650667, -81.42159, -81.259332, -81.35408, -81.37594, -81.259332, -81.46862, -81.58897, -81.88466, -81.653642, -81.89038, -81.831883, -81.67579, -81.48731, -81.48395, -81.63104, -81.52946, -81.91035, -81.28749, -81.259332, -81.19645, -81.27246, -81.00041, -81.605846, -81.260818, -82.0321, -81.5362, -81.59344, -81.7845, -81.653642, -81.81859, -82.371747, -81.423542, -82.766173, 
-81.571248, -80.829442, -80.4915, -80.35243, -80.36247, -80.409024, -80.29901, -80.33644, -80.40526, -80.29691, -80.38145, -80.409024, -80.48057, -80.23277, -80.224613, -80.87555, -80.802656, -80.84644, -80.409024, -80.36327, -80.3279, -80.34907, -80.34727, -80.409024, -80.39786, -80.46447, -80.503746, -80.31267, -80.454196, -80.454196, -80.25225, -80.241512, -80.21143, -80.21686, -86.50249, -86.95969, -87.23957, -86.80871, -85.92669, -85.958001, -86.449262, -86.2772, -86.929208, -86.49278, -86.63505, 
-86.95141, -86.929208, -86.95252, -87.0193, -86.638819, -86.5338, -86.338572, -87.02889, -87.21488, -86.95117, -86.91956, -87.202136, -86.918818, -86.74996, -86.931818, -87.13867, -86.66295, -86.35582, -86.64355, -86.56504, -86.929208, -86.5954, -86.621931, -86.61584, -86.4084, -87.06771, -86.31547, -86.82506, -86.895226, -86.92449, -86.7562, -86.92968, -86.95736, -87.0361, -87.00192, -86.91684, -86.81518, -86.74877, -86.8206, -86.04682, -86.96885, -87.12515, -86.80644, -86.44085, -86.7607, -86.88411, 
-86.1698, -86.59814, -86.74405, -86.58323, -86.06098, -86.80672, -86.55506, -86.12079, -86.63056, -87.05075, -87.10148, -86.48237, -86.86443, -86.8738, -86.78543, -86.87111, -87.01546, -86.77574, -86.43641, -86.45813, -86.929208, -86.78726, -86.28912, -86.66052, -86.97331, -86.30285, -87.11584, -86.17492, -86.60703, -86.20067, -86.2822, -86.781162, -86.97203, -86.87347, -86.53875, -86.683891, -86.45052, -86.54218, -87.04756, -86.20523, -86.25105, -86.33414, -86.10908, -86.102782, -86.71868, -86.71537, 
-86.58546, -86.51841, -86.5126, -86.3925, -86.92158, -86.81569, -86.929208, -86.256658, -86.33936, -87.13548, -86.543692, -86.50614, -86.879328, -87.16252, -86.801904, -86.929208, -86.8097, -86.83534, -86.8057, -86.72163, -86.81897, -86.88115, -86.80814, -86.66963, -86.85878, -86.74896, -86.74161, -86.89199, -86.69506, -86.78489, -86.76708, -86.89524, -86.929208, -86.929208, -86.8965, -86.77335, -86.73402, -86.93189, -86.929208, -86.8295, -86.92273, -86.790389, -86.929208, -86.929208, -86.929208, 
-86.7997, -86.80602, -86.65507, -86.929208, -86.929208, -86.929208, -86.776926, -86.69684, -86.74586, -86.81577, -86.929208, -86.929208, -86.929208, -86.929208, -86.929208, -86.929208, -86.929208, -86.929208, -86.929208, -86.80939, -86.853075, -86.929208, -86.929208, -86.929208, -86.929208, -86.929208, -86.929208, -86.929208, -86.929208, -86.929208, -86.929208, -86.928542, -86.929208, -86.929208, -86.929208, -86.929208, -86.929208, -86.929208, -86.929208, -86.929208, -86.929208, -86.929208, -86.929208, 
-87.092112, -87.56843, -87.453224, -87.52749, -87.49461, -87.52303, -87.50611, -87.453224, -87.18975, -87.73326, -88.18653, -88.0321, -87.3052, -87.75054, -88.16866, -87.956884, -87.338369, -87.67217, -87.39889, -87.43974, -87.77187, -87.80211, -88.31069, -88.15261, -88.22013, -87.93837, -87.68988, -88.1648, -87.88368, -87.453224, -87.79793, -88.12485, -88.14732, -87.58945, -87.61717, -87.57913, -87.58819, -88.25764, -87.453224, -87.83382, -88.02086, -87.453224, -87.453224, -87.793794, -87.585902, 
-87.25156, -87.956884, -87.27632, -87.293888, -87.29957, -87.2125, -87.17232, -87.18344, -87.67155, -87.72171, -88.01367, -87.92911, -87.58251, -87.7594, -87.52728, -87.16587, -87.373241, -88.15462, -87.39317, -87.65194, -87.83026, -87.73186, -87.237372, -87.90302, -87.83441, -87.6118, -88.00384, -87.94612, -87.26526, -87.524264, -87.97695, -87.57065, -88.10835, -87.600815, -87.45746, -87.37169, -87.27103, -87.71277, -88.12041, -87.08699, -87.80695, -88.13117, -87.446, -88.0996, -88.06745, -87.78949, 
-86.98786, -87.088142, -86.95732, -86.82993, -87.24921, -87.02767, -87.030479, -86.89623, -87.06231, -87.030479, -87.9986, -87.706859, -87.30978, -87.12915, -86.9809, -86.71847, -86.89176, -87.66253, -87.706859, -87.706859, -87.77379, -87.60731, -86.94027, -87.20394, -87.50776, -87.53577, -87.11732, -87.38262, -86.8784, -87.27802, -87.48875, -87.29937, -87.78077, -87.65265, -87.704179, -87.69317, -87.62705, -87.966575, -86.7525, -86.94986, -87.41166, -87.11884, -87.7142, -88.02603, -86.82993, -86.931818, 
-86.855772, -86.81352, -85.73077, -86.48932, -86.80405, -85.91553, -86.20726, -85.97048, -86.27889, -86.38995, -86.76003, -86.58988, -86.27258, -85.94729, -86.61977, -86.11516, -86.80159, -86.75164, -86.73964, -86.56137, -86.39852, -86.44272, -86.522913, -86.47069, -86.31816, -85.80484, -86.23149, -86.522913, -86.08387, -86.06464, -85.98279, -85.84528, -86.71367, -86.22634, -86.70576, -86.23363, -86.57316, -86.55929, -86.54293, -86.585312, -86.61691, -86.68317, -86.522913, -86.6647, -86.522913, -86.61339, 
-86.53163, -86.522913, -86.522913, -86.522913, -86.522913, -86.62464, -86.73987, -86.522913, -86.522913, -86.522913, -86.522913, -86.522913, -86.522913, -86.645592, -85.99282, -85.803434, -85.92496, -86.0353, -85.93993, -86.06154, -86.02665, -86.22835, -86.19282, -86.32225, -86.24231, -86.08904, -86.13237, -86.1728, -85.63784, -85.61277, -85.60472, -85.85634, -86.036, -85.92825, -86.319824, -85.67642, -85.71078, -85.76744, -85.717302, -85.92772, -86.25523, -85.55172, -86.0098, -86.06169, -86.30475, 
-85.73274, -85.61564, -86.36882, -85.65353, -85.76816, -85.5751, -85.83763, -86.24408, -85.79646, -85.65125, -86.30438, -86.68801, -85.75558, -86.7143, -86.572711, -86.3188, -85.82425, -85.99653, -86.734317, -85.43298, -85.55787, -86.33073, -86.39497, -85.803427, -86.016, -86.33358, -86.0477, -85.17362, -86.37618, -85.93281, -86.86441, -85.73589, -86.57087, -86.76737, -86.13578, -86.14489, -86.15741, -86.60591, -86.444833, -85.81979, -86.66877, -86.30083, -86.44607, -86.39798, -86.132981, -86.34182, 
-86.49437, -85.58908, -86.26946, -86.47451, -86.06661, -85.46827, -86.36692, -86.208528, -85.704649, -86.323949, -86.09585, -86.0514, -86.42746, -86.52962, -86.666272, -86.14911, -86.38617, -85.166028, -85.9237, -85.9136, -85.992, -86.29429, -85.92314, -85.964713, -85.69542, -85.738032, -85.71699, -85.70998, -86.51111, -86.21902, -86.15644, -86.257817, -86.208528, -86.287316, -86.31068, -86.30504, -86.27161, -86.27905, -86.36037, -86.24511, -86.27007, -86.27316, -86.345719, -86.34434, -86.253867, 
-86.24963, -86.23672, -86.16443, -86.208528, -86.208528, -86.208528, -86.208528, -86.208528, -86.208528, -86.208528, -86.208528, -86.208528, -86.208528, -86.208528, -86.208528, -86.208528, -86.208528, -86.208528, -86.208528, -86.208528, -86.208528, -85.85178, -85.837828, -85.83571, -85.837828, -85.78527, -85.83166, -85.75895, -85.77, -85.88969, -85.84503, -85.837828, -85.699116, -85.72548, -85.69962, -85.837828, -85.71409, -85.99551, -85.509902, -85.45227, -85.36139, -85.55457, -85.77037, -85.72073, 
-85.94159, -85.94756, -85.37813, -85.47202, -86.0286, -85.61491, -85.36312, -85.36865, -85.552143, -85.57418, -85.81991, -85.509, -85.89512, -85.36501, -85.4045, -85.355931, -85.40605, -85.355931, -85.47402, -85.2094, -85.69097, -85.2429, -85.79562, -85.75742, -85.86482, -85.37812, -85.94917, -85.14456, -85.31561, -85.301373, -85.72111, -86.07271, -85.84117, -85.90364, -85.87941, -85.13116, -85.7001, -85.3149, -85.93102, -85.559235, -85.48718, -85.9175, -85.60789, -85.36241, -85.62908, -85.603458, 
-85.70509, -85.15675, -85.54722, -85.1146, -85.48581, -85.54403, -85.27681, -85.221739, -85.529661, -86.96271, -86.48699, -86.47, -86.433655, -87.17442, -87.10173, -87.26404, -87.044687, -87.345345, -87.03109, -87.4311, -87.645, -87.339329, -87.23957, -86.34347, -87.46772, -87.41631, -87.72688, -87.345345, -87.77773, -86.15169, -87.044687, -86.35065, -86.77355, -87.435279, -87.408362, -87.32416, -87.341108, -87.345345, -86.25484, -87.50401, -87.24886, -87.20327, -86.61397, -87.22474, -86.54879, -86.04782, 
-87.59607, -87.34313, -87.63373, -86.70207, -87.73883, -87.49715, -87.152068, -87.497165, -88.00103, -87.76592, -88.101463, -88.24671, -87.73468, -88.177975, -87.99588, -87.78506, -88.26781, -88.18697, -88.2633, -88.18466, -88.06933, -88.02806, -87.88312, -87.89723, -88.11819, -88.26036, -87.56159, -87.753091, -87.88559, -87.860613, -87.69616, -87.706371, -88.14188, -88.41557, -87.64373, -88.32722, -87.72784, -87.461537, -88.23793, -87.88346, -87.629926, -87.9626, -87.45664, -87.76099, -87.75299, 
-88.08089, -87.796011, -87.96228, -88.34737, -87.90216, -88.03007, -87.56198, -87.64417, -87.91874, -87.63936, -88.269865, -88.06349, -88.01381, -88.09386, -88.05414, -87.4686, -88.26553, -87.7549, -87.93971, -87.81486, -87.80317, -87.71292, -87.99791, -88.16865, -88.20879, -88.38071, -88.02433, -87.840875, -88.35079, -88.253278, -88.103184, -88.04416, -88.05341, -88.06676, -88.08222, -88.10249, -88.10474, -88.19701, -88.16255, -88.08201, -88.08505, -88.11116, -88.1577, -88.211103, -88.062248, -88.126656, 
-88.09609, -88.16845, -88.18552, -88.177975, -88.177975, -88.177975, -88.177975, -88.177975, -88.177975, -88.177975, -88.177975, -88.177975, -88.177975, -88.177975, -88.177975, -88.177975, -88.177975, -88.231726, -88.177975, -88.177975, -88.177975, -88.177975, -88.173652, -88.177975, -88.177975, -88.177975, -88.15397, -88.23657, -87.03809, -87.124708, -86.97783, -87.36217, -87.26226, -87.57551, -87.28018, -87.25911, -88.03148, -87.45675, -87.84521, -87.77893, -87.62729, -87.84004, -86.981703, -87.75003, 
-87.60177, -87.898611, -87.78812, -86.87897, -86.8496, -87.55005, -86.64395, -87.26226, -87.6801, -87.578576, -87.33889, -86.91034, -87.27857, -86.95524, -88.00336, -87.96332, -87.795275, -87.53543, -87.074497, -87.23168, -86.95505, -87.55222, -87.39972, -86.98313, -87.7417, -87.054284, -87.17423, -87.90187, -87.60214, -87.77013, -86.8216, -87.49657, -86.90004, -86.89046, -86.99911, -85.39917, -85.349003, -85.431517, -85.33465, -85.47282, -85.349003, -85.53991, -85.4858, -85.64621, -85.161497, -85.28076, 
-85.79955, -85.17623, -85.30102, -84.98389, -85.31205, -85.008178, -85.41029, -85.84588, -85.42905, -85.21314, -85.349003, -85.69859, -85.01943, -85.020604, -85.04512, -85.0752, -85.11621, -85.349003, -85.18539, -85.11348, -87.519156, -85.09212, -85.55322, -88.131, -88.22647, -88.200738, -88.36252, -88.28508, -88.15471, -88.32468, -88.200738, -88.34902, -88.05965, -88.30045, -88.18661, -88.17081, -88.2679, -87.10026, -86.8825, -86.01978, -86.64782, -86.66189, -87.06949, -86.09259, -86.1669, -86.70969, 
-86.39629, -86.3, -87.79018, -86.907565, -87.28991, -86.10976, -86.79121, -87.86841, -87.28938, -85.94893, -86.30112, -87.02542, -87.49418, -86.6865, -87.13175, -87.29179, -86.35134, -87.34142, -87.377197, -87.4056, -87.2572, -87.353008, -86.72272, -86.8406, -86.59963, -86.67907, -87.63158, -87.4128, -87.4039, -87.40831, -87.352971, -86.04135, -87.85877, -85.92851, -86.64441, -87.68198, -87.14128, -86.420958, -86.89919, -86.921416, -86.4548, -86.7952, -86.907565, -86.89653, -86.785248, -86.304922, 
-86.71879, -86.81023, -86.15305, -86.61173, -86.60111, -86.621095, -87.77219, -87.66331, -86.90949, -87.1106, -86.01497, -86.29596, -86.56268, -86.29271, -86.304922, -86.420958, -86.31061, -86.7792, -85.97669, -87.87486, -87.80286, -87.31395, -87.64489, -85.787, -85.777633, -86.70566, -86.785248, -86.18393, -86.539028, -86.304922, -86.49732, -86.34445, -86.4455, -86.42425, -86.3648, -86.420958, -86.420958, -86.420958, -87.9564, -86.6686, -86.304922, -87.50471, -86.62308, -87.67179, -86.69226, -87.49893, 
-87.04467, -86.63337, -85.90866, -87.0285, -87.65472, -86.51355, -86.19391, -85.81114, -86.0317, -86.76679, -86.55056, -87.377197, -86.45974, -86.489019, -86.450042, -87.458058, -85.80108, -86.52231, -87.30571, -86.86892, -86.91144, -87.89028, -87.77676, -86.90734, -86.57353, -87.49831, -86.30889, -86.13715, -87.81626, -86.23954, -87.21761, -86.66941, -86.82052, -86.05538, -87.54263, -86.77738, -86.827254, -86.78927, -86.77626, -86.86207, -86.74176, -86.77317, -86.80252, -86.8559, -86.74437, -86.72584, 
-86.80057, -86.76777, -86.66869, -86.82522, -86.72594, -86.66616, -86.85215, -86.78172, -86.77266, -86.94674, -86.980116, -86.785248, -86.785248, -86.80078, -86.785248, -86.785248, -86.785248, -86.785248, -86.785248, -86.785248, -86.785248, -86.785248, -86.785248, -86.785248, -86.785248, -86.785248, -86.784498, -86.785248, -86.785248, -86.789998, -86.785248, -86.785248, -86.785248, -86.785248, -85.77679, -85.01322, -84.61975, -85.138046, -85.67736, -86.2035, -84.63913, -84.99288, -84.74359, -84.76927, 
-84.88723, -84.86489, -85.70288, -84.303121, -85.057359, -84.72951, -84.3859, -86.00538, -84.861885, -85.01032, -84.80741, -84.82836, -86.0324, -84.58812, -84.38284, -85.38755, -86.36085, -84.47473, -86.12247, -84.53015, -84.94125, -84.31707, -86.57433, -86.41866, -84.93042, -84.87955, -85.18397, -85.62361, -85.53107, -85.09827, -85.96367, -85.21158, -86.27141, -85.61818, -86.4421, -86.07482, -85.34865, -85.26415, -86.35264, -84.98535, -84.35738, -86.08414, -85.82911, -85.92275, -86.40563, -86.26045, 
-84.70139, -84.73957, -85.06005, -84.861885, -85.55501, -85.85456, -85.17161, -84.49446, -84.70392, -84.641623, -86.098338, -85.10329, -85.64149, -85.91048, -85.92217, -85.33332, -85.777633, -85.16227, -85.72513, -84.82777, -86.07482, -85.903522, -85.209082, -84.27728, -85.74039, -86.21484, -86.07482, -84.36195, -85.86169, -84.928921, -85.48755, -85.49733, -86.14045, -85.206426, -85.31199, -85.2988, -85.2749, -85.31903, -85.25014, -85.28673, -85.31004, -85.33092, -85.31407, -85.2333, -85.23748, -85.209082, 
-85.28466, -85.18152, -85.37276, -85.15939, -85.209082, -85.209082, -85.209082, -85.209082, -89.990415, -90.05, -82.3386, -82.501212, -82.3802, -82.383792, -82.36984, -82.44593, -82.74704, -82.37229, -82.22998, -82.16869, -82.26446, -82.26446, -81.97775, -82.6744, -82.71292, -82.18843, -82.051765, -82.65855, -82.4273, -82.62705, -82.56056, -82.17558, -82.49704, -82.55408, -82.529816, -82.49765, -82.51162, -82.57249, -82.26446, -81.75509, -82.62095, -82.305359, -81.81906, -82.37338, -82.33344, -82.0975, 
-81.91718, -82.55708, -81.75553, -82.31214, -82.278, -82.26446, -83.97956, -84.01131, -83.636479, -83.32206, -83.67602, -84.28968, -83.05737, -83.13505, -84.22104, -83.94202, -84.14656, -84.167208, -84.42541, -83.8066, -83.24441, -84.86226, -83.67499, -83.39791, -84.838, -83.01575, -84.02712, -83.97503, -83.03714, -84.60898, -84.713666, -84.11925, -83.47156, -84.1817, -82.85446, -82.73948, -82.81406, -84.53135, -83.61278, -83.10835, -84.03142, -84.53288, -84.42137, -84.17277, -83.48325, -84.13698, 
-84.50562, -83.61374, -83.05028, -84.08164, -84.14984, -84.66792, -84.29301, -84.23281, -83.678621, -84.33069, -84.01196, -83.275211, -83.75046, -84.05015, -83.933815, -83.98412, -83.93591, -83.7413, -83.82558, -83.0211, -83.09599, -83.22676, -83.27474, -83.30799, -83.275211, -83.275211, -82.96185, -84.18206, -83.56389, -83.20116, -83.106554, -83.591129, -83.65241, -84.58403, -84.07017, -84.60149, -84.27044, -84.195796, -85.93221, -84.36685, -84.51808, -84.792927, -83.05351, -84.44598, -84.45838, 
-84.27781, -83.68053, -84.04192, -83.81392, -84.6022, -83.93452, -84.70042, -82.96804, -83.19321, -83.51516, -83.59197, -83.5605, -83.613849, -83.74476, -83.82637, -83.647254, -83.556134, -83.22818, -83.8546, -83.67934, -84.66549, -82.83526, -84.46613, -83.48694, -83.40946, -83.93138, -83.52357, -84.67782, -83.34113, -83.75801, -84.1933, -83.81988, -84.56863, -83.60658, -83.29024, -83.13987, -84.41935, -84.517287, -83.884804, -83.91964, -84.01554, -83.97962, -84.024627, -83.84981, -83.90149, -83.93271, 
-83.91859, -83.92511, -84.00384, -83.89042, -83.97413, -84.12608, -84.07543, -83.80705, -83.96218, -83.96218, -83.795492, -83.953554, -84.1182, -84.17255, -83.96218, -84.17, -85.47929, -83.93785, -83.96218, -83.96218, -83.96218, -83.950384, -83.96218, -83.96218, -83.96218, -83.96218, -83.750258, -83.96218, -89.14016, -89.71198, -89.80806, -89.08457, -89.437684, -88.98751, -89.48802, -89.72344, -89.2609, -89.971538, -89.82387, -89.776835, -89.67417, -89.78249, -89.64201, -89.16485, -89.94754, -89.38613, 
-89.443779, -90.047966, -89.971538, -89.62203, -89.971538, -89.60112, -89.24555, -89.6215, -89.41497, -89.18599, -89.41989, -89.86945, -89.1536, -89.414113, -88.80988, -89.232185, -89.23476, -89.62287, -89.481362, -89.53988, -89.22386, -88.90845, -89.90668, -89.870636, -89.971538, -89.443779, -89.37347, -89.80845, -89.25419, -89.5034, -88.76534, -89.86859, -89.5329, -89.02951, -89.32907, -89.35699, -89.243405, -89.818781, -89.40664, -88.990028, -89.15508, -89.43406, -89.522851, -89.50472, -89.48641, 
-89.971538, -89.971538, -89.847782, -90.0534, -90.00463, -90.0356, -90.04017, -90.02224, -89.96028, -90.07523, -89.971538, -89.94363, -89.97479, -89.984484, -89.98543, -89.86291, -90.01128, -89.90389, -89.92426, -89.84892, -89.86562, -89.92315, -89.971538, -89.80329, -90.04359, -90.00646, -89.92588, -89.971538, -89.99403, -89.99788, -89.80518, -89.86559, -89.85214, -89.971538, -89.971538, -89.80677, -89.7615, -89.971538, -89.84701, -89.971538, -89.971538, -89.971538, -89.971538, -89.971538, -89.971538, 
-89.971538, -89.971538, -89.971538, -89.89189, -89.971538, -89.06039, -89.971538, -89.971538, -89.971538, -89.971538, -89.971538, -89.971538, -89.971538, -89.971538, -89.971538, -89.971538, -89.971538, -89.971538, -89.971538, -89.971538, -89.971538, -89.971538, -89.971538, -89.971538, -89.971538, -89.971538, -89.971538, -89.971538, -88.52246, -88.66966, -88.04885, -88.14836, -88.260367, -88.49515, -88.6869, -88.66672, -89.32, -88.60614, -88.76867, -88.42518, -89.33228, -89.03087, -88.57656, -88.26817, 
-88.84191, -88.738132, -89.25364, -88.59234, -88.32891, -88.35903, -89.0377, -89.353821, -88.83586, -88.12309, -88.87895, -88.61825, -89.18203, -89.17888, -89.0727, -89.233227, -89.149881, -88.81959, -88.841225, -88.841225, -88.80653, -88.841225, -88.38425, -88.11912, -88.62354, -88.841225, -88.64275, -88.81209, -88.25144, -88.26959, -88.10137, -88.5322, -88.39343, -88.27379, -88.30456, -88.21648, -88.12345, -89.01767, -89.131915, -88.40388, -87.97808, -88.60089, -89.032672, -89.01731, -88.846372, 
-88.52289, -88.66118, -88.09896, -88.28916, -88.90218, -88.41385, -88.51041, -88.805599, -88.50539, -88.63929, -87.745118, -88.40535, -88.53275, -88.77185, -88.88248, -88.42611, -88.76628, -88.36434, -88.29757, -88.78683, -88.1184, -88.225601, -88.73125, -88.60533, -88.36148, -88.98134, -88.23261, -88.30407, -88.18946, -88.24152, -88.59327, -88.34742, -88.826923, -88.685, -88.41878, -88.02646, -88.95209, -88.95035, -88.950206, -88.27401, -88.35061, -89.111653, -88.36661, -89.00984, -89.04069, -88.645577, 
-87.03565, -87.068172, -87.97188, -86.84324, -87.77263, -86.98993, -87.80171, -86.81188, -87.31927, -86.895305, -87.26409, -87.29104, -86.81014, -87.16259, -87.33058, -87.54905, -87.62171, -87.37522, -87.29218, -87.41974, -87.91309, -87.04478, -87.16763, -87.22342, -88.01666, -87.2243, -86.98456, -87.01246, -87.50215, -87.1517, -87.33748, -87.75739, -87.54145, -87.21926, -86.69047, -85.52054, -85.454779, -85.454779, -84.73614, -85.454779, -85.46238, -90.572408, -88.614501, -85.36148, -85.20787, -85.16208, 
-85.64636, -85.66854, -86.00868, -85.78987, -85.15007, -85.619169, -85.48904, -85.79907, -85.00757, -85.16204, -85.05926, -84.93393, -85.012389, -84.91132, -85.51921, -85.88908, -85.65757, -85.9832, -85.7555, -84.99517, -85.91072, -85.45701, -85.84696, -85.32585, -85.094842, -85.0902, -85.20656, -85.23805, -85.65072, -84.99647, -85.162272, -85.55772, -85.32525, -85.63943, -85.74373, -85.45113, -85.41146, -85.61165, -85.72381, -85.08484, -90.371546, -89.47412, -90.106756, -89.15818, -89.963, -90.37392, 
-89.02625, -89.68014, -90.59442, -90.5035, -89.95004, -89.88781, -89.91568, -90.17154, -90.13765, -90.2717, -88.83252, -90.45124, -89.20431, -90.292717, -88.99516, -90.63213, -90.634, -90.01917, -89.20147, -89.484963, -89.46092, -90.04093, -89.828798, -90.44966, -90.19353, -89.33214, -90.27846, -90.47061, -90.48669, -90.27443, -89.25982, -89.54023, -89.13829, -89.97629, -88.99973, -89.83743, -89.50735, -89.90638, -89.33776, -89.57295, -88.92629, -90.29479, -90.1805, -89.90517, -89.94635, -90.71753, 
-90.27615, -89.99793, -89.92279, -89.601, -88.89784, -89.483865, -90.36723, -89.53721, -89.64082, -90.12315, -88.85572, -89.61445, -89.991991, -89.625197, -91.05187, -90.994597, -91.02984, -90.918503, -90.73281, -90.79251, -90.85022, -91.04781, -91.0273, -90.9791, -90.76402, -91.088255, -90.71329, -90.819547, -90.49849, -90.52395, -90.54366, -90.50275, -90.78544, -91.05179, -90.94339, -90.87715, -90.85634, -90.607457, -90.65824, -90.58537, -90.58586, -90.87866, -90.51041, -90.72406, -90.99667, -90.49719, 
-90.73549, -90.88397, -90.85561, -90.88093, -90.7836, -90.52646, -90.9695, -90.53427, -91.0742, -90.77527, -90.76417, -90.910404, -90.51367, -90.995399, -90.737149, -90.957291, -88.75665, -88.767127, -88.77852, -88.6822, -89.032791, -88.46783, -88.63051, -88.462173, -88.81668, -88.2092, -88.87292, -88.53751, -88.32784, -88.52856, -88.521772, -88.25935, -89.303214, -89.02908, -88.38409, -88.24591, -88.39868, -88.22647, -88.29002, -88.67217, -89.02557, -88.9671, -88.10205, -88.955351, -88.49376, -88.45205, 
-88.57745, -88.58797, -88.36794, -88.76008, -88.63454, -89.00425, -89.20879, -88.57746, -88.68079, -88.72967, -88.83873, -88.36577, -89.20057, -88.23581, -89.2448, -88.955351, -88.23179, -88.898807, -89.18351, -88.72093, -88.60817, -89.80301, -89.794687, -90.053958, -89.39765, -89.43745, -89.36375, -89.32561, -89.9363, -90.10215, -90.12046, -89.64228, -89.99776, -90.21172, -89.65893, -89.758302, -90.01821, -90.30001, -89.54482, -90.17663, -90.27757, -89.99349, -90.3243, -89.84901, -90.32393, -90.196909, 
-90.3527, -89.92185, -89.89819, -89.44452, -90.18159, -89.30308, -90.33746, -89.93012, -90.21318, -89.375281, -90.35668, -90.188462, -90.42665, -89.821941, -89.88636, -90.16305, -90.39034, -90.39276, -89.62882, -90.34434, -89.73155, -90.50127, -90.21951, -90.40856, -90.47024, -89.93514, -89.987491, -89.9742, -89.82958, -90.01041, -89.98466, -90.39157, -89.50644, -90.92611, -90.33224, -89.28431, -90.397157, -90.3633, -90.26954, -90.84298, -89.89986, -89.87579, -90.60286, -89.46704, -91.05349, -90.31338, 
-90.397157, -90.10964, -89.46552, -90.392603, -90.17798, -89.89824, -89.494585, -91.050948, -90.13324, -90.42995, -90.79058, -89.517069, -90.73846, -89.56318, -89.33827, -89.6311, -90.08221, -91.07877, -90.58503, -89.70928, -89.68374, -89.33038, -89.3324, -90.11552, -89.72086, -89.77926, -91.04272, -89.84256, -90.60068, -89.55099, -89.66509, -89.65851, -91.35434, -91.404404, -91.404404, -90.090683, -89.97045, -90.80341, -89.80491, -89.97586, -89.99117, -89.99076, -90.97911, -89.776, -89.57038, -89.49748, 
-90.45709, -90.779, -90.13134, -90.090683, -90.97713, -89.75296, -89.87039, -90.64376, -90.090683, -91.404404, -90.50034, -90.061508, -89.41533, -90.27065, -90.32859, -89.52414, -90.36285, -90.16072, -90.61749, -89.733, -90.82835, -90.08908, -90.87184, -90.864199, -90.864199, -90.84485, -89.42078, -91.404404, -90.39667, -89.76284, -90.07263, -90.4497, -90.18328, -90.17688, -90.19915, -90.22778, -90.397157, -90.17182, -90.397157, -90.10708, -90.25709, -90.17902, -90.1297, -90.26331, -90.2106, -90.397157, 
-90.16933, -90.208088, -90.16213, -90.214865, -90.397157, -90.397157, -90.397157, -90.397157, -90.397157, -90.18859, -90.397157, -90.397157, -90.397157, -90.397157, -90.397157, -90.397157, -89.799625, -90.397157, -90.397157, -89.992257, -88.6596, -88.641888, -88.652279, -88.646016, -88.70918, -88.7494, -88.726474, -88.72639, -88.53326, -88.91687, -88.704829, -88.86736, -88.66152, -89.11703, -88.69959, -88.83866, -89.01461, -88.51801, -89.26169, -88.9952, -89.23675, -89.02849, -88.58159, -88.616297, 
-89.14483, -89.0821, -88.91588, -89.03762, -89.12788, -88.49952, -88.84028, -88.67069, -89.03624, -89.053844, -88.48707, -89.33891, -88.74923, -88.57464, -88.531, -88.78589, -88.52234, -89.13047, -88.922, -88.65623, -89.2799, -89.37926, -89.382415, -89.294772, -89.294772, -89.294772, -89.72655, -89.27645, -88.91223, -89.09164, -89.65929, -89.83579, -89.56525, -89.79264, -89.29464, -89.21431, -89.00323, -89.1393, -89.075482, -89.040622, -89.11948, -88.60093, -88.58869, -89.49561, -88.80915, -89.673392, 
-89.30503, -89.11656, -88.72248, -89.04494, -89.557751, -89.05842, -89.2279, -89.66611, -89.56435, -89.86086, -89.41323, -88.85881, -89.03379, -89.85553, -89.4648, -89.30528, -89.2469, -89.58558, -89.90761, -89.09626, -89.068448, -89.10381, -89.068448, -89.068448, -89.03998, -89.40705, -89.49821, -89.49821, -89.36958, -89.49821, -88.88917, -88.96219, -88.93293, -89.068448, -89.068448, -89.068448, -88.899207, -88.634482, -88.65092, -88.519743, -89.43471, -89.459526, -89.16346, -89.15395, -88.50312, 
-88.52514, -88.77565, -88.76018, -88.634482, -88.5469, -88.634482, -88.634482, -89.27038, -89.60493, -89.09325, -89.11948, -89.38349, -89.17912, -89.602572, -88.52901, -88.634482, -90.45029, -90.490661, -90.446702, -90.45281, -90.84522, -91.07723, -90.46706, -91.12921, -90.44989, -90.9959, -90.17457, -90.02263, -90.79859, -90.69788, -90.43327, -90.403987, -90.45287, -90.89208, -90.1213, -89.93268, -90.4588, -90.506861, -91.08403, -90.26002, -90.00583, -90.67792, -90.20776, -90.45228, -90.12856, -90.76317, 
-91.35511, -88.43746, -88.35574, -88.283998, -88.33097, -88.43297, -88.460083, -88.55463, -88.57968, -89.17616, -88.64745, -89.334234, -88.60228, -88.30989, -88.87957, -88.62721, -89.3028, -89.41628, -88.42703, -89.56261, -89.07609, -89.05064, -89.13632, -88.640881, -88.753976, -88.9596, -88.72404, -89.036193, -88.82383, -88.832163, -88.79107, -88.31031, -89.46705, -89.01361, -89.27527, -89.32063, -88.64686, -89.03949, -84.69, -84.47, -84.57, -84.67, -84.5, -84.94, -84.86, -84.71, -84.32, -84.2, 
-84.2, -84.34, -85.03, -84.44, -84.87, -84.67, -84.75, -84.67, -84.44, -84.87, -84.73, -84.99, -84.55, -85.04, -84.8, -85, -84.5, -84.62, -84.94, -84.37, -90.307122, -84.49, -84.34, -84.6, -84.32, -84.07456, -89.12119, -89.438829, -85.03498, -85.46164, -85.33889, -85.00764, -85.28257, -85.10175, -85.45075, -85.17178, -85.21241, -85.49036, -85.4584, -85.66304, -85.17208, -85.38765, -85.33158, -85.43238, -85.643359, -85.57066, -85.63299, -85.38475, -85.460504, -85.25148, -84.96898, -85.41337, -85.05564, 
-85.662215, -85.37187, -85.1869, -85.55467, -85.44671, -85.393204, -85.17658, -85.58099, -85.50817, -85.447393, -85.33839, -85.48714, -85.06609, -85.17111, -85.60042, -85.43588, -85.201068, -85.45004, -85.355132, -85.21658, -85.212156, -85.36122, -85.27741, -85.22257, -85.27425, -85.36427, -85.101879, -85.06677, -85.4722, -85.12572, -85.385382, -85.492459, -86.35414, -86.231194, -85.65602, -86.11831, -85.73559, -85.65545, -86.63448, -86.21654, -86.14434, -85.75362, -86.52846, -85.9662, -85.96, -85.67, 
-86.23001, -86.20383, -86.48345, -86.39972, -86.3173, -86.31377, -85.73269, -86.45078, -86.414768, -85.99137, -86.38511, -85.976854, -85.93888, -86.398391, -86.00073, -86.39204, -85.69667, -86.49255, -86.43079, -86.00692, -86.34869, -85.94452, -86.40623, -85.946585, -85.676819, -85.75137, -85.7665, -85.72626, -85.68326, -85.70254, -85.65134, -85.76241, -85.75298, -85.78665, -85.81181, -85.79998, -85.71304, -85.77624, -85.78405, -85.83137, -85.739, -85.65733, -85.68218, -85.62207, -85.676819, -85.61319, 
-85.55574, -85.676819, -85.676819, -85.62741, -85.66979, -85.676819, -85.676819, -85.676819, -85.58424, -85.59037, -85.53657, -85.48322, -85.676819, -85.676819, -85.676819, -85.676819, -85.676819, -85.676819, -85.676819, -85.86375, -85.676819, -85.676819, -85.676819, -85.676819, -85.676819, -85.676819, -85.85994, -85.685261, -85.676819, -85.676819, -85.676819, -85.676819, -85.676819, -85.676819, -85.676819, -85.59169, -85.676819, -85.676819, -85.676819, -85.676819, -85.676819, -85.676819, -85.676819, 
-85.55348, -84.76904, -84.02358, -83.9343, -83.41586, -83.52303, -83.268234, -83.533691, -84.157766, -83.63429, -84.55465, -85.0227, -83.41725, -84.85812, -83.76639, -83.9771, -83.8438, -84.64418, -84.579491, -84.94075, -83.73183, -84.70928, -84.14578, -83.87442, -83.4321, -83.92964, -84.8279, -84.571, -84.107655, -83.6848, -84.81023, -83.76603, -84.23646, -84.205944, -85.00607, -83.757123, -84.53353, -83.61146, -84.88657, -83.91734, -83.69224, -84.69614, -83.8099, -84.73189, -84.745488, -84.11389, 
-84.745488, -83.49464, -84.66069, -84.17023, -84.157766, -83.9759, -84.27767, -84.299699, -84.299699, -84.41808, -84.546693, -84.48753, -83.993588, -84.78862, -84.845767, -83.908492, -84.81256, -84.80855, -84.7219, -84.59496, -84.21527, -84.546693, -84.03435, -84.75676, -84.94918, -84.33233, -84.24292, -84.40789, -84.90009, -83.993588, -84.98037, -84.405839, -83.91384, -84.31614, -84.28433, -84.299699, -84.09155, -84.6735, -83.85889, -84.03936, -84.62099, -84.31614, -84.082894, -84.61645, -84.4859, 
-84.53452, -84.54259, -84.46109, -84.507471, -84.49627, -84.49336, -84.40954, -84.60713, -84.50775, -84.471505, -84.58619, -84.56691, -84.45347, -84.38559, -84.48874, -84.471505, -84.471505, -84.471505, -84.471505, -84.471505, -84.508361, -84.471505, -84.471505, -84.471505, -84.471505, -84.471505, -84.471505, -84.471505, -84.471505, -84.471505, -84.471505, -84.471505, -84.471505, -84.471505, -84.471505, -84.471505, -84.471505, -84.471505, -84.471505, -84.471505, -84.471505, -84.471505, -84.471505, 
-84.471505, -84.471505, -84.471505, -84.471505, -84.471505, -84.5, -84.86935, -84.874809, -84.874809, -84.874809, -84.874809, -84.874809, -84.874809, -84.874809, -84.874809, -83.731809, -84.10685, -84.1031, -84.140847, -84.13026, -84.14595, -83.98146, -84.14124, -84.05872, -84.07839, -84.115617, -84.045746, -84.071, -84.115617, -84.115617, -84.115617, -84.115617, -84.115617, -84.11678, -84.116614, -84.05917, -83.95156, -84.1508, -84.05237, -83.2528, -83.42003, -83.30778, -82.95015, -83.25264, -83.32399, 
-83.60248, -83.22904, -83.32795, -83.26552, -83.4645, -83.16117, -82.99572, -83.37539, -82.81775, -83.48892, -83.17747, -83.264497, -83.33415, -83.31856, -83.43129, -82.96607, -83.38533, -83.52009, -83.15917, -83.12461, -83.35315, -82.90522, -83.54969, -83.39768, -82.89858, -83.44991, -83.24129, -83.33711, -83.39265, -83.15467, -83.41058, -83.48003, -83.63388, -83.8385, -83.88501, -83.53262, -83.56789, -83.81552, -83.90657, -83.85699, -83.05265, -83.739, -83.737014, -83.737014, -83.74576, -83.829985, 
-83.92535, -83.66608, -83.8506, -83.737014, -83.83413, -83.87252, -83.737014, -83.81984, -83.708181, -83.58725, -83.76674, -83.183446, -83.72186, -83.61901, -83.72023, -83.51075, -83.386991, -83.70088, -83.7488, -83.51851, -83.81508, -83.66257, -83.80508, -84.546445, -84.38652, -83.99683, -84.38904, -84.09411, -84.74158, -84.33792, -84.28194, -85.16803, -84.61017, -84.52064, -84.520501, -84.5039, -84.49419, -84.55057, -84.56801, -84.60229, -84.520501, -84.747789, -84.602, -84.2939, -84.44889, -83.88762, 
-84.6418, -83.718626, -83.86286, -84.32811, -83.72497, -84.64401, -84.16998, -83.96651, -85.05007, -84.81223, -84.68754, -83.6512, -84.54902, -84.77495, -84.520501, -84.578552, -83.85894, -83.76561, -84.36575, -84.070074, -83.910276, -84.48802, -84.05145, -83.718626, -84.48681, -84.368926, -84.47987, -84.46986, -84.45127, -84.44204, -84.85236, -83.718626, -84.96756, -84.39156, -84.88807, -84.71603, -84.68485, -83.57103, -84.62558, -84.89756, -83.808021, -84.5679, -85.03388, -84.368926, -82.64532, 
-82.6932, -82.694757, -82.694757, -82.82615, -82.84781, -83.361625, -83.133597, -82.61836, -82.83496, -83.27206, -83.04838, -82.72175, -83.14301, -83.0727, -82.94997, -82.86514, -82.90494, -83.05005, -83.242129, -82.916586, -82.9507, -82.744663, -82.939541, -83.18381, -83.11739, -82.77714, -82.70856, -83.0695, -83.09554, -83.28472, -83.02353, -82.9686, -83.38506, -82.85098, -82.907615, -82.73508, -83.55909, -82.73975, -82.44835, -82.68897, -82.57034, -82.865092, -82.81931, -82.90279, -82.82744, -82.52903, 
-82.94551, -82.87484, -82.64062, -82.39411, -82.73746, -82.7337, -82.94106, -82.78167, -82.48919, -82.73688, -82.83962, -82.86299, -82.81233, -82.76039, -82.62091, -82.7598, -82.68331, -82.72165, -82.41666, -82.78437, -82.726407, -82.80914, -83.51835, -83.26432, -83.24466, -83.70348, -83.475446, -83.66771, -83.18256, -83.36866, -83.776253, -83.704908, -83.34547, -83.475446, -83.62117, -83.600784, -83.29911, -83.704908, -83.233761, -83.64971, -83.713974, -83.62327, -83.63647, -83.287774, -83.2404, 
-83.64341, -83.44991, -83.35077, -83.81722, -83.37595, -83.67763, -83.28137, -83.074592, -83.125202, -83.074592, -83.16103, -83.074592, -83.44413, -82.99783, -83.074592, -83.074592, -83.233761, -83.233761, -83.073603, -82.94544, -83.08652, -83.23821, -83.233761, -82.5189, -82.550507, -82.28465, -82.47961, -82.3631, -82.30442, -82.61109, -82.31477, -82.57732, -82.39516, -82.23762, -82.518527, -82.27793, -82.13471, -82.23349, -82.48553, -82.27611, -82.6235, -82.59506, -82.32797, -82.33349, -82.464979, 
-82.28283, -82.16836, -82.25703, -82.06488, -82.23523, -82.60019, -82.15907, -82.32708, -82.26665, -82.43625, -82.21145, -82.40573, -82.55812, -82.462574, -82.4571, -82.54639, -82.36125, -82.18823, -82.28796, -82.05643, -82.25408, -82.38704, -82.61598, -82.72503, -82.74012, -82.69496, -82.66944, -82.63174, -82.73277, -82.85634, -82.7207, -82.6933, -82.87272, -82.75942, -82.72417, -82.81097, -82.8409, -82.64922, -82.94995, -82.63494, -82.73257, -82.94192, -82.66028, -82.829405, -82.80178, -82.7264, 
-82.75937, -82.69298, -82.75492, -82.75876, -82.72053, -82.62562, -82.64374, -82.64774, -82.80852, -82.69699, -82.760975, -82.71906, -83.19061, -83.206495, -84.450912, -83.15186, -83.273609, -83.51527, -83.25414, -83.49048, -83.1156, -83.31253, -83.02976, -83.34049, -83.21226, -83.39943, -83.08501, -83.08919, -83.23714, -83.11137, -83.04938, -83.090441, -83.4399, -83.09845, -83.122477, -83.38301, -83.13361, -83.33267, -83.03409, -83.08055, -83.50599, -83.13904, -83.24326, -83.44978, -83.02313, -83.05627, 
-83.13673, -83.34647, -83.2852, -83.22479, -83.3187, -82.99081, -82.69447, -82.75013, -82.79468, -82.91535, -83.06497, -82.99728, -82.97212, -82.88714, -82.70468, -82.93047, -82.77851, -82.95633, -82.95634, -82.98159, -82.9403, -82.67347, -82.8955, -82.74606, -82.75036, -82.87543, -82.71232, -82.86011, -82.87549, -82.93216, -82.95449, -82.94073, -82.72934, -82.76167, -82.83185, -82.78204, -82.83138, -82.79564, -88.65687, -88.71247, -88.59046, -88.061294, -88.29836, -88.997, -88.94252, -88.98347, 
-89.04326, -88.33515, -88.63778, -88.33829, -88.37269, -88.97559, -89.10667, -88.079607, -88.84412, -88.24594, -88.183598, -88.03613, -88.83224, -88.5005, -88.89132, -88.28273, -88.24498, -88.092285, -88.41026, -88.26527, -88.32543, -89.19789, -88.63769, -88.86061, -88.44499, -88.14097, -88.97616, -88.48043, -88.82817, -88.77469, -88.652009, -88.06997, -88.63449, -88.75871, -88.995991, -88.28746, -88.06837, -88.24568, -88.56359, -88.40884, -88.5104, -88.29191, -88.24498, -88.82074, -88.7597, -89.0324, 
-88.74845, -86.46145, -86.387046, -86.38247, -86.44751, -86.450786, -86.25964, -86.35202, -86.00112, -85.649583, -85.94633, -86.394012, -85.58534, -85.775282, -85.90806, -85.96139, -86.58202, -86.581957, -85.80866, -85.91232, -85.957797, -86.184088, -85.55275, -85.816472, -86.04006, -85.73482, -85.995572, -85.81772, -86.25187, -86.06474, -86.143188, -86.1813, -85.71774, -85.67567, -86.554, -86.17181, -86.670181, -86.85365, -87.219328, -87.07105, -86.71983, -86.26557, -86.67216, -86.29013, -87.86409, 
-85.66945, -87.68273, -87.152148, -87.48219, -86.767822, -87.18526, -87.496529, -87.46188, -87.6579, -87.18089, -86.394012, -87.59935, -87.47617, -87.496529, -86.885846, -86.509271, -84.633915, -87.65633, -86.94284, -86.299361, -86.19818, -86.67988, -87.42789, -87.02003, -87.34305, -86.804803, -86.394012, -86.87625, -86.62507, -86.44062, -86.88171, -87.09887, -86.663225, -86.27499, -87.26971, -86.52913, -86.67216, -87.17419, -87.112823, -87.08714, -87.112823, -86.88364, -87.05761, -87.406866, -87.03677, 
-87.00657, -87.26807, -87.01403, -87.29499, -87.03433, -87.12992, -87.09071, -86.76565, -87.112823, -87.01349, -86.77254, -86.9746, -86.69303, -87.29396, -87.18333, -86.9063, -86.76297, -86.66952, -87.17107, -86.89243, -87.11162, -86.9258, -86.99535, -87.323841, -86.6846, -86.804814, -87.00175, -86.92838, -87.154898, -86.75487, -86.99685, -86.74121, -87.29293, -87.28063, -87.14514, -87.112823, -87.09113, -87.112823, -86.86454, -87.72406, -87.60124, -87.93391, -87.8394, -87.73173, -87.68413, -87.69701, 
-87.51498, -88.01438, -87.495, -87.599052, -87.56055, -87.50378, -87.54828, -87.90199, -87.46986, -87.65307, -87.46702, -87.63786, -87.87429, -87.76428, -87.37005, -87.54291, -87.59662, -87.52635, -87.49975, -87.76586, -87.41866, -87.99632, -87.932773, -87.91614, -87.81891, -87.8631, -87.37879, -84.54437, -84.427729, -84.588, -84.79832, -84.63278, -84.55458, -85.02396, -84.60301, -84.94589, -84.80732, -84.81365, -84.65481, -84.581482, -84.592898, -84.89524, -84.77674, -84.61781, -85.13539, -85.01043, 
-85.09981, -84.51036, -84.7757, -84.82841, -84.42143, -84.41611, -84.841004, -84.47095, -85.06142, -84.55416, -84.42183, -84.47785, -85.86403, -85.976854, -85.31056, -86.15642, -85.88175, -85.39553, -85.60987, -85.39971, -85.3549, -85.330374, -85.370926, -86.49884, -85.72639, -86.02527, -86.16448, -85.27561, -86.12987, -85.55526, -86.10413, -85.1628, -85.29683, -85.92294, -85.22988, -85.50199, -85.51436, -85.73469, -85.71452, -85.88288, -85.20271, -86.30731, -86.343941, -85.71597, -85.198031, -85.50481, 
-85.44177, -86.40531, -85.639231, -85.90786, -85.8807, -85.64536, -86.085259, -85.90164, -85.462435, -86.03115, -82.61225, -83.18299, -82.96124, -82.8052, -82.28218, -82.16947, -83.416306, -82.47932, -83.64579, -83.62142, -82.68029, -82.69054, -82.26422, -83.06968, -83.13983, -83.12713, -82.68307, -82.56998, -82.89437, -82.35543, -82.52134, -82.49882, -83.14762, -82.561556, -82.31485, -83.44868, -82.430017, -82.66944, -82.95824, -82.59613, -82.99675, -83.26289, -82.34436, -83.36391, -83.360645, -83.57223, 
-83.44266, -82.53696, -83.646581, -82.465777, -82.48254, -82.82462, -82.40054, -82.34322, -82.482659, -83.56172, -83.20426, -82.67652, -83.26825, -83.08415, -83.15216, -83.46681, -82.7961, -82.81, -83.96044, -82.36653, -83.95416, -82.754034, -82.84501, -82.41013, -83.3415, -83.76633, -82.42775, -82.91606, -82.91278, -83.83786, -83.52488, -83.02076, -83.011389, -82.482659, -82.482659, -82.7457, -82.76098, -82.94842, -82.61356, -83.40267, -82.41937, -82.83218, -82.80872, -82.24434, -82.70953, -82.94285, 
-83.17383, -83.06007, -83.199472, -83.1667, -83.07989, -82.89589, -83.17085, -82.32798, -83.57236, -82.61216, -82.71076, -82.80802, -82.98115, -82.40801, -83.43643, -83.5876, -83.28776, -82.1665, -83.26409, -83.1469, -82.756, -82.50791, -82.57704, -82.41455, -83.47587, -82.62314, -83.58093, -82.82656, -82.51459, -82.77917, -82.54555, -82.3572, -83.43905, -83.28912, -82.447024, -83.11298, -82.739875, -82.96, -82.89, -82.89, -82.89, -83.011389, -83.00117, -83.00894, -82.9688, -83.08231, -82.96587, 
-82.98085, -82.96969, -82.92824, -83.02148, -82.97127, -83.04268, -82.87413, -83.01881, -83.00431, -83.011389, -82.94384, -83.011389, -82.92589, -83.06986, -83.07655, -83.02856, -83.04558, -82.96772, -83.011389, -82.89063, -83.123, -82.97326, -82.87855, -82.94064, -82.86563, -83.011389, -83.05567, -83.007626, -82.98178, -83.011389, -83.011389, -83.011389, -83.011389, -83.011389, -83.011389, -83.011389, -83.011389, -83.011389, -83.011389, -83.011389, -83.011389, -83.011389, -83.069296, -83.12173, 
-83.139341, -83.139341, -83.78052, -83.75816, -82.96158, -82.87312, -83.38068, -82.68356, -83.91041, -83.56924, -82.88443, -82.82831, -83.20937, -83.24454, -83.83774, -82.872954, -83.60577, -83.419606, -83.90705, -83.3828, -83.92528, -82.80783, -82.909984, -83.5827, -83.22944, -82.77273, -83.49204, -83.31254, -83.18305, -83.97325, -83.32103, -83.57736, -83.846199, -83.66538, -83.88554, -82.661938, -82.69952, -83.29921, -84.254241, -83.05047, -83.751, -83.53853, -83.45714, -83.66884, -83.921517, -82.797419, 
-83.65795, -83.648996, -83.43802, -83.24578, -83.363, -82.96925, -83.30724, -83.64985, -83.648996, -83.28361, -83.11217, -83.37072, -83.32313, -83.25597, -82.87084, -83.620233, -83.30333, -82.822697, -83.60464, -82.69744, -83.04293, -82.75881, -83.45938, -83.2253, -83.47735, -83.28985, -82.804677, -83.433, -83.13569, -83.47664, -83.62835, -82.92948, -82.81278, -83.43171, -83.21026, -83.5619, -83.69515, -83.508531, -82.92509, -83.49795, -83.50215, -83.48948, -83.33988, -83.36565, -84.44711, -84.30866, 
-83.83446, -84.730275, -84.55459, -84.013674, -83.82917, -84.36539, -84.00778, -83.89827, -84.73356, -84.75333, -84.396619, -84.631322, -84.29732, -83.84944, -84.000532, -84.03567, -83.70725, -84.74496, -84.14754, -83.73047, -83.78249, -84.279306, -84.49453, -83.97563, -84.07558, -83.93422, -84.03021, -84.63748, -83.672, -83.806053, -83.93725, -83.82923, -83.76396, -84.62292, -84.12511, -83.87108, -84.17549, -84.51313, -84.111701, -83.58904, -83.648996, -84.22716, -84.56225, -84.255, -84.55885, -84.40709, 
-83.87384, -83.7102, -83.74024, -83.73685, -84.15574, -83.78953, -84.43574, -83.81063, -84.395196, -83.569359, -83.54935, -83.43943, -83.52774, -83.5104, -83.6064, -83.59783, -83.53257, -83.57313, -83.55996, -83.49003, -83.5577, -83.605, -83.62611, -83.67037, -83.46933, -83.71609, -83.39972, -83.48322, -83.55218, -83.64363, -83.54525, -82.329486, -83.43943, -83.43943, -83.43943, -83.43943, -83.43943, -83.497155, -83.43943, -83.43943, -83.532883, -83.497155, -83.497155, -83.43943, -83.43943, -83.43943, 
-83.43943, -83.658937, -82.00492, -81.962539, -83.082262, -81.433818, -81.554854, -81.17197, -81.02104, -81.55483, -81.00679, -81.0763, -81.88179, -82.25642, -81.51947, -81.54108, -81.52512, -81.59243, -81.81724, -81.89613, -82.09325, -82.09349, -81.64922, -81.542965, -81.90909, -82.12173, -81.255793, -82.14178, -82.28507, -82.21842, -81.106797, -82.18376, -81.11139, -82.30228, -81.55736, -81.500579, -81.009999, -81.24357, -81.44635, -81.79548, -81.151604, -81.91737, -80.970135, -82.19224, -82.248369, 
-81.73657, -82.19823, -82.25279, -81.80629, -81.44232, -81.93264, -81.53483, -81.28517, -82.07808, -81.36641, -81.43368, -81.44256, -82.22225, -82.29166, -81.275824, -81.80009, -81.33548, -81.240732, -82.11492, -81.09908, -81.485315, -81.86556, -81.643638, -81.72309, -81.968787, -81.90422, -81.86761, -82.01637, -82.16324, -81.75288, -81.873607, -82.15977, -81.59662, -81.720675, -81.49751, -81.58374, -82.01079, -82.17789, -82.04314, -81.74213, -80.87017, -80.9766, -80.93363, -80.84292, -80.76343, 
-81.00415, -80.88733, -80.81836, -80.81953, -80.77447, -80.6356, -80.94455, -80.88695, -80.814948, -80.78094, -80.57469, -81.537215, -80.86015, -80.62344, -80.93763, -80.88913, -80.76929, -80.891369, -80.71859, -80.89033, -80.78926, -80.73327, -80.877264, -80.64172, -80.79979, -80.81606, -80.835767, -80.82023, -80.72596, -80.76692, -80.83872, -80.96151, -80.76013, -80.78137, -80.90826, -81.01773, -80.63426, -80.70251, -80.859104, -80.6294, -80.88595, -80.69768, -80.62364, -80.839519, -80.94093, -80.66843, 
-80.889206, -80.70789, -80.97601, -81.27506, -80.88695, -80.90465, -81.11291, -80.99519, -81.20232, -81.102502, -80.970135, -80.99193, -81.10432, -81.102502, -82.23419, -80.5622, -80.79178, -80.955313, -80.86289, -82.02167, -82.0063, -81.86259, -81.14404, -81.39232, -81.32748, -81.19473, -81.33683, -81.93433, -80.57923, -80.6686, -81.111175, -82.10874, -82.077068, -82.0046, -81.41052, -80.94645, -82.05315, -81.282125, -81.08063, -80.74507, -80.64962, -82.3047, -82.13542, -82.1691, -82.20658, -82.09914, 
-82.13689, -81.50135, -81.06021, -81.33378, -81.249027, -81.03666, -81.05515, -81.24579, -81.54119, -80.685034, -81.91436, -81.33635, -80.955545, -82.21935, -80.83514, -81.2396, -81.06617, -81.14287, -80.56995, -80.86635, -80.83579, -81.05753, -81.44441, -81.003385, -82.3648, -82.24031, -81.47087, -80.58076, -81.39929, -81.44614, -81.249027, -81.249027, -80.96688, -81.599648, -81.7358, -81.64287, -81.62702, -81.62216, -81.60883, -81.80036, -81.60905, -81.70342, -81.57273, -81.78174, -81.57558, -81.70125, 
-81.6753, -81.67125, -81.84575, -81.52726, -81.55434, -81.54584, -81.58211, -81.53309, -81.52209, -81.52357, -81.47281, -81.60793, -81.85738, -81.65009, -81.55179, -81.73575, -81.77945, -81.65816, -81.50041, -81.74204, -81.70507, -81.80467, -81.83197, -81.56067, -81.91507, -81.44365, -81.92658, -81.61835, -81.82055, -81.48175, -81.73488, -81.92865, -81.52709, -81.67659, -81.854005, -81.699683, -81.672797, -81.672797, -81.672797, -81.672797, -81.672797, -81.672797, -81.672797, -81.672797, -81.672797, 
-81.672797, -81.672797, -81.672797, -81.672797, -81.672797, -81.672797, -81.672797, -81.672797, -81.672797, -81.20037, -81.36352, -81.61616, -81.53999, -81.312416, -81.82836, -82.00032, -81.90358, -81.5981, -81.90624, -81.47928, -81.53999, -81.51241, -81.43744, -81.68961, -81.08057, -81.461987, -81.73475, -81.16699, -82.11496, -81.44679, -81.53999, -81.53999, -81.35302, -81.34404, -81.196615, -81.3388, -81.4359, -81.93146, -82.03333, -82.0137, -81.22911, -81.85646, -81.841079, -81.36518, -81.43787, 
-81.55114, -81.297727, -81.23143, -81.77938, -81.19784, -81.8775, -81.734329, -82.10234, -81.82651, -81.42692, -81.92477, -81.73368, -81.929185, -81.070017, -81.63222, -82.12114, -81.07101, -81.51919, -81.53973, -81.53625, -81.50745, -81.46278, -81.49039, -81.54591, -81.51813, -81.512338, -81.50091, -81.51906, -81.43944, -81.57129, -81.55914, -81.463238, -81.484686, -81.529139, -81.52953, -81.57022, -81.65092, -81.58536, -81.51026, -81.472701, -81.520588, -81.674717, -81.61948, -81.53999, -81.53999, 
-81.53999, -81.53999, -81.525556, -81.53999, -81.53999, -80.95058, -80.87487, -80.58346, -80.536, -80.59243, -80.76396, -80.68652, -80.7264, -81.05025, -81.00605, -80.54601, -80.704245, -80.802854, -80.65551, -80.60358, -80.693, -80.802854, -80.91009, -80.584681, -80.57733, -80.94874, -80.58862, -80.9853, -80.88588, -80.75848, -80.7642, -80.54145, -80.73083, -80.53175, -80.942716, -80.77271, -80.54967, -80.55862, -80.60039, -80.96964, -80.61956, -80.75297, -81.02595, -80.81921, -80.86736, -80.6549, 
-80.533572, -80.53069, -80.61034, -80.86094, -80.9552, -80.59512, -80.66265, -80.85756, -80.761269, -80.80773, -80.76475, -80.84356, -80.761269, -80.761269, -80.761269, -80.76333, -80.96327, -80.70141, -80.896714, -80.802854, -80.64563, -80.64962, -80.65481, -80.62043, -80.62652, -80.65562, -80.69471, -80.66811, -80.69134, -80.66467, -80.802854, -80.61549, -80.74545, -80.643646, -80.802854, -80.802854, -81.11641, -81.80457, -81.02187, -81.58475, -80.99304, -81.7981, -82.08743, -81.45442, -81.59859, 
-81.58327, -81.08187, -81.782872, -81.68623, -80.95723, -81.21163, -81.31633, -81.48791, -81.65174, -81.00795, -81.38102, -81.84927, -82.14312, -81.4351, -81.400134, -81.003619, -81.32814, -81.93057, -81.0573, -81.742811, -82.01209, -82.13584, -81.243498, -81.14682, -81.26298, -81.30882, -81.17453, -81.71764, -81.50101, -81.55252, -81.368284, -81.173873, -80.96214, -81.326195, -81.3731, -81.87856, -81.3359, -81.09148, -81.70227, -81.782532, -82.11317, -81.54071, -81.44439, -80.979435, -81.62724, 
-81.77006, -81.16037, -81.19054, -81.36885, -81.02632, -81.24133, -82.02563, -81.85967, -81.35014, -81.488516, -81.53098, -81.64879, -81.40527, -81.34146, -81.677906, -81.42516, -81.728416, -81.26003, -81.63929, -81.6953, -81.95726, -81.40088, -81.18752, -81.18764, -81.42168, -81.28215, -81.371185, -81.37499, -81.3809, -81.3564, -81.34253, -81.40593, -81.36566, -81.42142, -81.38548, -81.41672, -81.368284, -81.368284, -81.36029, -81.43773, -81.41066, -81.33145, -81.2707, -81.368284, -81.418943, -81.42778, 
-81.424552, -81.368284, -81.368284, -83.365404, -83.41412, -82.910552, -83.52652, -82.31514, -82.87708, -83.28328, -82.84296, -82.52073, -82.4692, -83.23348, -82.35278, -83.54226, -82.99772, -82.97091, -82.41237, -82.80569, -82.94232, -82.48061, -82.74991, -82.86059, -83.41054, -82.797, -83.05827, -82.50097, -82.26175, -82.5568, -82.18712, -83.2966, -82.2246, -82.41177, -83.26087, -83.109783, -82.60611, -82.70909, -82.281695, -83.13144, -82.68056, -82.40483, -83.29505, -82.85436, -82.60887, -82.85759, 
-82.60185, -82.589042, -82.33622, -83.09269, -83.15, -82.532057, -82.31994, -82.67743, -82.18985, -82.99802, -82.71083, -82.647824, -82.36547, -82.65598, -82.52995, -82.21779, -82.875027, -83.14177, -83.17658, -82.78885, -82.588928, -82.38848, -82.72435, -82.511369, -82.51118, -82.51869, -82.58207, -82.47612, -82.56749, -82.51975, -82.532057, -84.739682, -84.7079, -84.73783, -84.7905, -84.575746, -84.3087, -83.619892, -84.52271, -84.575746, -84.60321, -84.55277, -84.55053, -84.575746, -84.575746, 
-84.575746, -84.575746, -84.575746, -84.77001, -84.00579, -84.76337, -84.24898, -84.22175, -84.24728, -84.3152, -84.70421, -84.39324, -84.575746, -84.38393, -84.36582, -84.643096, -84.77789, -84.78591, -84.06299, -84.515245, -84.7407, -84.64828, -84.55382, -84.712099, -84.6169, -84.21132, -84.22688, -84.46429, -84.06923, -84.40249, -84.55562, -84.575746, -84.575746, -84.575746, -83.75693, -84.2099, -84.15319, -83.612574, -84.08093, -83.97584, -83.848414, -84.29093, -84.1386, -83.98239, -83.86432, 
-83.7039, -83.95045, -84.00874, -84.09805, -83.90215, -84.11831, -83.39748, -84.232422, -84.35214, -83.99496, -83.96705, -83.59926, -83.5802, -83.54825, -83.647583, -84.2651, -83.80743, -83.61925, -84.007023, -83.79841, -84.300232, -83.88767, -84.24995, -84.11606, -84.2025, -83.92245, -83.74936, -84.21176, -84.24755, -84.078313, -83.68731, -84.13927, -84.08817, -83.78346, -83.607858, -83.677197, -83.8075, -83.77254, -83.6505, -83.78542, -83.38713, -84.30808, -84.02906, -83.84446, -84.53822, -84.50774, 
-84.53067, -84.56428, -84.57438, -84.48832, -84.46983, -84.43426, -84.43086, -84.51439, -84.60527, -84.4545, -84.41881, -84.53575, -84.45707, -84.47991, -84.49514, -84.5175, -84.50988, -84.51986, -84.53822, -84.53822, -84.54259, -84.53734, -84.54112, -84.42526, -84.38348, -84.417891, -84.48899, -84.38865, -84.5453, -84.51295, -84.67173, -84.53822, -84.53822, -84.39512, -84.45798, -84.60849, -84.57299, -84.52941, -84.39324, -84.36042, -84.36014, -84.33389, -84.27311, -84.47383, -84.64363, -84.65042, 
-84.33049, -84.53822, -84.58733, -84.62514, -84.53822, -84.53822, -84.32227, -84.53822, -84.53822, -84.53822, -84.53822, -84.53822, -84.53822, -84.53822, -84.53822, -84.53822, -84.53822, -84.53822, -83.862877, -84.53822, -84.45, -84.53822, -84.53822, -84.509268, -84.02323, -84.19578, -84.6477, -84.53709, -84.0855, -84.18763, -83.72363, -84.4433, -84.41774, -84.6448, -84.67557, -84.08219, -83.79697, -84.34125, -83.82609, -84.02446, -84.35433, -83.944909, -84.65393, -84.67216, -84.30999, -83.93512, 
-84.01972, -84.42307, -84.10429, -84.37873, -84.49314, -84.619129, -84.52749, -84.63574, -84.79165, -84.33611, -84.04389, -83.74587, -84.26309, -84.42201, -84.54428, -84.34143, -84.05113, -84.02364, -84.27074, -84.268593, -84.01992, -84.39256, -84.70471, -84.77788, -84.65016, -83.94049, -84.619129, -84.49597, -84.74442, -84.03271, -84.40163, -84.24213, -84.48651, -84.35202, -84.09097, -84.414484, -84.63891, -84.40459, -84.15974, -84.218308, -83.65813, -83.60235, -84.02586, -84.17685, -83.83325, -84.20629, 
-84.229799, -84.2051, -84.48822, -84.49935, -84.53052, -84.62255, -84.33335, -83.88014, -83.92144, -83.89239, -84.47938, -84.02525, -84.78292, -84.19, -84.268593, -84.18848, -84.15294, -84.16342, -84.21111, -84.23841, -84.22011, -84.22362, -84.18927, -84.15893, -84.268593, -84.268593, -84.19381, -84.26016, -84.25804, -84.24715, -84.2734, -84.16523, -84.13453, -84.20009, -84.268593, -84.12227, -84.30196, -84.27867, -84.259292, -84.15595, -84.08192, -84.10262, -84.09306, -84.05898, -84.03808, -84.268593, 
-84.268593, -84.21688, -84.11029, -84.268593, -84.268593, -84.24201, -84.268593, -84.16413, -84.16931, -84.268593, -84.178939, -84.268593, -84.268593, -84.194389, -84.268593, -84.268593, -84.268593, -83.813228, -83.8128, -83.78205, -83.83702, -83.78579, -83.83243, -83.558044, -82.97228, -83.28641, -82.84927, -82.29337, -83.3192, -83.158991, -83.621787, -82.44553, -82.13589, -82.61105, -82.4959, -82.2697, -83.34842, -83.19363, -82.82535, -82.96046, -82.22755, -82.747853, -82.50017, -82.828817, -82.6737, 
-82.63678, -82.220469, -83.05382, -82.256185, -82.87777, -82.53744, -83.31764, -82.76457, -82.98836, -83.40878, -82.46415, -83.07498, -82.84096, -82.39503, -82.58332, -83.22028, -82.41638, -82.61865, -83.37752, -83.06459, -82.94294, -83.05954, -82.35457, -82.381351, -83.24361, -82.69077, -82.81378, -82.38091, -82.532715, -82.755455, -82.38004, -83.57108, -82.55774, -83.25664, -82.71455, -82.858402, -83.29759, -82.45326, -82.36215, -83.085764, -82.52163, -83.0009, -82.54811, -83.54335, -82.8004, -82.36543, 
-82.46212, -83.67195, -82.39623, -82.96046, -82.09728, -82.21421, -81.94337, -81.66209, -81.8164, -81.5958, -81.62932, -82.18021, -82.010132, -82.12856, -81.921443, -81.44512, -81.81945, -81.78854, -81.47113, -81.5936, -82.0779, -81.19164, -81.92977, -81.744573, -82.07959, -82.244, -81.70889, -81.84506, -81.50986, -81.34495, -81.45532, -81.44373, -81.470771, -82.08208, -82.09986, -82.22975, -82.2586, -81.12031, -81.25508, -82.028, -81.8019, -81.91206, -81.83724, -81.28018, -82.16773, -82.01828, -82.010132, 
-81.88561, -81.97282, -82.13406, -82.010132, -82.07788, -81.842313, -81.68122, -81.66109, -81.44512, -81.37669, -81.256, -84.08458, -84.138566, -84.08979, -84.14468, -84.1331, -84.16573, -83.97343, -84.18324, -83.81821, -83.8231, -84.73533, -83.64338, -83.941281, -83.79265, -83.89259, -84.26087, -84.08602, -84.57771, -84.58232, -84.633484, -84.30617, -84.64678, -84.612173, -84.06783, -84.25371, -84.73138, -84.34178, -83.70007, -83.63856, -84.30075, -84.47602, -83.650714, -83.64576, -83.73199, -83.52862, 
-84.28717, -84.38348, -84.75912, -84.112031, -84.46683, -83.93098, -84.60213, -84.20027, -83.949934, -84.58332, -83.99136, -83.80463, -83.78457, -84.51744, -84.41948, -84.52245, -84.45548, -84.131541, -84.37211, -84.54783, -83.54591, -83.8356, -84.38731, -83.95347, -84.31129, -83.67053, -84.39098, -84.65726, -84.04649, -84.33877, -83.9514, -84.56377, -84.7317, -83.78216, -84.67806, -84.6325, -84.16797, -84.39308, -84.6073, -84.35509, -84.08653, -83.64464, -83.48845, -84.57871, -84.148028, -84.48041, 
-84.17288, -83.94417, -83.65288, -84.77607, -84.77422, -84.53822, -84.53822, -85.673, -85.737, -85.65097, -85.67672, -85.719659, -85.657825, -85.68452, -85.60147, -85.719659, -86.01736, -86.02304, -86.15416, -86.08875, -86.03121, -86.67137, -85.83761, -85.94, -86.00872, -86.30867, -85.84047, -86.5028, -85.77612, -86.15004, -86.469044, -85.94676, -85.80252, -86.22757, -86.35846, -85.84631, -86.46592, -85.9159, -85.61733, -86.38161, -86.66424, -85.99815, -86.052285, -86.03, -85.72871, -85.75075, -86.61059, 
-86.469044, -86.09362, -86.21885, -85.64679, -86.60268, -86.04681, -86.15262, -86.34405, -85.95074, -86.28252, -86.052285, -86.01, -86.61928, -86.61409, -85.60213, -86.80492, -86.18812, -86.09375, -85.92481, -86.36991, -86.38739, -86.31273, -86.510386, -85.57101, -85.61514, -86.53196, -86.79169, -86.67849, -86.52344, -86.39699, -85.9864, -86.64102, -85.88003, -85.32737, -86.75256, -85.765169, -85.83363, -86.05043, -85.28428, -86.87361, -85.78446, -86.15126, -86.12734, -85.64945, -86.088914, -85.46554, 
-86.61733, -85.51553, -86.54978, -85.61239, -86.41337, -85.768357, -85.43035, -85.47698, -86.53591, -86.37431, -86.26806, -85.69786, -85.95928, -85.89726, -86.11397, -86.64494, -86.58507, -86.46335, -86.39589, -86.828402, -86.95994, -86.83174, -85.43834, -86.98612, -85.77208, -86.63017, -86.16098, -85.67065, -86.28509, -86.08543, -85.62657, -86.10839, -86.15673, -86.11766, -86.15598, -86.13817, -86.161336, -86.160616, -86.1713, -86.132837, -86.132837, -86.28575, -86.00948, -86.1833, -86.10175, -86.04889, 
-86.12323, -86.22183, -86.21093, -86.132837, -86.25409, -86.15903, -86.05378, -86.12973, -86.20448, -85.97356, -86.132837, -86.33121, -86.32493, -85.98635, -85.97041, -86.08634, -85.99903, -86.12948, -86.25214, -86.132837, -86.332995, -86.132837, -86.132837, -86.006082, -86.06733, -86.132837, -86.132837, -86.26464, -86.132837, -86.01405, -85.98073, -86.18232, -86.15, -86.132837, -86.22546, -86.132837, -86.132837, -86.132837, -86.28619, -86.13831, -86.132837, -86.132837, -86.132837, -86.16262, -86.132837, 
-86.132837, -86.16, -86.132837, -86.9797, -87.130431, -87.44849, -87.05883, -86.177059, -87.34298, -87.372779, -87.24265, -87.51022, -87.46084, -87.42458, -87.50574, -87.50143, -87.45806, -87.45528, -87.50391, -87.372779, -87.50911, -86.373314, -86.76103, -87.20898, -87.26403, -86.70041, -86.6925, -87.01522, -86.87244, -87.43686, -86.71983, -86.709883, -87.27081, -87.41353, -86.87902, -86.915077, -86.53889, -86.77019, -87.18154, -86.26679, -86.60481, -87.322049, -87.47404, -86.90009, -87.4519, -87.46426, 
-87.34695, -87.43781, -86.968614, -87.33142, -86.77328, -87.03165, -87.076094, -87.11269, -87.170527, -86.88131, -86.91068, -87.05359, -87.17829, -87.50015, -87.319937, -87.33681, -87.25695, -87.37271, -87.26447, -87.40962, -87.33646, -87.3581, -87.32716, -87.34024, -87.372779, -86.397372, -86.24521, -85.97379, -86.1114, -86.1692, -85.81792, -85.96915, -85.88733, -86.42163, -86.44545, -85.97605, -85.938348, -85.96044, -85.96923, -86.308673, -86.03216, -85.84885, -85.858076, -85.81902, -86.13717, 
-86.50975, -86.61127, -86.61613, -86.192003, -86.2795, -86.3076, -85.78997, -86.01203, -85.69409, -85.86531, -85.68403, -86.16002, -86.16811, -86.196485, -85.99829, -86.50412, -85.84083, -86.42047, -85.6852, -86.24498, -86.07877, -85.70397, -86.32023, -85.58665, -85.74168, -85.736, -86.12107, -85.54707, -86.260569, -86.04261, -86.49379, -85.85778, -85.864267, -85.81927, -85.81795, -86.17013, -86.25253, -86.221805, -86.234589, -86.25043, -86.24804, -86.21105, -86.26514, -86.23576, -86.31341, -86.292991, 
-86.283278, -86.252506, -86.30357, -86.27329, -86.292991, -86.20906, -86.24391, -86.292991, -85.539454, -86.292991, -85.744328, -86.604952, -86.292991, -85.43989, -85.62014, -85.0223, -85.292474, -85.06155, -85.04792, -85.24367, -84.94244, -85.489198, -85.16565, -85.423462, -84.8726, -85.32693, -85.48313, -85.15149, -85.0974, -85.63924, -84.93704, -84.95619, -85.13569, -84.96856, -84.93811, -84.89154, -84.85575, -85.00759, -85.39367, -85.15428, -85.16711, -85.49061, -85.26765, -85.17871, -85.56204, 
-85.35825, -85.22236, -85.6322, -85.02486, -85.29184, -85.59288, -86.370409, -84.937926, -85.30702, -85.267567, -84.92161, -84.87284, -84.98664, -85.16794, -85.15936, -85.152604, -85.03134, -84.937926, -85.24984, -85.005402, -85.34315, -85.37745, -84.89306, -85.319241, -85.62796, -84.93525, -85.199186, -85.24399, -85.43218, -85.01837, -85.45882, -85.35463, -85.500246, -84.86982, -85.23342, -85.28232, -85.070713, -85.15101, -85.10706, -85.23878, -85.12061, -85.11114, -85.14481, -85.16151, -85.1826, 
-85.30984, -85.06509, -85.0692, -85.22159, -85.14262, -85.12181, -85.05941, -85.10219, -85.172053, -85.070713, -85.070713, -85.070713, -85.070713, -85.070713, -85.070713, -85.070713, -85.070713, -85.070713, -85.070713, -85.070713, -85.070713, -85.070713, -85.070713, -85.070713, -85.090669, -85.070713, -85.070713, -85.070713, -85.070713, -85.070713, -85.148284, -85.070713, -85.070713, -85.070713, -85.070713, -85.070713, -86.14677, -86.12127, -86.11894, -86.11894, -86.03829, -85.93863, -86.206925, 
-86.50127, -86.09952, -86.394248, -86.573952, -86.475, -85.86648, -86.47781, -86.10052, -86.206925, -86.65297, -86.06339, -85.65476, -86.497, -85.57179, -86.26393, -86.23191, -85.60772, -86.206925, -85.94279, -86.018139, -85.63456, -86.4016, -85.72135, -85.70333, -86.37341, -85.83873, -86.206925, -85.73528, -86.36684, -86.38446, -86.1172, -85.66324, -85.65922, -85.49905, -86.11735, -86.10749, -86.50246, -86.1918, -85.7758, -86.101484, -86.563025, -86.204238, -86.55239, -86.07185, -86.016441, -85.92906, 
-86.23521, -86.573952, -86.50183, -86.26918, -85.792501, -85.90441, -85.828846, -86.57394, -85.82678, -85.76697, -86.23359, -85.49089, -85.7457, -85.50548, -85.82953, -86.24943, -86.215482, -86.64799, -86.34952, -84.93094, -84.82042, -85.21961, -84.82728, -85.07263, -84.99568, -84.91113, -85.19406, -85.06601, -84.94437, -84.94113, -85.1453, -84.94922, -85.38747, -85.19242, -84.85887, -85.13141, -85.14049, -85.06057, -85.1739, -85.32865, -84.90196, -85.24073, -85.30949, -84.83861, -85.255114, -84.91227, 
-85.08587, -85.26017, -85.06618, -84.99462, -86.516419, -84.87774, -85.726384, -85.041244, -85.80264, -85.421753, -85.91774, -86.115257, -86.26288, -86.172327, -85.65443, -86.12978, -86.06805, -86.22652, -86.61356, -85.97453, -86.47439, -85.89095, -86.18702, -85.96698, -86.46103, -85.99239, -86.2983, -85.7737, -86.261089, -85.76787, -85.72035, -85.704973, -85.732062, -85.732062, -85.732062, -86.07212, -85.96834, -86.36988, -85.6097, -85.90405, -86.35313, -85.60373, -86.23083, -85.76702, -85.732062, 
-86.29997, -85.896961, -85.53195, -85.82522, -85.896961, -86.05223, -86.09478, -85.49124, -85.66831, -86.09643, -86.01293, -86.16656, -86.08928, -86.055202, -85.80304, -85.75936, -86.46657, -86.55656, -85.76711, -85.704973, -85.732062, -85.9456, -85.885168, -85.86356, -86.04252, -85.49272, -85.21936, -85.347677, -85.86852, -85.64367, -85.962761, -85.84894, -85.62922, -85.5097, -85.8013, -85.78008, -86.13561, -85.726135, -85.47579, -86.518002, -85.47234, -85.70234, -85.619906, -85.76741, -85.88879, 
-86.056681, -85.38031, -85.617307, -85.611994, -86.18327, -85.491788, -85.619906, -85.33006, -86.27469, -85.63325, -85.71245, -85.62782, -85.7316, -85.89917, -85.95025, -86.09283, -85.60914, -85.58067, -87.453249, -85.38114, -85.37602, -85.43636, -85.38494, -85.408221, -85.442772, -85.396685, -85.520201, -85.25293, -85.167996, -84.848442, -85.02454, -84.96724, -85.17784, -85.00994, -85.14929, -85.54205, -85.204359, -85.2115, -85.43806, -85.34956, -85.10107, -85.13, -84.9142, -85.50656, -85.46546, 
-85.04618, -85.16333, -85.36442, -85.5198, -85.35541, -84.92284, -85.20909, -84.93926, -85.52036, -85.14847, -85.11692, -85.28118, -85.25831, -85.38641, -85.3697, -85.398625, -85.389978, -85.20421, -85.14637, -85.147437, -84.96936, -85.15474, -84.89067, -85.015983, -85.02063, -84.86603, -84.91901, -85.2698, -85.56716, -85.44117, -85.38566, -85.28409, -85.44341, -84.83422, -84.94334, -84.99542, -84.97922, -84.938878, -85.5056, -85.377969, -86.49743, -86.501543, -86.57409, -86.56779, -86.515145, -86.51676, 
-86.501543, -86.50293, -87.626938, -86.55097, -86.46897, -86.90202, -86.501543, -87.03271, -86.62275, -86.28146, -86.88719, -86.62922, -86.66247, -86.545732, -86.230212, -86.4169, -86.670987, -87.19961, -86.961577, -87.16987, -87.09917, -87.19332, -86.49319, -86.2395, -87.0031, -86.52474, -86.43438, -86.74308, -86.48362, -86.95343, -86.73117, -86.961577, -86.501543, -86.74855, -86.77844, -86.63699, -86.6689, -86.6512, -87.04871, -86.34441, -86.3935, -86.61296, -86.68869, -86.9845, -87.231182, -86.163826, 
-86.501543, -87.17619, -87.31447, -86.70118, -86.58477, -86.71714, -87.4228, -86.98761, -86.67821, -86.74717, -86.8507, -86.99889, -87.55539, -86.55613, -86.77777, -87.25186, -87.08288, -86.82196, -86.86155, -87.30865, -86.83649, -87.04073, -87.04145, -86.96864, -87.0006, -86.93876, -86.876173, -86.876173, -86.92258, -86.558, -86.99567, -86.89775, -86.917205, -87.34174, -87.04626, -87.44554, -86.98512, -87.09905, -87.30217, -87.13975, -87.321357, -86.56537, -86.81523, -86.60853, -86.80978, -87.1913, 
-86.91993, -86.75914, -86.77554, -87.24115, -87.14299, -86.73903, -86.79698, -87.10155, -87.50791, -87.2247, -87.30088, -87.20987, -87.26579, -87.39041, -87.05408, -87.7024, -87.42886, -87.163636, -86.95436, -87.92435, -87.249886, -87.574963, -87.31132, -87.88918, -85.625718, -87.245214, -87.37998, -87.91918, -87.78113, -87.19167, -87.09771, -87.14259, -87.78055, -87.5658, -87.5039, -87.42319, -87.56035, -87.44275, -87.39205, -87.34145, -87.72954, -87.58462, -87.692037, -87.57478, -87.255079, -87.716121, 
-87.37714, -87.574963, -87.574963, -87.574963, -87.574963, -87.574963, -87.574963, -87.57349, -87.57621, -87.54178, -87.63664, -87.55796, -87.52468, -87.47506, -87.574963, -86.570962, -87.574963, -87.62723, -87.600791, -87.542014, -87.574963, -87.52112, -87.538915, -87.574963, -87.527249, -87.574963, -87.574963, -87.574963, -87.574963, -87.574963, -87.574963, -87.574963, -87.574963, -87.574963, -87.574963, -87.574963, -87.597316, -87.574963, -87.505512, -86.922974, -87.410094, -87.3977, -87.34452, 
-87.39209, -87.35222, -87.39996, -87.410094, -87.41107, -87.410094, -87.410094, -87.410094, -87.410094, -87.221819, -87.443566, -87.24589, -86.99353, -87.12738, -87.17529, -87.11502, -87.3793, -87.06899, -87.11557, -87.43577, -87.090363, -87.20462, -87.47013, -87.25714, -87.5449, -87.40974, -87.24536, -87.449558, -87.0721, -87.41458, -87.29997, -87.13635, -87.086882, -87.23587, -87.17504, -87.33149, -87.56655, -87.35609, -87.46293, -87.475747, -87.39149, -87.30983, -86.90202, -87.410094, -87.475871, 
-87.301367, -87.1754, -87.27765, -87.443566, -87.46156, -87.266549, -87.38029, -87.419569, -87.18939, -87.40667, -87.45451, -87.46511, -87.524376, -86.88975, -86.894908, -86.824468, -86.8768, -86.81847, -86.93664, -86.916215, -86.88972, -87.05507, -87.50098, -87.21957, -86.81628, -87.36849, -87.35899, -86.8894, -86.76381, -86.74363, -86.59362, -87.46611, -86.89189, -86.72533, -87.40081, -86.89143, -86.893614, -86.893614, -86.893614, -86.893614, -86.893614, -86.893614, -86.76265, -86.76703, -87.4346, 
-87.26193, -87.32659, -86.87659, -87.28615, -87.13698, -86.65353, -87.44607, -87.29994, -86.80388, -86.88781, -86.87605, -87.14796, -86.88963, -86.75982, -87.027571, -87.44715, -87.29837, -86.92076, -87.4078, -86.98346, -86.73576, -87.15089, -87.10907, -87.2444, -87.4655, -87.25568, -87.310042, -87.15306, -87.13684, -86.88769, -86.91652, -87.5271, -86.77511, -87.310042, -87.20706, -87.23646, -87.147674, -87.04635, -87.06369, -87.413, -87.04867, -87.38396, -87.06795, -87.03629, -86.894908, -86.7225, 
-82.554, -82.91582, -83.04585, -82.66522, -82.91471, -82.69327, -83.297593, -83.21527, -83.292382, -82.93255, -83.02449, -83.15112, -83.612581, -82.94641, -82.79404, -82.66859, -83.25454, -82.95044, -82.68571, -82.62325, -83.09819, -82.59617, -83.28, -83.29078, -82.90786, -82.89837, -83.149978, -82.94459, -82.50811, -82.47973, -82.80345, -82.92958, -82.88031, -82.93416, -82.83063, -82.903065, -82.77754, -82.79758, -82.59251, -82.8092, -82.83068, -82.52595, -82.48614, -82.44402, -82.66522, -82.77538, 
-82.68244, -82.67684, -83.02963, -82.93851, -83.13752, -83.3863, -83.14051, -83.16812, -83.10474, -83.18532, -83.16357, -82.57049, -83.2264, -83.22829, -82.50425, -82.90232, -82.89979, -82.88809, -83.11506, -83.18405, -83.116567, -83.3863, -82.982757, -82.99866, -82.903065, -83.056, -83.0597, -82.99768, -83.03847, -83.02605, -82.91658, -82.81411, -83.15235, -83.173666, -83.21027, -83.79147, -83.72297, -83.70443, -83.836571, -83.836571, -83.72671, -83.71831, -83.664277, -83.49083, -83.150823, -83.836571, 
-83.75725, -83.911693, -83.77718, -83.40605, -84.03445, -83.15863, -83.150823, -83.18188, -83.150823, -83.25049, -83.25987, -83.18179, -83.28332, -83.26872, -83.89907, -83.67133, -83.49818, -83.28711, -83.3382, -83.150823, -84.06078, -83.16017, -83.80332, -83.58184, -83.31414, -83.83372, -83.63047, -83.44652, -83.18097, -83.36513, -83.150823, -83.36299, -83.150823, -83.37161, -83.44141, -84.03123, -83.54756, -83.68414, -83.41669, -83.38515, -83.38785, -83.62916, -83.29818, -83.48945, -83.418524, 
-83.93425, -83.4856, -83.21575, -83.37223, -83.578088, -83.78387, -83.579334, -83.66673, -83.26128, -83.26481, -83.57793, -83.21446, -83.3786, -83.378, -83.37464, -83.47575, -83.47401, -83.78009, -83.59684, -83.57071, -83.17402, -83.21, -83.19812, -83.63316, -83.58215, -83.05879, -83.07837, -83.09981, -83.14254, -82.98068, -83.10849, -83.02449, -83.08994, -83.11467, -83.12785, -83.04483, -83.05826, -82.99632, -82.99314, -82.95243, -83.07805, -83.1552, -83.13676, -83.24902, -83.13398, -83.14969, -83.150823, 
-83.24422, -82.94348, -82.9283, -83.04888, -83.1918, -83.21722, -83.14829, -82.92426, -83.150823, -83.150823, -83.150823, -83.04422, -83.19547, -82.90003, -83.17952, -83.14152, -83.29105, -83.30197, -83.35297, -83.150823, -83.150823, -83.348152, -83.150823, -83.150823, -83.150823, -83.150823, -83.150823, -83.150823, -83.150823, -83.150823, -83.150823, -83.150823, -83.150823, -83.150823, -83.150823, -83.150823, -83.150823, -83.150823, -83.150823, -83.150823, -83.150823, -83.150823, -83.28083, -83.29705, 
-83.3863, -83.22956, -82.911243, -83.16584, -83.12781, -83.131426, -83.18111, -83.07158, -82.903065, -83.00446, -82.99938, -83.04844, -82.99392, -83.06154, -83.04255, -82.903065, -83.33757, -83.3863, -83.37551, -83.37159, -83.39974, -83.3863, -83.24571, -83.40273, -83.35133, -83.38967, -83.363697, -83.40875, -83.3863, -83.3863, -83.35363, -83.39853, -83.3464, -83.29585, -83.30243, -83.28211, -83.3863, -83.4044, -83.3863, -83.37805, -83.52283, -83.71792, -83.58982, -83.63297, -83.28537, -83.2612, 
-83.3863, -83.2471, -83.17281, -83.18412, -83.14416, -83.20932, -83.27921, -83.51766, -83.45865, -83.474785, -83.47314, -83.66826, -83.59318, -83.48997, -83.54529, -83.47193, -83.311605, -83.47969, -83.3863, -83.53378, -83.537887, -83.040222, -83.3863, -82.65433, -82.945483, -83.536923, -83.16651, -83.00181, -84.0761, -83.79486, -82.98356, -83.93995, -83.95884, -82.6415, -83.726, -83.3933, -82.64573, -83.5218, -83.06289, -82.71234, -83.13471, -83.99148, -83.74074, -83.01232, -83.84883, -82.60984, 
-83.36195, -83.89144, -83.62016, -83.48421, -83.63585, -83.40536, -82.69274, -83.5968, -83.06067, -83.02017, -83.33073, -84.300929, -83.94468, -82.52701, -83.81366, -83.03213, -82.82558, -83.29409, -82.74685, -83.89507, -83.69025, -83.98443, -83.20549, -83.43109, -83.52542, -83.42227, -82.6874, -82.81674, -83.00241, -82.77514, -82.54948, -82.75005, -82.83687, -82.9635, -83.82612, -82.9257, -84.03166, -83.63, -83.780835, -83.69012, -83.69291, -83.73126, -83.69728, -83.64688, -83.70142, -83.60433, 
-83.61155, -83.67085, -83.692507, -83.76098, -83.688706, -83.713124, -83.713074, -83.720306, -83.79463, -83.710756, -83.646255, -83.783675, -83.692507, -84.695963, -83.655654, -83.91427, -83.97142, -84.01177, -83.94479, -84.051827, -84.032612, -83.93267, -84.032612, -84.09438, -84.14497, -84.07918, -84.42078, -84.12889, -84.29816, -84.47433, -84.11987, -84.74219, -84.55669, -84.04695, -84.37785, -83.98795, -84.86734, -84.1337, -84.46503, -84.83959, -84.22384, -84.747, -84.33789, -84.75589, -84.77405, 
-83.97973, -85.00864, -84.93861, -84.01217, -83.99444, -84.27784, -84.33926, -84.02, -84.27234, -84.387753, -84.21671, -84.10388, -84.1976, -83.97901, -84.646, -84.19641, -84.66089, -84.19608, -84.14652, -84.43815, -84.39169, -83.93628, -84.02506, -84.21162, -84.41672, -83.975475, -84.387331, -84.256758, -84.197125, -84.387331, -83.53468, -83.65821, -83.63681, -83.9162, -83.933337, -83.87869, -83.994328, -83.34887, -83.32907, -83.84636, -83.3881, -83.92772, -83.23974, -83.17889, -83.18115, -83.83882, 
-83.17874, -83.48516, -83.16143, -83.81298, -83.61267, -83.74123, -83.26005, -83.624431, -83.70977, -83.32459, -83.83539, -83.3516, -83.17248, -83.43887, -83.87538, -83.35883, -83.49441, -83.53822, -83.76529, -83.66579, -83.87572, -83.41927, -83.24746, -83.28557, -83.99306, -83.68564, -83.676156, -83.43007, -83.25403, -83.91915, -83.50181, -83.55805, -83.519166, -83.73723, -83.84369, -83.46527, -83.57917, -83.657355, -83.81849, -83.749418, -84.66256, -84.666661, -83.09901, -84.847417, -84.371973, 
-84.50765, -84.41579, -84.46099, -85.24478, -84.84871, -84.975271, -84.8228, -85.25046, -83.938967, -84.0634, -84.90913, -84.27674, -84.58612, -84.64772, -84.76379, -84.47143, -84.4792, -84.464775, -84.371973, -84.6579, -85.03033, -84.83662, -84.37722, -84.77657, -84.600723, -85.04948, -84.74589, -84.07542, -84.7503, -85.26533, -84.39027, -84.23568, -84.52702, -83.91835, -83.911173, -84.84627, -85.06679, -84.59181, -84.3569, -85.13565, -85.25628, -84.94611, -85.04326, -84.69278, -84.44738, -83.915592, 
-84.73336, -84.16581, -84.78306, -84.847297, -84.92633, -84.92575, -84.497138, -83.911173, -84.41946, -85.11754, -84.37643, -84.17896, -85.007665, -84.68397, -84.22291, -84.84263, -84.6032, -84.91289, -84.73826, -84.84062, -84.77731, -84.57704, -84.60041, -85.20938, -84.295949, -84.68228, -85.04772, -85.16587, -85.14998, -85.074665, -85.10506, -84.79415, -84.98054, -84.92216, -84.17011, -84.98244, -84.7996, -84.27844, -84.90307, -85.12449, -84.371973, -84.56153, -84.838206, -84.838206, -84.371973, 
-84.54915, -84.56913, -84.52497, -84.371973, -84.57106, -84.371973, -84.62698, -84.371973, -84.551728, -84.555629, -84.558679, -84.371973, -84.558679, -84.558679, -84.55492, -84.559029, -84.371973, -84.56, -84.558679, -84.371973, -85.55107, -85.55958, -85.529858, -85.56635, -85.493232, -85.62247, -85.58573, -85.61098, -85.69255, -85.87438, -85.23333, -85.35242, -86.12201, -85.13845, -85.22294, -85.29136, -85.20257, -85.004511, -85.529858, -85.004511, -85.04264, -86.41801, -86.715294, -85.61773, -85.9679, 
-86.0795, -85.18987, -85.09728, -85.32984, -85.98937, -85.51068, -85.09307, -85.33499, -85.308555, -85.0142, -85.26, -86.3337, -86.372276, -85.33059, -85.529858, -85.66411, -86.26647, -85.99417, -85.39257, -86.1208, -85.525359, -85.24582, -85.24228, -85.31673, -85.41657, -85.85725, -86.0545, -86.16943, -85.29296, -85.4055, -85.81527, -85.814072, -86.209904, -86.04822, -85.84205, -85.35683, -85.8033, -84.94869, -84.949919, -85.63686, -85.7807, -85.46428, -85.124, -85.529858, -85.45029, -84.91041, 
-85.529858, -85.71069, -85.90002, -85.61256, -85.617824, -84.87559, -85.45022, -86.38557, -86.47935, -85.67594, -85.42621, -85.23198, -86.24912, -85.43234, -84.97543, -85.63829, -85.11971, -85.89022, -85.01188, -85.5073, -86.25718, -85.67233, -86.48827, -86.26909, -86.34979, -86.715294, -86.55586, -86.38349, -86.29071, -86.02616, -86.50367, -86.63715, -86.67044, -86.75519, -86.54919, -86.23981, -86.715294, -86.59362, -86.37416, -86.51351, -86.61984, -86.69237, -85.83605, -84.102395, -85.298079, -86.015026, 
-84.38842, -84.41052, -84.40913, -84.213755, -84.3329, -84.04585, -84.75151, -85.976841, -84.76598, -83.87435, -83.82631, -84.22768, -84.65993, -84.3494, -84.36382, -84.20769, -83.95779, -84.651, -83.78699, -84.604662, -84.18971, -84.60334, -84.62624, -84.80789, -84.49338, -84.34907, -84.01395, -84.4396, -84.64548, -84.41116, -84.77046, -84.27972, -84.32597, -84.8376, -84.21557, -84.503905, -84.593491, -84.25886, -84.24575, -84.46824, -84.18274, -84.56022, -84.16796, -84.55244, -83.70951, -83.93858, 
-84.59305, -83.69556, -84.45404, -84.34471, -84.75263, -83.865674, -83.79433, -84.46144, -84.32652, -84.10866, -84.186608, -84.37762, -84.39902, -84.55243, -84.70868, -84.19374, -83.93878, -84.09154, -84.44772, -84.09996, -85.47798, -85.41889, -85.84023, -85.88157, -85.16304, -85.59318, -85.47815, -85.86094, -85.04876, -85.643043, -85.81962, -85.840372, -85.72542, -85.55091, -85.480856, -85.82054, -85.54811, -85.278303, -85.67384, -85.37282, -85.77879, -85.31026, -85.34217, -85.82566, -85.75809, 
-85.47744, -85.73768, -85.34928, -85.25883, -85.46466, -85.66543, -85.43184, -85.73515, -85.57223, -85.49536, -85.09604, -85.5189, -85.30996, -85.50812, -85.5824, -85.69952, -85.37833, -85.35285, -85.62761, -85.76662, -85.550267, -85.550267, -85.550267, -85.550267, -85.713857, -85.82081, -85.9318, -86.05421, -85.84983, -85.94516, -86.19014, -86.20404, -86.12461, -86.215413, -86.14028, -86.2662, -85.95005, -85.800884, -86.13348, -86.072032, -86.19013, -85.76466, -85.98996, -86.30604, -86.0865, -86.444751, 
-86.10544, -86.12726, -86.10895, -85.87861, -85.844378, -85.82314, -86.444751, -85.89754, -86.43044, -86.20597, -85.83015, -86.46576, -86.37093, -86.25131, -86.2668, -86.1955, -86.468853, -86.22774, -86.2682, -86.40265, -86.07346, -86.40276, -86.07944, -85.96376, -86.27335, -86.18724, -86.28427, -86.37004, -86.19345, -86.18835, -86.11684, -86.11462, -86.14141, -86.34028, -86.468853, -85.99621, -85.550267, -85.629101, -85.550267, -85.65885, -85.69733, -85.64785, -85.61899, -85.65435, -85.62856, -85.70392, 
-85.550267, -85.5616, -85.550267, -85.550267, -85.550267, -85.550267, -85.72, -85.550267, -85.61168, -85.67, -85.550267, -85.77, -85.75371, -85.54582, -85.66391, -85.550267, -85.550267, -85.550267, -85.950661, -85.78338, -85.832785, -85.550267, -85.394202, -85.550267, -85.46006, -85.488449, -84.97282, -85.24163, -86.21509, -86.12625, -85.21448, -86.08323, -86.04382, -85.60119, -86.00977, -85.68623, -85.78716, -85.26929, -85.67131, -85.88908, -86.29477, -85.36212, -86.22663, -85.40671, -86.02479, 
-85.26394, -84.97463, -85.22931, -86.29048, -86.21484, -85.98588, -85.70649, -85.75597, -85.40908, -86.05033, -85.78999, -85.8079, -85.92846, -86.0122, -85.08986, -85.527652, -85.3651, -85.52611, -85.85676, -85.14305, -85.772312, -85.72325, -85.75697, -85.44877, -85.69759, -85.1771, -85.03401, -86.27234, -85.37836, -85.89914, -85.11843, -85.5614, -84.91649, -85.71981, -85.62347, -85.490005, -85.597374, -86.21149, -85.27959, -85.5155, -85.15802, -85.26096, -85.63635, -85.9334, -85.67316, -85.575147, 
-85.54511, -85.43612, -85.9109, -85.41696, -85.131606, -85.575147, -84.72714, -84.47898, -84.77654, -83.46411, -84.14518, -84.17164, -85.332038, -85.00995, -84.86185, -84.66502, -84.72353, -84.691207, -84.79969, -84.32615, -85.24516, -84.4625, -84.86646, -85.041872, -84.43525, -83.98087, -83.75198, -85.12252, -84.99249, -85.26699, -84.86774, -84.301497, -84.71727, -84.612207, -84.67492, -84.15477, -85.113678, -84.6253, -84.610441, -84.99025, -83.93526, -83.65723, -84.45048, -83.96071, -83.61368, 
-85.16591, -84.59578, -84.35977, -84.43175, -84.48228, -83.7918, -84.79103, -84.30787, -84.62643, -84.287698, -84.09811, -84.94734, -84.52405, -85.29284, -84.82611, -84.23956, -83.45125, -85.09913, -84.81464, -84.93774, -84.33219, -84.46507, -83.69012, -83.49878, -84.336519, -83.83626, -84.73671, -84.7255, -85.55339, -84.32485, -84.336519, -84.405367, -84.336519, -84.45633, -84.966792, -84.59227, -84.30074, -85.05287, -84.60248, -84.9475, -84.659847, -84.60141, -87.99717, -88.08323, -88.40806, -86.88541, 
-87.34617, -87.86241, -87.50316, -87.37679, -87.92354, -88.04546, -86.90766, -86.45869, -87.26197, -87.614805, -85.72148, -87.61977, -87.06843, -86.98096, -86.99621, -85.57069, -87.08951, -87.81615, -87.33355, -87.77089, -86.55894, -85.90176, -87.04529, -85.71737, -85.95837, -85.9963, -87.43312, -87.351342, -87.61054, -87.63243, -87.72709, -87.81759, -85.72321, -86.33946, -87.42223, -87.60897, -88.14742, -86.70615, -87.55411, -86.66216, -87.614805, -87.58245, -85.54758, -87.533429, -87.90824, -87.58988, 
-87.0742, -87.50716, -87.50966, -87.99141, -87.78294, -86.90898, -88.01972, -87.20146, -87.99607, -85.98878, -86.43315, -87.25211, -87.50457, -87.6281, -87.01715, -87.78838, -87.63114, -87.07647, -86.64901, -87.37748, -88.39491, -88.37681, -88.45043, -88.71833, -88.52645, -89.57618, -90.05138, -89.15645, -88.46121, -88.62738, -88.54077, -88.38434, -87.88212, -88.52201, -88.35677, -88.57894, -88.4818, -88.297959, -89.34434, -88.59396, -89.09762, -88.57829, -88.57259, -88.43396, -88.70073, -90.15732, 
-88.41589, -88.879139, -88.32904, -88.37867, -89.66518, -89.02038, -88.14768, -88.84928, -89.35119, -88.6719, -88.65751, -89.99603, -89.18126, -88.73659, -88.17166, -88.63936, -88.62806, -88.88179, -89.0028, -89.91876, -89.26594, -88.60459, -89.57925, -84.361116, -88.375199, -93.41494, -94.64805, -94.03587, -93.00357, -93.40082, -93.60475, -93.37907, -93.46641, -93.60966, -93.465172, -93.648465, -93.640818, -93.66741, -93.572173, -94.75806, -93.60475, -95.00852, -93.62, -94.92781, -94.43912, -92.46899, 
-93.14743, -94.55588, -94.143566, -93.53916, -93.79219, -93.64187, -93.46171, -93.87437, -93.931686, -93.90483, -94.01444, -94.10552, -93.2459, -94.90323, -93.375544, -92.88621, -93.5311, -93.48058, -94.52139, -93.29857, -94.50771, -93.14222, -93.45615, -93.23591, -93.29691, -93.31293, -93.1683, -94.6884, -94.34518, -93.31527, -93.78537, -93.23904, -93.94852, -94.23112, -93.80106, -94.21237, -93.85169, -93.45659, -94.00842, -94.23785, -93.50761, -94.12488, -93.52595, -94.07546, -93.56507, -94.87032, 
-92.865, -93.88, -93.61472, -93.39783, -93.60711, -92.3841, -93.64504, -92.79387, -94.21948, -93.95414, -93.81486, -94.9812, -93.7935, -92.72123, -94.52602, -92.94775, -94.84924, -93.39078, -92.93875, -92.96979, -93.31162, -93.49863, -93.59844, -93.57506, -93.26217, -93.21383, -94.29981, -94.37939, -93.65232, -93.71865, -93.70867, -94.08143, -93.6648, -92.89481, -92.26841, -92.90573, -93.10226, -93.36927, -93.94857, -92.95464, -92.77525, -92.80631, -93.74273, -93.50069, -94.26066, -93.52778, -93.00381, 
-94.08042, -92.93572, -93.49076, -93.82106, -92.79458, -93.39718, -94.18994, -93.79925, -92.56155, -92.90646, -93.74093, -93.40134, -93.07114, -93.173193, -94.4065, -93.30502, -93.41399, -94.04659, -93.26916, -93.35327, -93.10517, -92.53946, -92.711, -93.95498, -92.532032, -93.099205, -93.099205, -93.4484, -93.2007, -92.64823, -93.04467, -93.71388, -93.68225, -94.0443, -93.77004, -93.0738, -94.36488, -94.25943, -93.88068, -92.91126, -94.10961, -93.94309, -94.01728, -93.27056, -93.71405, -93.42826, 
-93.24161, -93.77547, -93.45343, -93.60253, -92.97056, -94.20931, -93.1813, -94.20565, -93.49432, -93.38182, -93.18373, -93.2024, -93.79728, -93.73157, -92.69484, -93.69541, -93.67508, -93.7952, -93.16827, -93.59867, -93.90657, -94.32731, -92.85941, -93.31782, -94.07635, -92.178366, -92.903, -93.84553, -93.07833, -93.250567, -93.94509, -93.79945, -93.86151, -93.70988, -93.73568, -93.78287, -92.3541, -93.00738, -93.54644, -93.25821, -94.03802, -94.86276, -93.59181, -93.92795, -94.35418, -93.29673, 
-93.927086, -93.572173, -93.572173, -93.572173, -93.572173, -93.572173, -93.572173, -93.572173, -93.572173, -93.62004, -93.67403, -93.68076, -93.67356, -93.61636, -93.63237, -93.61904, -93.59829, -93.54829, -93.572173, -93.603967, -93.58072, -93.66189, -93.7238, -93.80235, -93.71, -93.78093, -93.505751, -93.572173, -93.572173, -93.572173, -93.572173, -93.572173, -93.572173, -93.572173, -93.572173, -93.572173, -93.572173, -93.572173, -93.572173, -93.572173, -93.572173, -93.572173, -93.572173, -93.572173, 
-93.572173, -93.572173, -93.572173, -93.572173, -93.572173, -93.572173, -93.572173, -93.572173, -93.572173, -93.627368, -93.572173, -93.572173, -93.572173, -93.572173, -93.572173, -93.785502, -93.20037, -93.260879, -93.525253, -93.46844, -93.6187, -93.8041, -93.94282, -93.01693, -93.222587, -93.38463, -93.96138, -93.37056, -93.7909, -93.04392, -93.43553, -92.76056, -93.65625, -93.61033, -93.62645, -93.07297, -93.21518, -93.3836, -93.45694, -93.80821, -93.22573, -93.58292, -93.52078, -94.09044, -93.36842, 
-93.6468, -92.7293, -92.64331, -93.20838, -93.48318, -93.00519, -93.24015, -92.72237, -92.82115, -93.09976, -93.91817, -92.54755, -93.08574, -92.95458, -93.20192, -93.55338, -92.88759, -92.93841, -93.66671, -93.22082, -92.77702, -93.32768, -93.77734, -93.39301, -94.04333, -92.788967, -93.48259, -93.99988, -93.92137, -94.18256, -94.97033, -94.22602, -94.47223, -94.85188, -94.13904, -94.22578, -94.35401, -94.27644, -94.41955, -94.10732, -94.19512, -94.29779, -94.36129, -93.7385, -93.73523, -94.78269, 
-94.54767, -94.20185, -94.0518, -94.61632, -93.99814, -93.90684, -95.16395, -94.6931, -94.41373, -94.42583, -94.84192, -94.45293, -93.94113, -94.29539, -94.17666, -94.07424, -94.70587, -94.22517, -94.7321, -94.45652, -94.84275, -94.19697, -94.05829, -94.17339, -94.31526, -94.10845, -94.85098, -94.66372, -94.53628, -95.00245, -94.3214, -95.10125, -95.00006, -94.1494, -94.37557, -94.58979, -94.624, -94.68365, -94.68307, -95.18071, -93.98159, -94.54121, -94.63294, -94.53114, -94.29535, -94.99323, -95.14315, 
-94.4351, -94.488618, -95.1807, -94.31496, -94.05446, -95.18303, -94.90006, -94.02502, -93.82056, -94.46472, -94.41061, -93.80387, -93.04954, -92.80277, -92.46546, -92.8988, -93.0135, -91.67149, -91.73262, -92.95988, -92.81015, -92.91579, -92.39722, -92.45609, -92.309475, -92.66719, -92.66584, -92.744821, -92.90748, -92.33825, -92.21802, -92.66183, -92.9751, -92.16575, -93.0975, -92.41457, -92.06988, -92.20768, -92.30477, -92.70805, -93.13215, -92.21396, -92.70755, -92.80848, -92.78015, -91.91229, 
-92.79802, -92.46513, -91.89268, -92.46149, -92.473, -92.09319, -92.91099, -91.6572, -92.19383, -92.69186, -92.87985, -91.60941, -91.88645, -92.673819, -92.53473, -92.32323, -92.62664, -92.414422, -91.92182, -91.843639, -92.78183, -92.50295, -92.21818, -92.22915, -92.60686, -92.59746, -91.81038, -93.06747, -92.71138, -92.11188, -92.4828, -92.26368, -92.45984, -92.91453, -92.00735, -91.71229, -92.36382, -92.33578, -92.32418, -92.309475, -92.26657, -92.28275, -92.309475, -94.38448, -94.21128, -94.219334, 
-94.71131, -94.33067, -94.47619, -94.68361, -94.823088, -94.47102, -94.76142, -94.461622, -94.9015, -94.33601, -94.55679, -94.98414, -94.7643, -94.42424, -94.52311, -94.77195, -94.22607, -94.87537, -94.41573, -94.59728, -94.33102, -94.27107, -94.64762, -94.19272, -94.99017, -93.572173, -93.572173, -93.572173, -93.572173, -93.572173, -93.572173, -93.63, -93.66, -96.48967, -95.3188, -95.99636, -95.90784, -95.43137, -95.61045, -96.1881, -96.2687, -95.570082, -95.91108, -96.51603, -95.54919, -95.71139, 
-96.087523, -95.80529, -96.309509, -95.67654, -95.71998, -95.4187, -95.86981, -96.4709, -96.23855, -95.55529, -96.08298, -96.32512, -95.98619, -95.54106, -96.18789, -96.17167, -95.25334, -95.79109, -95.7903, -96.18713, -95.62735, -96.30291, -96.05563, -96.11875, -96.06156, -95.91104, -96.05654, -95.65772, -95.34343, -95.85556, -95.61438, -95.9482, -95.95294, -96.28232, -95.28976, -96.34194, -96.24606, -95.94724, -96.178616, -95.4558, -95.9662, -95.70185, -95.71945, -96.53712, -96.16648, -96.39562, 
-96.317951, -96.4293, -96.40292, -96.38003, -96.35291, -96.210839, -96.36139, -96.47647, -96.37617, -95.85888, -96.30802, -95.73297, -95.7969, -96.01511, -96.22202, -96.00036, -95.89855, -96.15012, -96.45816, -96.44319, -96.33334, -95.88832, -95.93448, -95.61476, -96.1663, -96.32412, -95.65409, -95.73876, -96.19039, -95.14466, -95.643435, -95.12861, -95.00965, -94.81524, -95.31854, -95.151095, -95.03657, -94.74138, -95.12714, -94.70471, -95.43752, -95.46787, -95.31637, -95.47513, -95.59597, -95.16337, 
-95.53675, -95.13802, -95.27482, -94.90006, -95.10892, -94.94569, -94.96903, -94.74784, -95.01145, -94.86786, -95.02441, -95.35615, -95.135602, -94.88642, -95.00487, -95.57938, -94.81453, -95.31482, -95.35379, -94.71141, -94.97547, -95.46823, -95.20173, -95.19538, -95.30928, -94.73571, -95.03061, -94.69246, -94.78449, -94.54041, -95.22158, -95.06939, -95.23551, -94.63292, -95.574593, -95.44924, -94.56409, -94.92775, -95.20261, -95.09307, -95.10711, -94.944563, -95.87447, -95.79752, -95.79062, -95.91398, 
-95.135861, -95.45818, -95.33881, -96.085, -95.4044, -95.87321, -95.34363, -95.49821, -95.61754, -95.42761, -95.0716, -95.13004, -95.38295, -95.73092, -95.13871, -95.36782, -95.29692, -95.49852, -95.39897, -95.84004, -95.08334, -95.10424, -96.03218, -95.78134, -95.644264, -95.62675, -95.44357, -95.87353, -95.58941, -95.11291, -95.5461, -95.69205, -95.90651, -96.02872, -95.99657, -95.86092, -95.64792, -95.39748, -95.80303, -95.49415, -95.58503, -95.90556, -95.52275, -95.22603, -95.46501, -95.62225, 
-95.78317, -95.09722, -95.44193, -95.61155, -95.68777, -95.20256, -95.3958, -95.71117, -95.156205, -95.587197, -95.36514, -95.149305, -95.149305, -95.21254, -95.00942, -95.03595, -95.21698, -95.11568, -95.27007, -95.47445, -95.66736, -95.42637, -94.88772, -95.36419, -95.7976, -95.54687, -95.56494, -95.024969, -95.60679, -95.67001, -95.76463, -95.156217, -90.6794, -90.75329, -90.68576, -90.804116, -90.59176, -90.47115, -90.81319, -90.99759, -91.18541, -91.34228, -90.63216, -91.55268, -90.86042, -91.12842, 
-91.26333, -91.3618, -91.40882, -91.32445, -90.92851, -91.00932, -91.35552, -91.25078, -91.19866, -91.34528, -91.11376, -90.96492, -90.6341, -91.252459, -91.07654, -91.45231, -90.67352, -90.3107, -91.10572, -90.95239, -90.816, -90.40762, -90.20261, -90.53879, -91.38723, -90.82532, -90.4557, -90.47987, -91.51505, -91.55738, -91.12294, -90.71627, -90.804116, -91.77187, -91.765621, -91.89585, -91.66528, -92.40092, -91.66064, -92.10263, -91.53338, -91.62785, -91.79794, -91.94764, -91.16405, -91.95858, 
-91.689862, -91.25436, -92.15576, -92.28859, -91.45842, -91.20377, -91.18417, -91.37925, -91.30746, -91.74913, -91.5526, -92.09219, -91.88949, -91.97807, -91.92847, -91.95204, -91.65943, -91.29941, -92.05255, -91.47755, -91.81803, -91.54755, -91.63859, -91.87512, -92.063603, -91.27531, -91.86755, -90.83793, -92.2727, -92.08549, -92.0019, -92.45012, -91.09397, -91.7792, -91.5075, -92.39359, -91.04567, -92.40188, -91.54024, -91.42313, -91.99748, -92.33182, -92.34104, -91.33937, -92.30485, -92.32398, 
-90.7392, -91.5666, -91.78792, -92.1509, -92.06066, -92.32815, -91.68102, -91.53532, -91.87587, -91.24208, -92.570891, -91.52019, -91.58676, -91.54143, -91.599974, -91.661901, -91.50834, -91.56058, -91.70969, -91.94174, -92.19669, -92.19199, -91.225836, -91.36209, -90.8085, -90.94316, -92.17163, -92.07684, -91.58262, -91.35217, -91.25428, -91.91522, -92.15933, -90.8869, -91.19335, -91.24671, -92.10136, -91.43684, -91.96896, -92.09326, -91.61238, -91.90704, -91.599974, -91.14736, -91.00372, -91.76183, 
-90.95702, -91.8005, -91.91805, -91.75917, -91.56899, -91.66287, -91.84325, -91.49604, -91.88379, -91.50849, -91.94243, -92.05579, -91.44072, -91.14794, -91.68552, -92.58225, -91.66955, -91.72605, -92.57177, -91.599215, -91.87908, -92.08308, -92.29288, -92.38059, -92.01595, -91.385047, -91.83532, -91.77461, -91.69743, -91.9818, -92.17863, -91.85354, -91.33428, -91.81527, -92.01394, -91.00591, -91.65912, -91.65231, -91.61409, -91.68819, -91.70835, -91.777472, -91.599215, -91.599215, -91.599215, -91.599215, 
-91.72511, -91.599215, -91.599215, -91.599215, -92.41741, -92.30407, -92.7984, -92.15955, -92.68082, -91.97867, -92.62879, -92.44441, -92.408679, -91.82082, -92.0662, -92.51977, -92.88994, -92.52863, -92.92738, -92.34521, -92.13296, -92.56458, -92.64227, -92.22521, -92.83592, -91.95, -91.96821, -92.24785, -92.43864, -92.24888, -92.28491, -91.96126, -92.49948, -92.07173, -92.25004, -93.02537, -92.162, -92.84446, -92.68369, -91.93352, -92.96436, -92.1148, -92.65534, -92.09695, -93.04963, -93.14736, 
-92.24541, -91.98027, -92.46875, -92.13113, -93.1281, -92.19641, -92.73565, -92.6867, -92.61893, -91.11911, -91.57544, -91.8051, -91.53273, -91.33459, -91.33664, -91.57393, -91.72385, -91.33866, -91.74754, -91.60716, -91.40001, -91.75175, -91.13674, -91.25499, -91.43864, -91.27859, -91.57195, -91.692312, -91.39992, -91.39965, -91.01429, -91.54559, -91.415648, -91.61691, -91.16545, -91.81242, -91.54664, -91.17035, -91.66882, -91.17849, -91.47271, -91.478305, -91.23415, -91.44152, -91.29172, -90.25171, 
-90.754327, -91.15931, -90.96586, -90.48975, -90.77596, -90.32975, -90.73252, -90.75572, -90.28869, -90.47705, -90.21539, -90.519519, -90.18, -90.519519, -91.37449, -91.3677, -91.36693, -90.52951, -90.77717, -90.68748, -90.91015, -90.56866, -91.12994, -90.41181, -90.67008, -91.18897, -90.35986, -91.24664, -91.43307, -90.53286, -90.35223, -90.44392, -90.808767, -91.08369, -91.00612, -90.86944, -91.31035, -90.4191, -90.37338, -90.8469, -90.218704, -91.13361, -90.75849, -90.59624, -91.26586, -90.86097, 
-91.00644, -90.57503, -90.61672, -90.56223, -90.61964, -90.606284, -90.60303, -90.53924, -90.606284, -90.606284, -90.682257, -88.03047, -88.36432, -88.51649, -87.86211, -88.09478, -88.51089, -88.06893, -88.302997, -88.494357, -88.2653, -88.08008, -87.99794, -87.84597, -88.17626, -87.76689, -88.71989, -88.26177, -88.39844, -88.32233, -88.01085, -87.98908, -88.12043, -88.10103, -87.94573, -87.618716, -88.37332, -88.34737, -87.915705, -88.62795, -88.2396, -88.60135, -88.53606, -88.5739, -88.17011, -88.77595, 
-88.70876, -88.19215, -88.00285, -87.78303, -88.1503, -88.16124, -88.62873, -88.44594, -88.28802, -88.53911, -88.11034, -88.302997, -88.30975, -88.25436, -88.40276, -88.52623, -88.062338, -88.09962, -88.223131, -87.7766, -88.302997, -88.56586, -88.48935, -88.43771, -87.80364, -88.268, -87.98005, -87.88001, -87.99094, -88.20144, -88.45169, -88.18164, -87.95887, -87.72893, -87.618716, -87.75664, -87.83406, -88.27907, -88.30106, -88.22641, -88.17879, -88.43299, -87.95085, -87.94735, -88.73058, -88.18026, 
-88.00914, -88.70634, -88.704914, -87.662878, -88.079983, -88.20955, -88.04908, -88.28132, -87.94293, -88.144386, -87.86101, -88.74978, -88.6383, -88.47085, -88.47117, -88.40435, -88.54214, -88.0842, -88.56234, -87.96609, -88.374455, -88.33443, -87.99839, -88.05121, -88.00891, -88.594815, -88.66382, -88.541721, -88.12599, -87.82979, -87.662878, -87.87878, -87.83043, -87.87617, -88.15414, -88.45828, -88.35965, -88.34409, -88.12464, -88.09438, -88.232632, -88.40501, -87.8992, -88.58987, -88.358167, 
-87.87201, -88.296914, -88.22308, -88.12444, -88.17065, -87.903161, -87.86395, -88.41179, -87.91692, -88.59572, -88.13454, -88.25761, -88.04658, -88.37771, -88.59862, -88.19409, -88.20924, -88.302997, -88.26852, -88.264, -88.73279, -88.54021, -88.18285, -87.662878, -88.48262, -88.56557, -88.17, -87.958409, -87.9005, -87.91548, -87.92625, -87.93473, -87.93476, -87.89998, -87.96618, -87.94727, -87.97423, -87.8859, -87.9103, -88.00012, -88.01273, -87.94343, -87.9749, -87.90894, -87.99436, -87.99213, 
-87.99141, -87.9457, -88.02823, -87.98717, -88.04032, -88.04121, -88.04239, -88.03717, -88.03798, -87.93373, -87.569664, -87.87452, -87.569664, -87.91, -87.985595, -87.913934, -88.06044, -87.909834, -87.909584, -87.903634, -87.569664, -87.902384, -87.902384, -87.957786, -87.957786, -87.569664, -87.569664, -87.909784, -87.914034, -87.919135, -87.569664, -87.675979, -87.79747, -87.80062, -87.80534, -87.82424, -87.85827, -87.782818, -87.675979, -88.782526, -87.675979, -89.070448, -89.44315, -89.92545, 
-89.85736, -88.82547, -90.28594, -89.90117, -89.55461, -90.31984, -89.04291, -89.072779, -89.7438, -89.85943, -89.83672, -90.59683, -89.37364, -89.40088, -89.79624, -89.02274, -88.85412, -90.33452, -89.1967, -89.64371, -89.53605, -90.10983, -89.09349, -89.33659, -90.14404, -89.07223, -90.133932, -89.2802, -89.20998, -88.84813, -90.2935, -90.02605, -89.15942, -90.35954, -89.92864, -89.04277, -88.99528, -89.030111, -89.07, -88.79321, -89.49397, -88.90838, -90.28554, -90.42574, -89.56074, -90.23909, 
-88.79719, -89.28954, -89.07464, -89.78012, -89.69418, -89.51106, -88.95595, -90.1745, -89.64037, -90.43855, -89.61455, -89.35853, -89.73647, -90.45655, -89.64075, -89.38478, -89.24268, -90.07619, -89.74928, -88.86721, -90.37608, -90.40776, -89.97928, -89.76912, -90.287566, -88.7226, -90.23935, -89.9026, -90.07267, -89.22432, -89.2253, -89.423861, -89.55543, -88.97553, -90.141299, -89.26288, -89.45408, -89.34203, -89.862202, -88.079487, -90.26952, -89.423861, -89.423861, -89.37727, -89.34968, -89.45049, 
-89.40774, -89.423861, -89.423861, -89.423861, -89.423861, -89.44499, -89.39154, -89.31786, -89.40024, -89.32085, -89.51992, -89.2704, -89.50531, -89.423861, -89.423861, -89.423861, -89.4, -89.423861, -89.423861, -89.324196, -89.423861, -89.423861, -89.285235, -89.338447, -89.423861, -89.423861, -89.423861, -89.37632, -89.423861, -89.423861, -89.423861, -89.423861, -89.423861, -89.423861, -91.09378, -90.936354, -90.36783, -90.91222, -90.69831, -90.95124, -90.44812, -90.5939, -90.63483, -90.9931, 
-90.49997, -90.791337, -90.70167, -90.85263, -90.97564, -90.48625, -90.69309, -91.11838, -90.791337, -90.56703, -90.90828, -90.82292, -90.340446, -89.47101, -89.80722, -89.36681, -89.74753, -88.84058, -88.704914, -88.78585, -89.59309, -88.71347, -89.13762, -90.26902, -89.04091, -89.19684, -89.941771, -89.14912, -90.2853, -89.48924, -88.86812, -89.05837, -88.90158, -89.85287, -89.06787, -89.70736, -90.15726, -89.12856, -89.79306, -90.13608, -90.161478, -90.04308, -89.89911, -89.02574, -89.1405, -90.0566, 
-89.34061, -90.13777, -89.84489, -89.60323, -89.45736, -89.32342, -89.4171, -89.01137, -89.006845, -89.95589, -89.99183, -89.24134, -89.93827, -90.26578, -88.7351, -89.49412, -89.78104, -90.24377, -89.30897, -90.274101, -89.404154, -92.37857, -92.37326, -92.44657, -92.13016, -92.22901, -92.64165, -92.37018, -92.60246, -92.465532, -92.46651, -92.28686, -92.18504, -92.548, -92.44589, -92.71996, -92.53691, -92.64222, -92.77958, -92.61729, -92.5478, -92.62088, -92.6819, -92.53507, -92.18637, -92.27961, 
-90.478904, -88.418643, -90.712433, -88.72588, -92.74248, -88.04535, -88.08108, -88.48292, -88.25278, -88.45746, -88.45159, -88.07449, -88.4018, -88.0547, -88.312, -88.1504, -88.07896, -88.17458, -88.43264, -88.27342, -88.15899, -88.37822, -88.33667, -88.05059, -88.26895, -88.79585, -88.19443, -88.25922, -88.464873, -88.59535, -88.33656, -88.25467, -88.47583, -88.06843, -88.31001, -88.00712, -87.64929, -88.51121, -88.85947, -87.96996, -88.46717, -87.89935, -88.16446, -88.18008, -87.95018, -87.77449, 
-87.80061, -88.09784, -88.16811, -88.24208, -88.31075, -88.60636, -88.27525, -88.56461, -88.10117, -88.03732, -88.37913, -88.61753, -87.87769, -88.16205, -88.369842, -87.46502, -87.13196, -87.483874, -87.64628, -87.62271, -87.801108, -87.98331, -87.79747, -87.28234, -87.04561, -87.16796, -87.24154, -87.51197, -87.71974, -87.79943, -87.54429, -87.71413, -87.68919, -87.599031, -87.006012, -87.79026, -87.64866, -87.81553, -87.9131, -87.92456, -87.11618, -87.38044, -87.62239, -87.58613, -91.210194, -87.90026, 
-86.89946, -87.79109, -88.01674, -87.97947, -88.04482, -88.06318, -88.007382, -88.007382, -88.007382, -87.805912, -87.041244, -87.92232, -88.10326, -88.007382, -92.324516, -88.111252, -92.398168, -91.959307, -89.6693, -89.7701, -89.59209, -90.02136, -90.30486, -89.30618, -89.30422, -89.28376, -89.13388, -90.04317, -90.01829, -89.9943, -90.12791, -89.16252, -89.918563, -88.95511, -89.64609, -88.96427, -90.329035, -90.36605, -90.30657, -90.44176, -89.42139, -89.20118, -90.33146, -89.9777, -89.23917, 
-89.13837, -89.247809, -88.88498, -90.352237, -89.7701, -90.81846, -90.484132, -89.43748, -90.44622, -90.62639, -90.484132, -89.37414, -90.10523, -89.67087, -89.74163, -89.032136, -90.48248, -90.7324, -89.83699, -90.18152, -89.047379, -90.40527, -89.70469, -89.87223, -89.69066, -90.61457, -89.88239, -89.310944, -90.26806, -90.53973, -89.0051, -89.17824, -89.032136, -88.88706, -90.24246, -89.54399, -89.86368, -90.16658, -89.44139, -90.02136, -89.33596, -89.61922, -89.79403, -89.57937, -90.33179, -90.29794, 
-89.55621, -89.54, -90.06026, -89.20073, -89.04525, -89.73162, -90.32891, -89.99623, -90.40218, -88.74259, -89.528584, -90.79351, -89.78761, -89.90771, -90.63063, -89.18442, -89.39408, -88.81274, -89.66605, -90.13535, -90.44778, -90.50935, -90.93065, -89.28591, -88.9105, -89.24825, -90.41709, -90.22247, -90.85944, -90.64288, -89.68877, -90.73047, -89.79791, -89.735524, -90.21811, -90.33543, -90.61228, -89.90731, -89.57988, -89.36592, -88.6624, -88.68929, -89.52525, -89.83996, -90.70102, -90.05754, 
-89.79346, -90.25072, -89.769399, -90.34311, -89.08234, -90.40013, -90.31571, -89.73707, -89.4897, -90.45101, -89.52565, -89.4516, -89.10942, -90.98354, -89.96658, -90.4354, -88.67339, -89.68496, -91.21141, -91.167621, -91.24922, -91.85287, -90.93859, -91.48885, -89.90838, -90.97441, -90.80066, -91.23075, -90.29445, -90.78473, -90.842289, -91.08195, -91.83124, -91.02348, -91.15949, -91.52601, -91.05946, -91.25737, -91.0025, -91.67722, -91.35965, -90.83048, -91.16957, -90.40896, -91.04608, -91.2512, 
-90.27423, -90.37609, -90.62108, -91.05429, -90.049489, -91.04558, -90.635831, -91.06484, -90.9287, -90.07117, -90.62066, -90.361161, -91.22963, -90.56934, -90.76116, -90.91873, -90.959, -90.76632, -90.80796, -90.8911, -91.19665, -91.11676, -90.48416, -91.4513, -90.562005, -90.65131, -90.89904, -90.43289, -90.85562, -91.08847, -90.49044, -91.071758, -91.48065, -91.285931, -91.50521, -91.43963, -92.07828, -91.12509, -92.44607, -91.48415, -92.02641, -91.02282, -91.16181, -91.64173, -91.38877, -91.73021, 
-91.04968, -91.17005, -91.85084, -92.12453, -91.90344, -91.92402, -91.99704, -91.48873, -91.69231, -92.1517, -90.98854, -91.29172, -91.806396, -91.881754, -91.1559, -90.89542, -91.47913, -91.2563, -92.08073, -92.30798, -91.92915, -90.79473, -91.68767, -91.95785, -91.52127, -91.21713, -92.14053, -91.20833, -92.17732, -91.99273, -91.88073, -91.90344, -91.699794, -90.89376, -92.25937, -90.93012, -92.23721, -91.38753, -90.79784, -91.89724, -91.30948, -91.294397, -91.94361, -92.02914, -90.89707, -92.40153, 
-91.86337, -92.01923, -90.85401, -91.143254, -91.54526, -91.848206, -91.29437, -91.55208, -91.13997, -91.72727, -92.52701, -92.17646, -91.10944, -91.25765, -92.05004, -92.21802, -91.29643, -91.47648, -91.23317, -92.21831, -92.42153, -91.81795, -91.14425, -92.67182, -91.77624, -91.84824, -91.35255, -91.21312, -92.13692, -90.74865, -91.37996, -91.105, -91.67634, -90.73209, -92.521938, -92.45652, -91.6952, -90.81506, -91.10883, -91.60046, -92.46971, -91.84389, -90.65361, -91.13603, -91.712017, -91.8074, 
-91.39611, -91.22193, -91.72638, -91.77498, -91.99048, -92.39152, -91.71166, -91.95129, -91.67526, -91.47902, -92.09474, -90.967711, -91.87907, -92.15619, -91.921631, -90.93744, -92.29416, -91.42678, -90.94323, -88.53528, -88.54699, -88.644873, -88.61324, -88.644873, -89.36002, -88.39445, -88.464873, -88.40492, -88.4383, -88.37783, -88.464873, -89.54673, -88.74381, -88.95413, -89.016622, -88.65531, -88.88507, -88.74673, -89.52124, -88.464873, -88.6258, -88.70686, -88.84108, -88.4281, -88.522984, 
-88.48704, -88.84998, -88.97443, -88.53557, -89.57305, -88.6167, -89.13383, -89.146258, -88.68846, -88.87123, -88.91625, -88.89693, -88.464873, -88.40959, -88.48273, -88.678863, -89.22575, -88.75521, -89.03101, -88.7627, -88.72654, -89.04218, -89.51227, -88.99443, -89.13955, -88.775457, -89.09788, -88.84494, -88.66261, -88.915027, -89.11271, -89.15371, -88.9006, -88.52573, -88.77247, -89.11499, -89.29417, -88.9404, -89.20231, -88.51758, -88.73155, -88.915027, -92.81904, -92.894239, -92.78039, -93.23584, 
-93.19781, -93.1044, -93.24381, -92.89402, -93.15353, -93.27434, -92.80597, -92.88864, -93.14463, -92.93739, -93.42013, -93.00089, -93.23269, -93.36011, -93.28732, -93.15222, -92.9911, -92.33216, -92.63312, -93.201107, -93.11924, -92.98548, -93.01179, -92.86147, -93.11852, -92.79349, -92.99596, -93.27947, -92.2948, -92.90939, -92.77001, -93.26654, -92.83551, -93.42243, -92.81649, -93.23924, -93.29452, -93.43992, -93.05543, -93.354267, -93.00187, -92.97816, -93.16623, -93.22716, -92.95813, -93.02959, 
-92.53637, -92.718004, -93.13437, -92.96843, -93.37005, -92.99254, -92.71377, -92.83001, -92.7278, -93.04546, -93.03528, -93.06893, -92.894239, -93.02829, -93.21439, -92.82581, -92.983726, -92.68321, -92.96823, -93.39305, -93.38713, -92.70293, -92.95703, -93.06834, -93.08397, -93.12049, -93.12261, -93.15922, -93.16554, -93.05001, -93.08876, -93.17489, -93.01845, -93.01146, -93.200671, -93.19335, -93.15536, -93.19581, -92.95762, -93.17459, -93.10666, -93.10026, -93.00616, -93.14538, -93.14431, -93.19871, 
-93.13378, -93.20624, -92.94234, -93.1353, -93.0828, -92.96532, -92.90241, -93.08, -93.105869, -93.105869, -93.105869, -93.082793, -93.16415, -93.095518, -93.105869, -93.106593, -93.105869, -93.105869, -93.105869, -93.105869, -93.105869, -93.105869, -93.105869, -93.105869, -93.105869, -93.105869, -92.202829, -93.105869, -93.105869, -93.105869, -93.105869, -93.105869, -93.084687, -93.66261, -94.11692, -93.418, -93.28652, -93.43346, -93.28909, -94.10728, -93.85017, -93.74294, -94.8845, -93.48757, -94.33922, 
-93.85441, -94.60782, -93.65619, -93.38452, -93.54487, -93.6105, -93.92956, -94.0599, -94.18748, -93.77839, -93.47188, -94.40368, -94.31758, -93.47612, -93.79591, -94.56778, -93.58117, -93.58278, -94.71718, -94.8735, -94.21773, -94.53092, -94.17294, -93.27302, -94.01337, -93.9577, -93.56455, -93.66369, -94.72447, -93.40857, -93.42557, -93.48443, -93.4869, -93.46031, -93.398727, -94.07175, -94.38604, -93.6133, -94.32528, -94.05846, -94.52868, -93.58388, -93.65053, -94.00289, -93.69319, -93.89981, 
-93.592735, -93.80774, -93.92085, -93.66038, -93.888099, -94.229311, -93.97154, -93.91666, -93.43183, -94.04714, -93.57644, -93.42139, -93.73548, -93.57104, -93.7439, -93.67618, -93.815434, -93.3722, -93.52556, -93.979766, -94.18802, -94.19821, -93.766524, -93.62868, -94.49346, -93.66341, -93.78514, -93.84467, -94.43811, -93.97836, -93.52912, -93.47188, -93.888099, -93.766524, -94.05525, -94.36811, -93.92368, -93.57873, -93.766524, -93.27137, -93.27053, -93.28557, -93.26179, -93.30273, -93.22082, 
-93.25424, -93.28742, -93.28362, -93.31947, -93.29823, -93.30337, -93.24927, -93.23003, -93.25941, -93.34215, -93.23662, -93.24304, -93.29012, -93.27657, -93.25007, -93.33965, -93.28124, -93.34045, -93.2449, -93.37795, -93.38223, -93.37702, -93.34155, -93.29977, -93.30982, -93.25336, -93.3195, -93.2531, -93.33487, -93.37056, -93.34422, -93.38212, -93.37021, -93.47188, -93.42421, -93.42892, -93.33988, -93.30461, -93.3789, -93.47988, -93.49262, -93.29635, -93.20001, -93.20847, -93.24327, -93.23588, 
-93.47188, -93.47188, -93.47188, -93.26, -93.47188, -93.47188, -93.47188, -93.766524, -93.47188, -93.47188, -93.47188, -93.47188, -93.47188, -93.47188, -93.47188, -93.47188, -93.47188, -93.47188, -93.546333, -93.766524, -93.766524, -93.766524, -93.766524, -93.766524, -93.766524, -93.766524, -93.766524, -93.766524, -93.766524, -93.766524, -93.766524, -93.766524, -93.766524, -93.766524, -93.888099, -93.766524, -93.766524, -93.766524, -93.47188, -93.47188, -93.47188, -93.47188, -93.47188, -93.47188, 
-93.47188, -93.47188, -93.47188, -93.47188, -93.47188, -93.888099, -93.888099, -93.888099, -93.766524, -93.888099, -93.888099, -93.888099, -93.888099, -93.880245, -93.888099, -93.888099, -93.888099, -93.888099, -93.47188, -93.766524, -93.47188, -93.47188, -93.47188, -93.47188, -93.47188, -91.29977, -91.87839, -91.20122, -90.54659, -89.73735, -90.01705, -91.52953, -93.113155, -91.78525, -90.63836, -90.95917, -91.25765, -90.81276, -91.66464, -92.687947, -92.442797, -92.63972, -92.76689, -92.76706, 
-92.24109, -91.91856, -92.62697, -92.34084, -93.38998, -92.66189, -92.65082, -92.57886, -92.77783, -92.780293, -93.27581, -92.46078, -92.48477, -92.87637, -92.48612, -93.66491, -93.43112, -92.77077, -92.41048, -92.61519, -92.87081, -93.64059, -93.921429, -91.91712, -92.23909, -92.36434, -92.51331, -93.04462, -92.90614, -92.65485, -92.40533, -93.13179, -93.52599, -93.921429, -92.94228, -92.442797, -93.60042, -92.40766, -92.0706, -92.63067, -93.2632, -93.07651, -92.59795, -92.92803, -92.74026, -93.28391, 
-92.409999, -92.20091, -93.30077, -92.75843, -92.412343, -92.7699, -92.66548, -93.1645, -92.80495, -93.083438, -93.20693, -92.442797, -93.133317, -92.44913, -92.69235, -93.05481, -92.23977, -92.82748, -93.20456, -93.70721, -93.38487, -93.13241, -92.3247, -92.442797, -92.53371, -93.26881, -92.84315, -91.79943, -92.41983, -92.96594, -92.001934, -92.09206, -92.10105, -91.98342, -92.09568, -92.12718, -92.16969, -92.2276, -92.24355, -92.18242, -92.07319, -92.442797, -92.442797, -92.442797, -92.49459, 
-92.49166, -92.540929, -92.42937, -92.466826, -92.44427, -92.72645, -91.95965, -92.97908, -93.07546, -92.86434, -91.29057, -92.6388, -91.48667, -91.90736, -92.1606, -93.01627, -91.39015, -92.70852, -92.86903, -92.14213, -91.46635, -92.28314, -92.70596, -92.24856, -92.12889, -92.57812, -92.04994, -92.80894, -91.36126, -91.68187, -91.57534, -92.75013, -92.04934, -92.9651, -91.33919, -91.95965, -92.96929, -92.51616, -91.84932, -92.96466, -91.89429, -92.75616, -92.53501, -92.29074, -91.74422, -92.53706, 
-92.46452, -91.8453, -92.65482, -92.17048, -92.12329, -92.50425, -92.282467, -91.84612, -92.83756, -91.75117, -92.06276, -92.7799, -91.65004, -92.37242, -92.49849, -92.65902, -92.178277, -91.95325, -92.04204, -92.87749, -92.79816, -92.89357, -91.65106, -91.77304, -92.26493, -92.41336, -92.68312, -93.99388, -94.069828, -94.04244, -94.069828, -93.36916, -93.55598, -94.20634, -93.76906, -94.10129, -93.81676, -93.33357, -93.80077, -94.88998, -93.53072, -94.31424, -94.83877, -94.01341, -93.86918, -93.90534, 
-93.2917, -94.09837, -93.68716, -93.51768, -94.605226, -94.45856, -93.56339, -93.93826, -94.18186, -93.26713, -93.21987, -94.05231, -94.33773, -94.5238, -93.49143, -93.224, -93.95354, -93.18959, -93.274017, -94.228897, -93.71255, -93.95806, -93.71308, -93.57071, -94.37742, -94.23883, -94.57143, -93.72583, -93.90513, -94.43935, -94.4211, -93.81923, -93.45161, -93.92866, -93.81718, -93.56982, -93.57848, -93.53178, -94.46149, -94.19561, -94.43584, -93.11918, -93.77764, -93.85663, -94.63345, -93.99282, 
-95.13348, -94.738827, -94.73426, -94.98313, -94.4436, -93.42694, -94.22403, -93.69492, -93.5103, -93.5884, -93.71837, -94.18016, -95.13275, -95.93973, -94.8715, -96.17095, -95.6128, -95.9021, -96.3866, -95.69138, -95.02938, -95.46946, -94.79571, -94.62877, -95.95855, -95.59321, -95.549899, -95.523182, -94.77432, -96.1285, -95.90691, -96.052227, -95.59378, -95.75998, -96.22202, -94.430518, -96.41157, -95.34591, -96.36669, -96.18168, -96.36802, -95.77444, -96.23, -95.00447, -96.39022, -95.18517, -96.252794, 
-96.06591, -96.30822, -95.19501, -95.91403, -95.28014, -96.0186, -95.94459, -96.2303, -95.92771, -96.06011, -94.93058, -94.77124, -95.32545, -94.68446, -96.32473, -95.7032, -95.3633, -95.38554, -95.80946, -95.98835, -96.07363, -94.74357, -95.75803, -96.24301, -95.30674, -95.62371, -94.72593, -96.25132, -96.12408, -95.46821, -94.61716, -95.41116, -95.82563, -96.07063, -95.59604, -95.04504, -96.06453, -96.00539, -94.79069, -96.558886, -96.6879, -96.32855, -95.33465, -95.57247, -95.05923, -95.94042, 
-96.81833, -96.2921, -96.1897, -95.36594, -95.8183, -95.06695, -96.44694, -95.69334, -96.16888, -94.67563, -95.70555, -95.09671, -95.7711, -96.04823, -96.01767, -96.39608, -95.43173, -95.89576, -96.45916, -95.56737, -94.68641, -95.78157, -95.65028, -94.83013, -96.13895, -95.8996, -94.91976, -95.30198, -94.88831, -95.42013, -96.19573, -96.40968, -95.77281, -95.48031, -95.86913, -95.54999, -95.98153, -95.7066, -94.91902, -95.9092, -94.98994, -95.42422, -94.99921, -96.24441, -96.32641, -94.99624, -96.40032, 
-95.17748, -96.16532, -95.17628, -95.22418, -95.12732, -95.20682, -95.35045, -96.054791, -95.32579, -94.95001, -95.22335, -96.06801, -95.45228, -95.25784, -95.21378, -95.82794, -96.47706, -95.55359, -94.20649, -94.643922, -94.19251, -94.11303, -94.58257, -95.38287, -95.80539, -94.44973, -95.88297, -94.96697, -93.55343, -94.42539, -95.5942, -95.13636, -94.208731, -94.67459, -95.27033, -94.42511, -94.419941, -95.72642, -95.90465, -94.94661, -95.68104, -95.60302, -94.52834, -93.90417, -93.73102, -94.67303, 
-95.50754, -94.05629, -95.35104, -94.85864, -94.76247, -93.9153, -95.81104, -94.45647, -95.541618, -93.45729, -95.66742, -94.208731, -94.37183, -94.8582, -95.52504, -93.26096, -94.81417, -93.63247, -95.28168, -95.23965, -94.75466, -93.80256, -93.44162, -93.66983, -95.10486, -95.33754, -94.70519, -93.646503, -94.08461, -93.899486, -94.18176, -94.52597, -94.33862, -94.63552, -94.593338, -94.26434, -94.32974, -94.27609, -94.66271, -94.20959, -94.97236, -94.13838, -95.55201, -94.62373, -94.57067, -95.21433, 
-93.51986, -94.22429, -93.84788, -95.08213, -94.593338, -94.593338, -94.593338, -94.593338, -94.593338, -94.593338, -94.16289, -94.27017, -94.641872, -93.66458, -94.633724, -94.70512, -94.93781, -94.50471, -94.68589, -95.06222, -94.83088, -94.95278, -93.98055, -94.10686, -94.6196, -93.89064, -95.07071, -93.94205, -94.07246, -94.29254, -93.8155, -94.4646, -95.14567, -93.99978, -94.33651, -94.97109, -94.251926, -95.265379, -94.84475, -95.09659, -94.11071, -94.63849, -94.85013, -94.28917, -93.5203, 
-95.06581, -94.29986, -94.4846, -94.38716, -94.50864, -95.01222, -94.900729, -94.80503, -94.95748, -95.14289, -95.137497, -94.53347, -95.8518, -95.678375, -95.997757, -96.51915, -95.99585, -96.54727, -96.42891, -95.70975, -95.98766, -96.53492, -95.25532, -96.51487, -96.54888, -95.87008, -96.40019, -96.80408, -95.61543, -96.74693, -95.31644, -95.79661, -96.70242, -95.96704, -96.15831, -96.01013, -96.03701, -96.53933, -96.06798, -95.713452, -96.26954, -96.469194, -95.73784, -96.33238, -95.62935, -96.2396, 
-96.74309, -96.56301, -96.78265, -96.30781, -96.76456, -95.45375, -96.23607, -96.62429, -96.10974, -95.88214, -95.87672, -96.75367, -96.506156, -96.506156, -96.506156, -96.31772, -95.61749, -95.38106, -96.78313, -95.84166, -95.36174, -95.559, -96.0663, -95.55911, -96.72953, -95.43451, -95.69675, -95.678375, -95.66842, -96.34149, -96.63715, -96.78723, -96.40019, -96.24825, -96.24725, -95.84679, -95.83042, -95.5305, -95.74517, -96.13988, -95.678375, -96.00853, -95.391968, -96.66702, -94.87105, -94.822154, 
-95.41337, -94.54953, -94.245, -93.80726, -93.58773, -94.17684, -94.5319, -93.921429, -94.58834, -95.42809, -93.84832, -93.83267, -93.50758, -94.23203, -93.515456, -95.5078, -95.64403, -94.61868, -93.38142, -94.55748, -95.64614, -95.22132, -93.56367, -93.83554, -94.21508, -93.62929, -93.755536, -94.05089, -94.20965, -94.18727, -93.94081, -94.44806, -94.87594, -94.91254, -93.29771, -93.14296, -94.93168, -95.14362, -94.02951, -95.09004, -95.21527, -95.11397, -93.755536, -93.94631, -94.24098, -95.747559, 
-94.71889, -95.69895, -94.51934, -94.91418, -94.99344, -93.93298, -96.1793, -96.9986, -95.03571, -96.74918, -96.79448, -96.01816, -95.97713, -96.58055, -96.89632, -96.98774, -96.66654, -96.83308, -95.74148, -95.82013, -96.20637, -95.47515, -96.95434, -96.59592, -97.09566, -96.47578, -96.92156, -96.63392, -96.68027, -96.1539, -96.06973, -96.32534, -96.812921, -94.84003, -95.84846, -97.11882, -96.02739, -96.29033, -95.75167, -96.20491, -97.13949, -95.51436, -96.83465, -96.5018, -96.07014, -96.44919, 
-95.6602, -96.74207, -95.33831, -77.04, -77.03, -77.03, -76.99, -77.04, -76.99, -76.99, -77.03, -77.03, -77.03, -76.99, -96.63848, -96.67784, -96.74702, -96.79091, -96.58362, -96.7906, -96.790705, -96.8163, -97.25757, -96.60442, -96.9563, -96.97587, -96.95926, -96.81166, -96.96107, -96.81757, -96.99369, -96.70684, -96.65717, -96.69785, -96.5166, -96.51982, -96.58896, -97.47022, -96.54332, -97.18884, -96.67817, -96.95463, -96.51959, -97.07195, -97.15149, -97.24905, -96.57657, -96.87487, -97.58708, 
-96.86695, -97.134, -97.29026, -97.08438, -97.53946, -97.2884, -97.21919, -97.18706, -96.49955, -97.00957, -97.34057, -97.7082, -97.13198, -97.23971, -96.73032, -96.558738, -96.95951, -97.38526, -97.74525, -97.04171, -97.93431, -97.68587, -96.84498, -96.65524, -97.86353, -97.48749, -96.48692, -96.94651, -97.13077, -96.93911, -97.2048, -97.0545, -96.46401, -96.96892, -97.36611, -96.76115, -97.40958, -97.390268, -96.69063, -96.69527, -96.7324, -96.73297, -96.80375, -96.80101, -96.72258, -96.79134, 
-96.65801, -96.868464, -96.79134, -96.79134, -96.7, -96.79134, -96.79134, -96.79134, -96.79134, -96.79134, -96.79134, -96.79134, -96.79134, -96.79134, -97.11346, -97.188372, -97.358948, -97.13878, -96.51511, -97.20668, -96.5024, -97.688, -96.5922, -97.78645, -96.91759, -97.46092, -97.01425, -97.15011, -97.74574, -96.69548, -96.64746, -97.471509, -97.57442, -97.36164, -97.42038, -96.90648, -97.31065, -97.58996, -96.5007, -96.85949, -97.3198, -97.21584, -97.35251, -97.43149, -97.23974, -96.91932, -96.66287, 
-97.42649, -97.18354, -97.35081, -96.9274, -96.6092, -96.839235, -96.91988, -97.19567, -97.02057, -97.92375, -96.55366, -96.7185, -97.54435, -97.04528, -97.03365, -96.79467, -96.78889, -97.10544, -96.68409, -96.79342, -97.37321, -97.50123, -97.47891, -97.2924, -97.54052, -96.63173, -97.68489, -96.82332, -98.03185, -96.806422, -97.76631, -98.3734, -98.35489, -98.00076, -98.04587, -98.97227, -97.45467, -97.54046, -97.97146, -97.7152, -98.04565, -99.29864, -99.131736, -98.44031, -98.16211, -98.16163, 
-98.04772, -97.63714, -97.99713, -98.74998, -97.79178, -99.43287, -97.8416, -99.01332, -98.69907, -98.61919, -99.44519, -99.45466, -97.607194, -98.37219, -97.56056, -98.20936, -97.82982, -97.756924, -98.96882, -98.51408, -98.427173, -98.42594, -98.14931, -98.4172, -99.03397, -98.2555, -98.61012, -99.38782, -97.94713, -98.53232, -98.47215, -98.89387, -99.15712, -99.22041, -98.8941, -97.60039, -98.46986, -97.94616, -98.52872, -98.29838, -98.71147, -98.63556, -98.70407, -98.47279, -98.28766, -97.98222, 
-98.279548, -98.49646, -98.352014, -99.257022, -100.12424, -97.92723, -97.92959, -98.52375, -98.50795, -98.30102, -99.67824, -98.319296, -97.73978, -98.01846, -98.31005, -98.08986, -98.92417, -98.08876, -99.62497, -99.1345, -98.083721, -98.27191, -98.51539, -100.05209, -98.317734, -98.13416, -98.18814, -99.44937, -98.21765, -99.84288, -99.02218, -99.88459, -97.76274, -99.76851, -98.94361, -99.15407, -98.65019, -98.42497, -98.77372, -98.65671, -99.48135, -99.11828, -97.78571, -98.5409, -98.86967, 
-99.3053, -100.04843, -99.50178, -98.27899, -99.62537, -98.61569, -98.14355, -98.46429, -98.62274, -100.29145, -100.11167, -101.26996, -99.99188, -99.28191, -100.19302, -99.76123, -99.5615, -100.52716, -100.43382, -99.42096, -99.7528, -99.77535, -101.12947, -99.16628, -99.61724, -99.93186, -99.48175, -101.52963, -99.81529, -101.51685, -99.54871, -101.65737, -101.19002, -101.63569, -100.64693, -100.529517, -100.74257, -101.16474, -101.00351, -100.38868, -100.04014, -101.077412, -101.05768, -101.71251, 
-100.0569, -99.57459, -100.90791, -99.09765, -100.94904, -101.3747, -100.2916, -101.67309, -99.81844, -100.77982, -99.97143, -100.09039, -100.38483, -100.45819, -102.5039, -101.07093, -101.53458, -101.63974, -101.18538, -102.02661, -101.20322, -101.568656, -100.879214, -100.28391, -100.1001, -101.44983, -101.85821, -101.42207, -102.11476, -101.154581, -102.70446, -101.318, -100.77282, -101.154581, -102.13021, -101.7111, -100.09434, -100.879214, -100.28995, -102.85815, -103.01489, -103.14501, -100.56202, 
-102.25384, -101.0562, -100.88176, -100.51908, -101.154581, -101.48462, -100.85342, -101.354116, -98.928401, -102.101218, -103.284511, -103.21335, -103.34302, -103.13061, -103.08527, -103.420131, -103.317149, -101.92918, -102.16756, -103.83095, -103.33329, -103.06315, -103.58054, -102.98607, -103.92593, -102.8122, -102.09713, -103.63631, -103.70916, -103.90273, -102.41529, -102.57677, -103.24356, -103.455428, -103.68084, -103.07698, -103.62797, -103.5051, -101.98721, -101.94355, -103.41721, -102.17671, 
-103.83118, -103.29412, -102.49502, -102.78168, -103.53733, -103.32109, -102.78887, -103.59186, -103.22927, -102.77414, -102.41764, -103.23035, -102.58976, -103.33998, -102.57323, -102.38093, -103.59517, -103.70735, -102.07873, -103.493668, -102.45764, -103.8513, -103.75465, -102.41628, -103.527757, -103.87853, -103.46597, -102.76873, -103.36866, -102.23778, -102.47618, -102.41683, -103.62933, -102.36897, -102.236971, -103.86974, -98.200789, -98.704197, -96.499259, -101.274388, -96.73165, -97.214587, 
-97.25029, -96.95043, -97.2147, -97.45571, -96.99819, -97.25077, -97.54484, -97.18939, -97.35562, -97.352437, -96.823, -97.46372, -97.80989, -96.89354, -97.07941, -97.6003, -97.38881, -96.66927, -97.67144, -97.63549, -97.91961, -97.426, -96.96482, -96.98522, -96.80909, -97.66923, -96.91067, -96.9327, -97.57406, -97.05327, -97.75338, -96.8728, -97.21831, -97.98732, -97.02012, -97.28313, -97.18736, -97.67678, -97.93864, -97.24848, -96.98251, -97.12241, -97.44507, -96.88178, -97.81842, -97.81827, -97.60401, 
-98.195722, -97.49872, -97.43763, -97.85092, -97.68708, -98.02374, -96.917614, -96.68494, -96.608142, -96.93756, -96.90503, -97.35616, -97.13477, -96.80016, -96.81602, -96.839, -96.967371, -97.229718, -97.229718, -97.229718, -96.8148, -97.229718, -97.229718, -97.229718, -97.229718, -97.229718, -97.229718, -97.05896, -97.07228, -97.08401, -97.37255, -97.394446, -97.394446, -97.394446, -97.394446, -98.11173, -97.99703, -97.30774, -97.49066, -97.4489, -97.07503, -96.8887, -97.69887, -97.67862, -97.05906, 
-97.95766, -97.22272, -97.90612, -97.35564, -98.23678, -97.80427, -97.82544, -97.52498, -98.125687, -97.47238, -97.44741, -97.4096, -97.4149, -98.66921, -97.48511, -97.69893, -97.66385, -97.63321, -98.31033, -98.00082, -97.67455, -98.16357, -98.35241, -97.18994, -97.29392, -97.35424, -98.12379, -98.05162, -97.28711, -97.86695, -97.59021, -97.85041, -97.59279, -98.17672, -97.78025, -97.27924, -97.99298, -97.69767, -97.46343, -97.121, -97.44823, -97.8179, -97.11074, -98.6171, -97.92312, -97.504912, 
-98.984266, -98.87752, -99.63453, -98.61192, -100.0384, -99.76388, -99.37707, -100.41403, -99.664406, -99.404705, -98.31437, -98.90525, -99.2076, -99.16654, -98.56277, -100.03636, -98.52492, -99.11415, -99.77766, -99.65457, -99.02831, -99.667737, -98.641, -99.427769, -99.84416, -99.70744, -98.33502, -98.33378, -99.42675, -99.52317, -99.29718, -98.87272, -99.61665, -98.36827, -99.10553, -99.22269, -100.630803, -100.1644, -98.33975, -99.09558, -99.42744, -99.26643, -99.91768, -99.58558, -100.00991, 
-99.8055, -98.86913, -99.211615, -99.02227, -99.07241, -98.87311, -98.82459, -98.51502, -98.74895, -98.79973, -100.26587, -99.67497, -99.59878, -98.72826, -98.960032, -98.699553, -99.27476, -98.48404, -98.34567, -99.63946, -98.85843, -99.08527, -99.42568, -99.84212, -99.11315, -98.13417, -98.58545, -99.74913, -98.13662, -100.27173, -98.48352, -98.375536, -98.72145, -98.58044, -99.61938, -98.83181, -99.13151, -98.38912, -99.1616, -98.63842, -100.13717, -98.80594, -98.2122, -99.9372, -98.230415, -98.89748, 
-98.75318, -98.93292, -98.29376, -99.32181, -98.20015, -100.48694, -98.5889, -98.36911, -99.33125, -98.63923, -98.11584, -99.566, -98.97328, -100.5398, -99.74552, -98.25077, -98.25936, -98.4288, -99.9205, -99.39898, -98.44052, -99.40469, -99.60568, -99.99415, -99.61847, -98.06074, -98.43993, -100.27279, -99.56198, -99.31052, -98.56496, -100.7723, -100.681855, -100.78026, -100.75381, -100.78131, -100.520063, -100.520063, -101.53747, -100.71786, -101.75965, -100.09497, -100.63867, -101.60406, -101.18309, 
-101.19002, -100.10694, -101.82853, -101.24737, -100.72114, -101.52739, -102.08106, -100.03576, -100.29283, -101.61207, -99.93796, -100.23833, -100.40137, -100.90891, -100.53101, -100.72662, -100.28185, -99.71689, -102.0077, -101.4391, -101.34592, -101.37668, -100.93332, -100.94635, -101.17563, -100.93017, -101.37642, -100.30355, -100.24342, -100.87466, -101.15667, -101.04618, -100.76, -101.9254, -99.83606, -102.8041, -102.663913, -103.31682, -103.93051, -103.21389, -103.40453, -102.18789, -102.61222, 
-103.23327, -102.56782, -101.83368, -103.94995, -103.36899, -102.34345, -102.0497, -102.60353, -102.82766, -102.48549, -102.82216, -103.93203, -102.622139, -103.56872, -102.28758, -102.8735, -102.92304, -102.60398, -103.68539, -102.28356, -103.09161, -103.78322, -103.03364, -102.46219, -102.203219, -101.28579, -101.451285, -101.31942, -101.3274, -101.297161, -101.301179, -100.23677, -101.28912, -100.53158, -100.63594, -101.08118, -101.81878, -102.27362, -101.47331, -100.69257, -101.70175, -102.80485, 
-103.32304, -100.98409, -101.60981, -101.96379, -101.49673, -100.38123, -102.40401, -101.22156, -100.82468, -100.61537, -102.08301, -100.51007, -100.6606, -101.4194, -102.57917, -102.93658, -101.81113, -102.58745, -100.10165, -101.26056, -101.15787, -101.55153, -100.96154, -102.54126, -101.53884, -103.03833, -101.00165, -102.23239, -102.13973, -101.9763, -102.60078, -102.65064, -101.84406, -102.62331, -100.93423, -101.86084, -101.09637, -101.72643, -100.76402, -102.4235, -101.11174, -101.81935, -100.47477, 
-100.80621, -100.93425, -100.76841, -101.04936, -102.76645, -103.15693, -103.71908, -103.614824, -103.46708, -103.65916, -103.924225, -103.51215, -103.46564, -103.886, -103.39021, -103.75867, -103.93903, -102.90911, -103.19462, -102.94589, -103.84342, -103.22565, -103.71711, -101.304214, -101.69363, -108.289304, -109.48875, -108.68933, -106.33169, -106.99199, -108.0969, -109.14649, -109.06992, -107.2284, -109.91891, -106.58858, -109.11927, -108.73073, -108.83134, -106.97057, -110.61105, -109.2671, 
-109.90084, -107.37805, -107.6318, -106.69221, -108.76441, -110.8895, -109.64134, -108.89916, -110.60771, -107.42566, -108.80868, -109.77529, -107.63987, -107.98299, -109.86994, -108.29474, -107.22415, -107.6368, -108.92119, -106.63862, -108.75601, -109.03637, -110.53834, -107.45873, -110.05667, -110.50499, -107.9138, -109.89746, -108.95391, -107.80028, -108.0903, -109.83681, -106.13017, -108.96, -107.92181, -110.75099, -108.49163, -109.28883, -109.32217, -109.54126, -109.17158, -109.50168, -108.53775, 
-108.395473, -109.27608, -107.93409, -107.07438, -107.52697, -109.49616, -108.3527, -109.98238, -110.477384, -106.99199, -108.281168, -110.14681, -110.57954, -108.29005, -108.0755, -107.44633, -108.48754, -108.5742, -108.194508, -108.194508, -108.46819, -108.66944, -108.393388, -108.194508, -108.194508, -108.194508, -108.194508, -108.194508, -108.194508, -108.194508, -105.65893, -104.35503, -104.19036, -104.88114, -105.84727, -105.8743, -104.25806, -104.51429, -104.25492, -104.13403, -105.15836, 
-106.46104, -105.96719, -104.44433, -106.69558, -106.53357, -106.609665, -107.09765, -104.70869, -104.63734, -106.33328, -104.94413, -104.48487, -106.33547, -106.47675, -104.7741, -105.85564, -104.56769, -105.16175, -104.552352, -104.96702, -104.61326, -105.04227, -106.07899, -107.40301, -104.36846, -105.45829, -104.20547, -106.609665, -105.35001, -104.20951, -105.16316, -105.81164, -104.38569, -106.99199, -104.25299, -105.37586, -104.86652, -104.539066, -105.34448, -107.44215, -104.539066, -106.58157, 
-106.65505, -104.47482, -105.04391, -106.68186, -104.72683, -104.75677, -106.21374, -104.94036, -106.95207, -105.62183, -105.19476, -105.345182, -105.47959, -104.61063, -105.630461, -106.39641, -105.95632, -105.46339, -105.71211, -104.19232, -104.45228, -111.745326, -111.27408, -111.195906, -111.341975, -111.34499, -111.26909, -111.239305, -112.48018, -113.43734, -110.86564, -111.27845, -111.66825, -113.0698, -109.26308, -112.32535, -110.98801, -111.70821, -112.35083, -110.02055, -111.96872, -112.47009, 
-109.96291, -112.61804, -111.77961, -113.20424, -111.731852, -112.03006, -111.15265, -109.09551, -110.64869, -111.82545, -111.24083, -109.468299, -110.1846, -110.44229, -112.81115, -110.57208, -109.35624, -110.09673, -109.64119, -111.97141, -111.30771, -109.48065, -110.47512, -111.731852, -109.91488, -110.84279, -109.7023, -110.71696, -111.59529, -112.30254, -111.63998, -110.725, -108.84397, -111.13517, -113.126262, -111.76863, -111.96711, -110.26076, -111.16349, -111.91516, -111.79735, -111.92471, 
-111.59357, -112.31498, -111.60477, -109.430106, -109.68953, -109.78365, -110.06828, -109.9578, -111.00381, -109.17406, -108.37109, -110.32495, -108.72208, -108.69955, -110.41769, -108.73813, -110.67384, -110.8269, -110.077, -109.28416, -107.87318, -107.80711, -110.54993, -108.44428, -107.61505, -111.16737, -108.54135, -109.01285, -112.04193, -111.96895, -111.968877, -112.330214, -112.040173, -112.062393, -112.041346, -112.330214, -112.34456, -112.06748, -112.3409, -111.97496, -111.8821, -112.10446, 
-112.14074, -112.62547, -112.30023, -111.634364, -110.79404, -111.56253, -111.44665, -111.01063, -111.650954, -112.09073, -112.51279, -112.637705, -112.637705, -112.637705, -112.12007, -112.98902, -112.59075, -111.18037, -110.9878, -111.32651, -110.90128, -111.137, -110.90128, -111.62521, -111.86233, -112.7369, -112.70073, -112.77411, -112.77595, -112.43358, -111.70176, -111.19888, -112.80722, -112.70073, -112.97866, -111.78292, -113.35533, -112.25568, -111.76367, -111.33138, -112.6757, -111.60577, 
-113.17025, -111.88987, -112.77156, -112.1097, -112.6987, -112.30548, -111.53143, -112.4186, -111.94237, -112.76555, -111.18723, -112.1695, -111.634532, -113.61624, -112.99552, -111.123775, -111.064676, -110.90128, -111.735925, -111.099869, -114.01229, -113.95551, -114.00439, -114.10566, -114.049824, -113.958686, -114.07639, -114.049824, -111.190888, -114.49692, -114.05215, -113.64027, -114.17894, -113.62908, -113.72687, -114.07478, -114.04819, -114.20624, -115.347934, -114.37296, -113.22547, -114.07435, 
-114.25074, -114.040777, -113.42635, -113.29281, -114.14786, -114.22296, -115.49151, -112.97934, -115.96844, -114.63534, -114.44619, -114.35326, -114.67899, -113.88196, -115.81962, -113.09214, -114.11853, -114.799, -113.36273, -114.8171, -114.16094, -114.101443, -114.12898, -114.04402, -115.13788, -115.45113, -113.52551, -114.03182, -113.84407, -114.84507, -115.23463, -115.60569, -114.18711, -114.32202, -114.143531, -114.429648, -114.256123, -114.30638, -113.96215, -114.23052, -114.01396, -114.2778, 
-114.39536, -113.62889, -114.99727, -114.84363, -113.83078, -114.49865, -113.88505, -114.24184, -115.3286, -114.80804, -113.98182, -114.70843, -114.42793, -114.37322, -115.27461, -114.19568, -114.22384, -114.74914, -114.90532, -115.862, -113.92599, -114.43069, -88.452481, -88.09995, -87.97723, -87.98464, -87.68732, -87.99847, -88.02508, -87.68732, -88.15231, -87.610053, -88.31664, -88.24338, -88.33066, -87.86556, -87.89058, -87.894366, -87.89234, -87.907066, -88.17822, -88.21676, -87.76252, -87.81922, 
-87.68732, -87.79286, -88.03433, -87.93517, -88.61431, -88.43125, -87.80956, -87.80808, -88.014072, -88.452481, -87.81421, -88.15303, -88.20074, -87.716, -87.86309, -87.86093, -88.05462, -88.05859, -87.95169, -88.041875, -88.24769, -88.452481, -87.78882, -88.260692, -88.014072, -87.93621, -88.01172, -87.96779, -87.84303, -87.85202, -87.68732, -88.04917, -87.84158, -87.92717, -87.92816, -88.3028, -88.30274, -88.09647, -88.02546, -87.610053, -87.7321, -87.75764, -87.68732, -87.610053, -88.276047, -88.22167, 
-87.812064, -87.92935, -88.14328, -87.86187, -87.776595, -87.86525, -87.85284, -87.96393, -87.92958, -87.72373, -87.610053, -87.75016, -87.68732, -87.68732, -87.83018, -88.3495, -88.43884, -87.84862, -88.00222, -88.31849, -88.17257, -87.87642, -88.088716, -87.95117, -88.17657, -88.08256, -88.54829, -88.27227, -88.84223, -88.6899, -88.96438, -88.088716, -88.74617, -88.088716, -88.088716, -88.28891, -88.46429, -88.25922, -88.3126, -88.304994, -88.32393, -88.28, -88.088716, -87.94181, -88.134469, -88.088716, 
-88.97084, -87.81235, -87.87468, -88.088716, -88.144475, -88.31957, -88.6906, -88.36942, -88.06285, -88.088716, -88.07891, -88.5036, -87.83865, -88.42891, -88.02196, -88.420178, -88.76647, -88.87665, -88.420178, -88.01723, -88.951205, -88.88293, -88.57626, -88.61034, -87.84455, -87.88351, -87.85477, -88.348484, -88.05606, -87.68732, -87.85978, -87.68732, -87.90101, -87.91052, -87.89627, -87.88046, -87.68732, -88.12, -88.425931, -87.84013, -88.08704, -88.04814, -88.30498, -88.38326, -87.87193, -88.30609, 
-88.68704, -88.223655, -88.52606, -87.97813, -88.59915, -88.420178, -88.25176, -88.20502, -88.088716, -88.10904, -88.13688, -88.088716, -88.15261, -87.97688, -88.21399, -88.09675, -88.10719, -88.10828, -88.072522, -88.088716, -88.088716, -88.088716, -87.69684, -87.68828, -87.7175, -87.68732, -87.684506, -87.679408, -87.65, -87.79562, -87.78899, -87.68732, -87.7885, -87.81718, -87.821359, -87.94, -87.62408, -87.79095, -88.12, -88.21, -87.68154, -88.25503, -88.22307, -87.54638, -88.20898, -87.6101, 
-87.68732, -87.77869, -88.2783, -87.61173, -87.59865, -88.42783, -88.10284, -87.68424, -87.83875, -88.30954, -87.61289, -87.66264, -87.69, -87.67857, -87.66464, -88.19022, -88.05592, -88.05698, -88.084208, -88.11963, -88.10553, -88.55792, -87.54819, -87.98258, -88.07462, -88.02753, -87.96883, -87.73695, -88.40325, -87.73309, -88.09934, -88.29167, -87.88582, -87.75531, -88.40749, -87.96475, -87.75356, -87.7546, -87.68732, -87.80678, -87.73198, -87.82825, -87.83557, -87.77022, -88.52981, -87.69274, 
-87.83542, -87.79148, -87.84378, -87.82977, -87.68767, -87.89201, -87.79917, -87.68694, -88.6494, -87.72134, -87.70814, -87.59909, -88.27494, -87.63369, -87.60839, -87.80389, -87.72398, -88.52659, -87.87778, -88.1464, -87.79265, -87.68, -87.84, -88.14203, -88.01, -87.68732, -87.81, -88.25, -88.26, -88.25218, -88.29699, -88.35254, -88.420178, -88.30995, -88.54865, -88.41296, -87.84753, -87.95798, -88.01827, -88.01334, -88.04864, -88.91932, -88.24268, -88.64655, -87.92996, -88.088716, -87.96041, -87.87605, 
-87.8704, -88.088716, -88.9516, -88.78895, -88.08536, -87.82318, -88.55317, -88.59921, -88.32972, -88.3332, -88.14579, -88.53552, -88.32931, -88.34177, -88.19736, -88.53697, -87.82163, -88.63052, -88.74998, -88.86858, -88.68292, -88.69, -89.01704, -88.45183, -88.19452, -88.77539, -88.76933, -87.90103, -87.97778, -88.43996, -87.98108, -88.16188, -88.19634, -88.12824, -88.088716, -88.088716, -88.43238, -88.088716, -88.088716, -88.21, -88.2, -88.088716, -88.088716, -88.088716, -87.62325, -87.62874, 
-87.63014, -87.62818, -87.6187, -87.6376, -87.65114, -87.6699, -87.65282, -87.6371, -87.62504, -87.6877, -87.6629, -87.65432, -87.60215, -87.63126, -87.5557, -87.7048, -87.60444, -87.65282, -87.6404, -87.66927, -87.718, -87.72199, -87.70256, -87.66938, -87.62255, -87.71155, -87.75869, -87.81091, -87.7105, -87.55365, -87.79654, -87.66854, -87.60544, -87.7738, -87.75415, -87.6665, -87.74576, -87.65, -87.65993, -87.75671, -87.69634, -87.7601, -87.70085, -87.785286, -87.57072, -87.743454, -87.74055, 
-87.71188, -87.61269, -87.63538, -87.69912, -87.8163, -87.65852, -87.70378, -87.6667, -87.64461, -87.68732, -87.68732, -87.68732, -87.891214, -87.68732, -87.68732, -87.68732, -87.68732, -87.68732, -87.68732, -87.68732, -87.68732, -87.68732, -87.68732, -87.68732, -87.68732, -87.68732, -87.68732, -87.81, -87.68732, -87.68732, -87.68732, -87.65, -87.68732, -87.65, -87.63, -87.68732, -87.68732, -87.672553, -87.71791, -87.68732, -87.65, -87.65, -87.68732, -87.68732, -87.68732, -87.81686, -87.80805, -87.73545, 
-87.81563, -87.73189, -87.7599, -87.70249, -87.63292, -87.86784, -87.888971, -87.80536, -87.9667, -87.61611, -88.06412, -87.86891, -87.86239, -88.18649, -88.03308, -88.23737, -88.30797, -88.29306, -87.90649, -87.88177, -87.81825, -87.94105, -87.85474, -88.28676, -87.9874, -87.60159, -87.80112, -88.26994, -88.34937, -88.17268, -88.3731, -87.98929, -87.82876, -87.64464, -88.08957, -87.66766, -87.888971, -87.58356, -88.21304, -88.0821, -88.11524, -87.85125, -87.75589, -88.25053, -87.69618, -87.63579, 
-87.99624, -87.716074, -88.11405, -87.56, -88.18012, -87.89016, -88.23794, -88.18667, -87.6603, -87.68963, -87.57423, -87.59259, -88.10761, -88.14732, -87.74051, -87.66475, -87.73137, -90.12098, -89.21536, -89.59662, -88.84755, -89.26637, -88.9325, -88.74726, -89.63382, -89.87508, -89.2128, -88.9543, -89.804293, -89.55466, -89.40925, -89.09369, -89.47636, -89.30394, -90.58945, -89.761171, -90.17778, -89.58242, -89.31176, -89.63208, -90.39738, -89.76182, -88.74344, -89.47449, -90.31077, -89.56986, 
-89.313593, -89.91237, -89.82436, -89.3968, -89.83062, -89.02456, -89.72708, -89.75896, -89.00751, -89.98255, -89.44025, -89.39613, -89.599529, -89.94561, -89.63404, -89.33932, -89.83571, -89.34453, -89.59084, -88.84665, -89.47652, -89.06891, -89.46228, -89.69452, -89.08485, -89.00407, -90.12858, -90.25362, -89.667939, -89.35828, -89.73555, -89.170527, -89.02756, -89.70537, -89.18633, -90.02362, -89.98979, -89.25099, -89.81607, -89.54255, -89.12574, -89.1297, -89.08246, -89.07602, -89.170527, -89.170527, 
-89.03347, -89.01776, -89.05595, -89.170527, -89.02573, -88.97586, -89.00839, -89.04186, -89.170527, -89.170527, -89.170527, -89.170527, -89.170527, -90.56956, -90.58714, -90.615975, -90.615975, -90.22322, -90.73137, -90.71957, -90.29334, -89.92236, -90.01821, -90.35597, -90.852226, -90.17486, -90.39047, -90.428, -90.34046, -90.30177, -89.66298, -90.41788, -90.08613, -90.06922, -90.14524, -90.15854, -90.40987, -90.20392, -89.91216, -90.9284, -90.87565, -89.92116, -90.36117, -90.60587, -90.57639, 
-90.50006, -90.615975, -89.96623, -91.0123, -90.38482, -90.27031, -90.31978, -90.5979, -89.93036, -90.343228, -90.70671, -90.50615, -90.41404, -89.77628, -90.735, -90.09248, -90.541585, -89.08974, -89.34371, -88.86268, -89.23432, -88.66836, -89.67662, -89.37069, -89.12523, -89.21243, -89.07807, -88.74854, -89.17366, -88.97932, -89.3086, -89.39583, -89.41267, -88.82807, -89.23655, -89.32451, -89.46289, -89.21239, -89.27691, -89.27713, -88.98238, -88.88278, -89.08815, -89.2205, -89.21207, -89.36622, 
-89.66966, -89.25106, -88.69727, -89.10696, -89.84111, -89.79442, -89.71842, -89.05943, -89.44078, -88.84734, -88.98815, -89.1299, -89.44315, -89.04364, -89.26975, -88.61017, -89.74444, -89.20847, -89.17901, -88.83666, -89.26889, -89.50492, -89.15231, -89.03886, -89.021881, -89.07794, -89.0149, -89.35449, -89.25682, -89.60081, -89.04788, -89.15601, -89.60321, -90.36871, -90.214412, -90.39766, -90.50153, -90.57994, -90.36813, -90.16063, -90.43908, -90.56334, -90.52901, -90.85925, -90.11832, -90.87087, 
-89.65849, -90.51766, -90.50529, -89.63015, -91.05902, -89.70575, -90.17764, -90.12141, -90.31205, -90.29556, -90.17174, -90.161761, -90.03901, -90.54835, -90.22212, -90.96542, -90.64691, -90.35566, -90.60351, -90.30458, -90.92743, -89.92848, -90.75759, -90.27171, -89.97361, -90.97066, -89.94259, -90.66845, -90.75393, -91.05207, -90.6681, -90.355505, -90.1938, -90.41808, -90.82654, -90.64466, -90.45631, -90.46726, -90.24177, -90.40384, -90.93608, -90.47345, -90.82607, -90.38717, -90.65724, -90.37946, 
-90.7612, -90.80998, -90.31576, -90.76454, -89.65429, -90.91347, -90.42469, -89.86649, -90.42833, -90.08422, -90.57923, -90.29705, -90.01888, -90.27637, -89.76033, -90.32941, -89.11878, -89.84131, -89.718401, -90.09632, -90.02794, -89.50654, -90.03285, -89.65554, -89.62, -89.7401, -89.95565, -89.27153, -90.02166, -89.82389, -89.8297, -89.65687, -89.54053, -89.78042, -89.38486, -89.76891, -89.38586, -89.23943, -90.13748, -89.99885, -90.24422, -89.37082, -89.78797, -89.72628, -89.40841, -89.46031, 
-89.56654, -90.161761, -89.63382, -89.650232, -89.609951, -89.76802, -89.43131, -89.19419, -89.506695, -90.05501, -89.65194, -89.48336, -89.90929, -89.47408, -89.89138, -89.29547, -89.44294, -90.02866, -89.348163, -90.429294, -88.343237, -89.589847, -89.60864, -89.57904, -89.63633, -89.62737, -89.60972, -89.67147, -89.59908, -89.54493, -89.718401, -89.627948, -89.59799, -89.6448, -89.576628, -89.616648, -89.718401, -89.588747, -89.718401, -89.569207, -89.603081, -89.592597, -89.718401, -89.595147, 
-89.589797, -89.611146, -89.563646, -89.617657, -89.651987, -89.718401, -89.569207, -89.718401, -89.718401, -89.509113, -89.718401, -89.718401, -89.718401, -89.718401, -89.128871, -88.99592, -88.864303, -88.96939, -88.95, -88.953015, -88.954174, -88.5101, -89.32028, -88.62237, -89.25013, -88.52604, -89.13627, -88.70948, -88.96776, -88.62727, -89.22353, -88.73274, -88.49, -89.19057, -89.32778, -89.54251, -88.79575, -88.8498, -88.72052, -89.03978, -88.51546, -88.85739, -88.40479, -89.28004, -88.7778, 
-88.88791, -88.97442, -89.42614, -88.97711, -89.10358, -88.85664, -89.285172, -88.75786, -88.7923, -89.15864, -89.34345, -88.96715, -88.84075, -89.32013, -89.03266, -88.98629, -88.63376, -88.898663, -88.39957, -88.52548, -89.13579, -89.06088, -88.38028, -89.2107, -88.39026, -88.88696, -88.96635, -89.1087, -88.99803, -88.864303, -88.939637, -88.21246, -88.17649, -88.224669, -87.93384, -87.61401, -87.88919, -88.56139, -87.58163, -88.3708, -88.00203, -87.70376, -88.72633, -90.095368, -88.24322, -88.2733, 
-88.29315, -88.196102, -88.196102, -88.361251, -88.72247, -87.78418, -87.62898, -87.64569, -87.6124, -88.62966, -88.30526, -87.83052, -88.65279, -88.3742, -87.86871, -88.4135, -87.63138, -88.01922, -87.70192, -87.9576, -87.73629, -88.43939, -88.07537, -88.40295, -88.5296, -88.67859, -88.57375, -87.84208, -87.74657, -87.96347, -87.95553, -88.27977, -88.15174, -87.80716, -88.15575, -87.62722, -87.97138, -88.36389, -88.03401, -88.25023, -88.42487, -87.82587, -88.07693, -88.17296, -88.2532, -88.75367, 
-87.63685, -88.49744, -88.477739, -88.30284, -88.45985, -88.03349, -88.45309, -88.74383, -87.91691, -88.13861, -88.17348, -87.66325, -88.82227, -88.5144, -88.6087, -88.11971, -88.34792, -87.87017, -87.92289, -88.71835, -88.62995, -88.37421, -87.81014, -88.07823, -87.99744, -88.01806, -87.69958, -87.86014, -88.6021, -88.29184, -87.750216, -88.15018, -88.60033, -89.74886, -90.15909, -90.142329, -90.67372, -89.8029, -90.043, -89.2134, -90.13819, -90.58121, -89.94935, -89.55969, -90.41674, -89.37787, 
-90.08306, -89.46415, -89.97461, -90.3405, -89.78428, -90.08023, -89.9551, -89.94305, -90.54614, -90.35383, -90.1649, -90.54252, -89.28092, -89.8288, -89.97442, -90.2216, -90.57421, -90.44563, -90.11431, -89.82872, -90.22147, -90.71359, -89.84638, -90.6159, -90.09533, -89.48442, -90.54502, -89.40909, -90.32442, -90.64246, -90.34541, -89.65721, -89.76133, -90.16643, -90.15411, -89.77538, -89.9572, -90.14654, -90.62842, -90.01241, -89.73423, -90.76896, -90.163909, -89.68226, -89.2864, -89.421584, -89.5228, 
-90.48002, -90.13336, -89.10348, -90.23039, -90.33999, -89.19993, -90.08536, -89.80626, -89.57044, -90.05894, -89.78855, -89.49298, -90.17052, -89.59324, -90.40655, -89.85425, -89.35236, -90.09418, -89.84608, -90.293302, -90.14609, -90.159059, -90.07575, -90.10008, -90.12675, -90.1628, -90.13276, -90.00227, -89.55998, -89.60258, -89.60516, -89.84183, -89.46426, -89.43404, -89.97654, -89.93996, -89.983521, -90.05078, -89.983521, -89.85054, -90.00104, -89.5305, -89.36368, -90.01763, -89.82842, -89.99407, 
-90.20775, -89.59789, -89.54537, -90.19253, -90.21617, -89.89007, -89.93485, -89.90389, -90.2272, -89.5631, -89.40987, -88.975507, -89.961825, -89.67478, -89.26294, -89.291549, -89.29128, -89.81317, -89.79161, -90.135645, -89.73627, -89.79432, -89.899569, -90.09831, -90.00785, -89.27132, -89.38453, -89.88852, -89.6807, -89.67869, -89.51773, -89.91207, -89.650381, -89.5286, -89.61645, -89.5973, -89.38796, -89.54888, -90.09885, -89.98785, -90.13459, -89.66878, -89.77739, -89.713921, -89.20166, -89.32248, 
-89.99604, -89.71168, -89.66723, -89.75117, -89.68346, -89.67691, -89.88891, -90.30833, -89.80775, -90.14606, -91.37415, -91.302633, -91.21256, -91.205805, -90.93288, -91.0368, -91.20483, -90.89509, -91.05746, -91.12851, -90.74246, -91.07407, -91.11577, -90.66923, -90.94976, -91.16278, -90.80333, -91.168221, -91.15278, -91.25029, -91.17125, -91.25754, -91.02632, -90.72045, -91.33182, -91.22914, -90.81819, -91.14564, -90.95426, -91.1106, -91.37791, -91.20372, -91.26558, -90.64813, -90.74134, -91.36598, 
-90.77809, -91.09115, -90.84253, -91.26301, -91.21286, -91.25561, -90.63108, -90.74617, -90.78642, -91.16751, -90.87779, -90.88699, -90.99193, -91.35197, -90.8834, -90.8842, -91.38474, -90.6289, -91.40638, -91.19727, -88.372434, -88.56, -88.593764, -87.72913, -88.73912, -87.83769, -88.8255, -87.703639, -87.76815, -88.96134, -87.99407, -87.99863, -87.95334, -88.86505, -87.57092, -88.428, -88.09218, -88.66404, -87.66502, -88.13528, -88.98873, -88.14862, -87.67563, -88.33505, -88.244487, -88.2601, -88.87876, 
-87.65984, -88.28118, -87.69589, -87.86922, -88.62883, -88.75932, -88.3404, -88.21636, -88.45037, -88.17881, -87.90005, -88.08658, -87.6117, -88.03692, -87.7495, -88.87463, -88.0252, -87.65542, -88.6656, -88.47715, -88.62403, -87.839627, -88.63491, -87.85152, -88.45609, -88.25646, -88.33275, -89.10978, -88.56383, -87.99681, -88.05466, -88.00583, -87.6664, -87.72312, -88.31569, -88.00464, -88.01982, -88.81584, -89.03829, -89.73278, -89.2073, -89.13269, -89.05465, -89.37836, -89.42755, -89.18832, -89.40159, 
-89.45643, -88.92907, -89.00569, -88.95327, -88.981511, -88.981511, -88.95637, -88.981511, -89.65467, -89.39224, -88.97972, -89.64068, -88.7821, -88.95928, -89.65936, -89.11324, -89.52648, -89.2487, -89.41265, -89.35051, -89.15936, -88.98068, -89.39012, -89.44719, -89.24331, -89.29707, -88.87171, -89.00559, -89.15191, -88.81261, -89.10462, -88.86332, -89.21607, -89.39095, -89.08194, -89.54402, -89.59541, -89.52972, -89.51229, -88.80153, -89.18982, -89.29692, -89.44945, -88.95588, -89.67132, -89.06707, 
-90.02786, -89.480688, -90.43698, -90.39332, -90.03125, -89.68326, -89.75177, -90.143114, -90.16313, -90.42314, -90.53937, -90.352444, -89.96382, -90.35255, -89.68831, -89.8757, -90.14057, -90.39307, -89.69902, -90.06937, -90.36618, -89.87721, -89.46592, -89.47436, -90.08116, -90.46831, -89.8028, -89.72066, -89.44123, -90.05163, -89.058643, -90.08365, -90.22941, -90.26153, -90.651349, -90.00698, -89.36746, -89.786723, -90.200747, -89.84805, -89.606017, -90.32677, -89.70427, -90.55791, -89.56744, 
-89.99143, -90.24769, -89.88669, -89.56053, -89.80769, -89.96998, -90.01499, -89.85029, -89.923215, -89.88059, -90.55222, -89.60101, -89.926068, -89.58805, -90.00059, -89.78689, -89.93366, -89.761, -89.76667, -90.21218, -89.9396, -89.54209, -90.46107, -90.22101, -89.64999, -89.64379, -89.63612, -89.67982, -89.606017, -89.653399, -89.66363, -89.586356, -89.606017, -89.72, -89.57, -89.606017, -89.606017, -89.536369, -89.646555, -89.606017, -89.606017, -89.606017, -89.606017, -89.606017, -89.606017, 
-89.606017, -89.606017, -89.606017, -89.606017, -89.606017, -89.541017, -89.606017, -89.606017, -89.606017, -89.606017, -89.606017, -89.606017, -89.606017, -89.606017, -89.606017, -89.606017, -89.606017, -89.606017, -89.186317, -89.606017, -89.606017, -89.1257, -89.30296, -88.941665, -88.07169, -88.91864, -89.19145, -88.34267, -88.73999, -87.90949, -88.92407, -88.72896, -87.9939, -88.93138, -88.47128, -87.97291, -89.01261, -88.22944, -88.15583, -89.05291, -88.43531, -88.35141, -89.06852, -88.03291, 
-88.62439, -88.50469, -88.96888, -89.20884, -89.24688, -88.16484, -88.120182, -88.33357, -88.82763, -88.35735, -88.7591, -88.48855, -88.941665, -89.009201, -88.37124, -88.19454, -88.00353, -88.142657, -88.89634, -88.473594, -89.16184, -88.77464, -88.58911, -88.6692, -87.86464, -88.91954, -88.82814, -87.818672, -88.941665, -88.87747, -88.48012, -88.53431, -88.73257, -88.04663, -88.3121, -87.81077, -88.90842, -89.06906, -88.967551, -88.12264, -88.23716, -88.30419, -89.04738, -88.29114, -88.7909, -88.97892, 
-89.09581, -89.19356, -89.19244, -88.49714, -88.35875, -88.89365, -88.95361, -89.11963, -89.11908, -89.04697, -89.054, -88.53537, -88.36923, -89.22926, -88.8232, -88.74922, -89.04226, -89.08366, -89.03707, -89.03866, -88.58448, -88.93037, -88.92096, -89.04867, -88.64744, -89.19246, -89.415831, -89.415831, -89.33462, -89.21408, -89.50721, -88.88076, -88.876792, -88.58186, -89.02992, -89.325581, -89.18974, -89.12184, -89.55501, -88.65284, -89.08355, -88.16099, -89.25489, -89.08118, -88.83922, -89.03177, 
-89.20301, -89.15783, -89.24091, -88.58141, -88.44456, -88.28284, -89.23151, -89.02583, -88.37184, -88.62298, -88.52571, -88.96661, -89.47618, -88.95184, -89.48077, -88.73381, -88.561428, -88.54208, -88.39925, -89.02702, -89.14346, -89.56055, -88.92647, -89.31217, -88.84304, -88.26498, -88.238292, -88.93959, -89.43066, -89.17587, -88.92968, -88.73327, -89.254203, -89.33547, -89.16532, -89.20174, -88.548695, -89.33971, -88.76394, -89.34153, -89.10964, -89.415831, -88.74145, -89.083056, -88.82344, 
-89.3617, -89.21039, -88.54416, -88.24393, -88.34815, -89.11128, -88.16553, -88.69466, -88.67912, -89.28271, -89.42243, -88.86601, -89.17123, -89.27351, -89.33485, -88.88016, -89.1632, -89.5905, -89.43987, -89.05385, -90.427118, -90.63155, -90.427118, -90.38515, -90.55209, -90.42316, -91.1603, -91.33928, -90.74276, -90.63595, -90.53918, -90.38215, -90.55426, -90.53117, -90.427118, -90.70519, -90.427118, -90.61304, -90.46088, -90.4077, -90.74342, -90.33662, -90.427118, -90.28578, -90.29051, -90.34637, 
-91.3246, -90.66508, -90.83398, -90.61878, -90.77513, -90.37005, -90.44451, -90.42335, -90.427118, -90.472495, -90.3902, -90.52696, -90.5666, -90.57059, -90.40339, -90.514875, -90.84698, -91.22652, -90.408223, -90.85642, -90.80694, -90.514875, -90.652057, -91.24469, -90.73892, -90.40862, -90.83168, -90.81792, -91.017274, -90.38551, -90.98902, -91.085533, -91.14089, -91.00353, -90.44667, -90.49157, -90.88421, -91.02348, -91.39332, -90.427118, -90.193, -90.18702, -90.21415, -90.21362, -90.32888, -90.20636, 
-90.20949, -90.25435, -90.2941, -90.26182, -90.25174, -90.28434, -90.24397, -90.36109, -90.24009, -90.26307, -90.32636, -90.2278, -90.35168, -90.25992, -90.29609, -90.40966, -90.32525, -90.37687, -90.2895, -90.37921, -90.40024, -90.37113, -90.32161, -90.32348, -90.43643, -90.37463, -90.30186, -90.33904, -90.30258, -90.26154, -90.21864, -90.21041, -90.29174, -90.32178, -90.45363, -90.31822, -90.34964, -90.427118, -90.44689, -90.21905, -90.243462, -90.427118, -90.243462, -90.243462, -90.243462, -90.243462, 
-90.243462, -90.243462, -90.243462, -90.243462, -90.243462, -90.427118, -90.243462, -90.243462, -90.243462, -90.243462, -90.243462, -90.243462, -90.243462, -90.243462, -90.19, -90.243462, -90.243462, -90.243462, -90.427118, -90.243462, -90.50687, -90.872987, -90.53903, -90.65332, -90.82317, -90.89093, -91.32983, -91.18265, -90.93137, -90.536784, -91.37684, -90.78593, -90.996216, -90.8136, -91.01577, -91.56669, -90.536784, -90.75875, -90.94433, -91.14919, -91.3682, -91.31284, -91.64872, -91.07518, 
-91.09159, -91.34909, -91.53556, -90.89199, -91.44852, -90.875127, -90.72121, -90.78525, -90.7, -90.77801, -91.2243, -90.883751, -90.3683, -89.856609, -90.62045, -91.08017, -91.188586, -90.98649, -91.2336, -91.48862, -91.17, -91.56266, -90.85922, -90.23706, -91.02078, -91.76344, -90.77209, -91.03468, -91.40084, -91.50598, -92.3224, -91.9947, -91.18155, -91.96806, -91.57389, -91.5367, -92.24825, -91.69953, -91.85812, -91.73595, -91.32296, -92.1474, -91.8584, -91.71817, -92.01104, -91.91078, -91.51803, 
-92.14536, -92.19521, -91.79502, -91.87248, -91.63745, -91.72967, -91.7066, -91.99255, -91.38258, -92.20242, -91.54631, -91.68647, -91.74251, -92.06553, -91.68075, -91.685103, -91.270502, -92.01662, -92.03371, -91.49636, -91.58325, -91.77368, -91.91063, -91.912383, -92.58341, -92.46408, -92.23595, -92.57057, -92.39699, -92.63582, -92.64152, -92.36284, -92.1671, -92.68007, -92.74503, -92.41809, -92.60818, -92.01979, -92.85127, -92.98277, -92.52631, -92.30285, -92.51071, -92.50308, -92.72414, -92.46878, 
-92.18031, -93.12043, -92.88684, -92.74979, -92.72531, -93.11823, -92.55728, -92.07913, -92.97298, -92.9641, -92.69113, -90.159327, -90.53, -90.6596, -90.61694, -90.89305, -90.88172, -90.63962, -90.96827, -90.64229, -90.25527, -90.5614, -91.22224, -90.74557, -90.78593, -90.444953, -91.02077, -90.60432, -90.51428, -91.00798, -90.41404, -90.30599, -90.845047, -90.68325, -90.63284, -90.367713, -90.58935, -90.83766, -90.18886, -90.77656, -90.71264, -90.191972, -90.02477, -90.64526, -90.86797, -90.84892, 
-91.024337, -90.15155, -89.98417, -90.65623, -90.68542, -89.5659, -89.509405, -89.54065, -89.643941, -89.91359, -89.6032, -89.78369, -89.53997, -89.652912, -89.95595, -89.79907, -89.68379, -89.44651, -89.81419, -89.739429, -89.69768, -89.811616, -89.80068, -89.61644, -90.1887, -90.08675, -89.69889, -90.13105, -89.65428, -89.549, -89.88904, -90.16705, -89.98127, -89.85836, -89.61264, -89.76337, -89.70949, -89.67823, -89.779248, -89.77451, -89.87601, -89.811616, -89.639595, -89.52687, -89.92735, -90.0292, 
-89.6774, -89.6911, -89.82401, -90.10392, -89.58355, -89.525934, -89.32516, -90.23343, -90.00768, -89.44945, -89.52535, -89.93679, -89.84072, -89.87346, -89.68706, -90.29776, -89.67548, -89.222096, -89.73149, -89.31308, -89.97623, -89.650005, -89.81679, -89.748102, -89.97428, -89.36142, -89.81622, -90.03097, -89.89562, -89.99144, -89.7817, -89.74861, -90.00544, -89.87038, -90.08539, -90.04866, -90.031801, -89.57338, -89.63377, -89.97423, -89.6073, -89.55184, -89.69113, -89.54435, -89.83489, -89.822514, 
-90.114179, -89.68851, -89.81874, -90.165758, -90.17023, -89.84896, -89.81877, -89.80605, -90.0261, -89.206329, -89.22208, -90.41689, -90.407013, -90.850785, -90.23594, -90.09694, -90.38829, -90.8615, -90.12915, -90.75026, -90.26609, -90.68117, -90.21801, -91.1528, -91.05402, -90.81359, -90.42152, -90.52687, -90.2507, -90.444953, -90.27247, -90.65619, -90.61875, -90.48646, -90.68582, -90.52353, -90.69685, -90.13128, -90.25221, -90.407013, -90.30884, -90.42887, -90.99852, -90.28499, -90.48271, -93.53531, 
-94.38, -94.07705, -94.53201, -94.370275, -94.25767, -94.2987, -94.20783, -94.03213, -94.73858, -93.86635, -93.5895, -93.63663, -93.68661, -94.22601, -94.830159, -94.21156, -94.52503, -94.34213, -93.82164, -93.9294, -93.73366, -93.9882, -94.35335, -94.41447, -94.387956, -94.44943, -94.46556, -94.44115, -94.4061, -94.34846, -94.35087, -94.34502, -94.3578, -94.09708, -94.17063, -94.36397, -94.36474, -94.392885, -94.13247, -93.86963, -94.41763, -94.408998, -94.15315, -93.8359, -94.29621, -94.293888, 
-94.0858, -94.14225, -93.95373, -94.13971, -94.46049, -94.78814, -94.26207, -94.40285, -94.3957, -94.45103, -94.07822, -93.96947, -94.32392, -94.408998, -94.18355, -94.56774, -94.16376, -94.805673, -93.73519, -93.53825, -93.96495, -94.89833, -94.60066, -94.60411, -94.58868, -94.57311, -94.58296, -94.56643, -94.57286, -94.59439, -94.59537, -94.59471, -94.59641, -94.57314, -94.53158, -94.57248, -94.51816, -94.53234, -94.356728, -94.52287, -94.53985, -94.49541, -94.49948, -94.53968, -94.5365, -94.4966, 
-94.54507, -94.57656, -94.551, -94.4591, -94.49832, -94.39967, -94.53932, -94.47256, -94.40868, -94.356728, -94.356728, -94.408998, -94.59666, -94.57323, -94.54555, -94.356728, -94.46712, -94.62241, -94.63021, -94.69991, -94.71439, -94.63353, -94.57344, -94.51296, -94.4705, -94.47794, -94.408998, -94.4669, -94.67635, -94.62462, -94.57545, -94.50755, -94.48655, -94.85161, -94.356728, -94.356728, -94.356728, -94.356728, -94.356728, -94.356728, -94.356728, -94.356728, -94.356728, -94.356728, -94.356728, 
-94.356728, -94.85161, -94.356728, -94.5237, -94.356728, -94.356728, -94.85161, -94.356728, -94.356728, -94.356728, -94.356728, -94.72215, -94.33216, -94.423294, -94.92726, -94.47948, -94.85162, -94.0304, -93.8743, -94.85573, -95.06768, -94.23378, -94.56785, -94.9968, -94.66893, -94.68406, -94.73379, -94.69403, -95.33869, -94.40163, -94.76577, -94.90957, -94.28975, -93.99079, -94.65253, -94.62989, -95.12039, -95.41748, -94.404415, -94.81076, -94.9786, -95.18778, -94.44985, -94.5929, -95.02142, -94.38993, 
-94.68236, -94.15484, -94.64152, -94.8073, -94.49898, -94.551058, -94.30633, -95.08755, -94.15285, -94.87498, -94.35231, -95.23256, -94.19587, -95.09514, -94.38471, -94.6186, -94.84243, -94.4603, -95.082241, -94.67399, -94.71818, -93.90776, -95.53297, -94.83935, -95.03076, -94.8358, -94.62495, -95.09462, -94.5455, -94.51483, -95.3661, -94.54614, -94.31921, -94.60288, -95.63121, -94.22274, -95.34418, -94.44024, -94.84504, -94.857364, -94.83237, -94.87354, -94.84286, -94.80941, -94.80299, -94.857364, 
-93.555456, -93.54803, -94.08876, -93.478696, -93.5483, -93.3395, -93.79569, -93.80512, -93.04973, -93.792393, -93.17023, -92.88165, -93.77349, -93.48123, -93.45736, -93.98136, -93.91742, -93.62076, -93.22876, -93.96536, -93.39425, -93.8395, -93.35686, -93.99009, -93.33273, -93.31489, -93.97143, -93.80694, -94.09563, -94.04897, -93.17676, -93.43981, -93.19234, -93.988865, -93.25995, -93.67718, -94.21671, -92.92916, -93.30007, -93.09683, -93.54965, -93.71189, -93.794818, -93.33102, -93.69201, -94.12713, 
-94.05158, -93.25234, -93.58237, -93.16074, -93.07282, -93.00865, -93.56742, -93.431928, -93.23128, -93.46006, -93.61143, -93.62835, -93.377455, -93.37642, -94.14693, -94.34126, -94.34512, -94.55686, -94.57551, -94.02233, -94.35764, -93.93112, -94.50225, -94.32317, -93.82496, -94.57953, -93.76042, -93.65335, -94.09323, -93.7365, -94.55673, -94.56078, -94.22863, -94.00271, -94.50955, -94.49465, -94.18376, -94.09057, -94.12773, -94.42222, -94.5645, -94.31032, -94.01643, -94.2761, -93.68518, -94.51496, 
-93.73225, -94.338133, -94.345591, -94.22416, -94.57635, -93.98973, -94.45313, -94.35075, -93.67676, -94.331993, -94.53424, -94.38241, -94.07515, -93.80721, -94.10004, -94.26399, -94.00494, -93.781478, -94.21822, -94.50169, -94.335453, -94.335453, -94.51124, -94.405903, -94.42087, -94.44972, -94.5856, -94.12946, -94.55543, -94.44019, -94.31164, -94.32419, -94.41181, -94.10161, -94.42691, -94.24731, -94.4509, -94.00043, -94.44382, -94.39016, -94.152072, -94.47579, -94.48079, -94.28956, -94.43498, 
-94.52788, -94.16048, -94.14484, -94.12545, -94.60271, -94.338957, -94.59415, -94.15805, -94.22947, -94.342802, -94.335453, -94.47465, -94.05116, -94.05456, -94.600647, -94.356728, -94.356728, -92.02352, -92.24395, -92.72167, -91.74108, -91.62432, -91.90722, -92.49693, -92.56443, -92.78269, -92.178057, -92.39311, -91.78052, -92.67253, -92.58395, -92.438629, -92.3956, -92.80171, -91.92629, -91.58968, -92.82494, -92.867804, -92.28803, -92.31857, -91.47293, -92.610941, -92.11831, -92.48206, -92.58331, 
-92.00546, -92.67262, -92.69655, -91.81695, -92.6855, -92.35461, -91.95135, -92.610941, -92.166, -91.8776, -91.64049, -91.65954, -92.08132, -92.48693, -92.66935, -91.49522, -91.69826, -92.6068, -91.57242, -92.71511, -92.46675, -92.25872, -92.19491, -91.80921, -93.00645, -92.75899, -91.9766, -92.79811, -92.43221, -92.43502, -92.84968, -92.02791, -92.13905, -92.249342, -92.249342, -92.249342, -92.249342, -92.249342, -92.249342, -92.249342, -92.25329, -92.249342, -92.249342, -92.29003, -92.30033, -92.36887, 
-92.349574, -92.102153, -92.33043, -92.320783, -92.102153, -92.102153, -92.102153, -92.70579, -91.8983, -91.75007, -92.73932, -93.11175, -92.81139, -92.43041, -92.13684, -92.36456, -92.67946, -92.99396, -92.4927, -92.67027, -92.81278, -91.95808, -92.84612, -92.23452, -92.45914, -92.53612, -92.13198, -92.55356, -92.41023, -92.9155, -91.92948, -92.22005, -91.67592, -91.88404, -92.4344, -92.68811, -92.00144, -92.93735, -92.41251, -92.53946, -91.73545, -92.80488, -91.81864, -91.86679, -92.29136, -91.99901, 
-93.20442, -92.52188, -92.102153, -93.23231, -93.281672, -93.55485, -92.94664, -93.46794, -92.96, -93.62914, -92.99055, -93.19156, -93.14236, -93.49429, -92.97655, -92.96214, -93.41123, -93.32101, -93.25182, -93.33085, -93.56712, -93.4275, -93.26634, -93.37889, -93.18783, -93.22589, -93.11417, -93.04083, -92.99077, -93.06252, -93.09353, -93.40798, -92.9168, -93.36354, -93.51705, -91.77105, -91.817936, -91.777182, -91.391848, -92.214372, -91.96543, -91.49134, -91.1097, -91.1704, -91.20688, -92.08435, 
-92.07367, -91.26828, -91.49431, -92.26091, -91.4163, -91.19197, -92.05671, -92.09833, -92.04337, -91.83904, -92.7831, -91.91627, -91.36574, -91.79134, -92.39099, -92.12685, -91.63376, -91.95471, -92.20608, -92.30496, -92.101845, -91.54342, -91.98054, -93.001374, -91.67142, -92.28363, -91.29375, -92.64733, -91.75234, -91.76321, -91.87351, -92.2971, -91.337506, -91.71697, -91.93811, -92.17323, -91.78576, -92.40512, -92.09108, -91.61179, -91.51423, -91.97203, -91.25495, -91.13438, -92.5161, -92.09651, 
-91.65064, -92.217391, -91.337506, -91.851732, -91.7742, -91.94655, -92.19165, -92.135741, -91.426693, -92.22218, -91.30515, -91.82976, -92.94184, -92.59117, -93.57069, -92.705545, -93.86589, -93.59815, -93.71063, -91.36286, -93.842468, -92.66205, -92.14776, -93.52526, -93.34364, -93.53629, -93.40072, -92.89942, -93.235798, -93.25668, -93.34884, -92.38351, -93.38497, -92.94999, -93.10129, -93.90647, -93.50573, -93.85105, -92.14245, -93.01139, -93.00082, -93.20341, -93.43738, -92.83345, -93.53989, 
-93.195, -93.70554, -92.877874, -92.17819, -92.33081, -93.5614, -93.73134, -93.03846, -93.539707, -93.70745, -93.98011, -93.16252, -93.61158, -93.44334, -92.94888, -93.11171, -93.897434, -92.43342, -93.48394, -93.00809, -93.64371, -93.2482, -92.27211, -93.83934, -92.58794, -93.23617, -93.62758, -92.442341, -92.50741, -93.30305, -93.30696, -93.23552, -93.216187, -93.59877, -93.49861, -92.62804, -93.11007, -93.01608, -93.46715, -93.96162, -92.162456, -93.16513, -93.43392, -91.697596, -92.09857, -91.30687, 
-91.64615, -92.77286, -92.4949, -92.5821, -93.61839, -92.90929, -93.84181, -93.91488, -93.42709, -92.27609, -93.80738, -92.76311, -93.30563, -92.58195, -92.41231, -92.93715, -93.21541, -92.76541, -94.02134, -93.31817, -93.26457, -93.241839, -93.27802, -93.34371, -92.59234, -94.156, -93.12274, -93.17887, -92.81449, -93.94164, -93.48502, -93.37153, -93.47407, -93.28199, -93.16335, -92.442341, -93.0784, -92.89513, -93.95233, -92.78857, -93.58793, -93.82877, -93.07945, -93.30942, -92.62563, -93.95502, 
-93.10971, -93.02965, -92.26753, -92.69301, -92.66205, -92.98423, -93.343673, -92.25803, -93.17456, -92.25917, -93.78328, -93.54065, -93.21227, -94.01825, -92.53414, -93.49803, -91.87408, -91.986785, -91.98863, -91.29933, -93.38237, -93.4179, -92.92425, -92.32949, -93.80653, -92.9428, -92.88033, -91.70972, -91.88978, -92.10602, -91.52391, -91.95796, -93.343673, -93.31817, -93.29015, -93.2519, -93.343673, -93.29923, -93.31297, -93.343673, -93.20199, -93.31461, -93.343673, -93.343673, -93.343673, -93.27, 
-93.295137, -93.259586, -95.13472, -95.21058, -94.94259, -95.18541, -95.0154, -94.90453, -94.6957, -94.98779, -95.40614, -95.23992, -95.27417, -94.97681, -95.00349, -95.11389, -95.00622, -95.39413, -94.87824, -95.06455, -94.85125, -94.93177, -94.9265, -94.899201, -95.25997, -95.12925, -95.2569, -94.852061, -95.17473, -94.73705, -95.31425, -95.09067, -94.89859, -95.23202, -95.275623, -95.22513, -95.31219, -94.93555, -95.30399, -95.43138, -94.831991, -95.06283, -94.68121, -95.19892, -94.82166, -95.52321, 
-95.32966, -94.85558, -94.77581, -94.831991, -94.96465, -95.32501, -95.27355, -95.44963, -94.86706, -94.98253, -95.40163, -94.70142, -95.44709, -95.1287, -95.26646, -95.1232, -95.2668, -95.233817, -94.83362, -94.65527, -95.08112, -95.12869, -95.45781, -94.95873, -95.33705, -95.10414, -95.50973, -95.34005, -95.44342, -95.24608, -94.62568, -94.66643, -94.62453, -94.67203, -94.63125, -94.68872, -94.80033, -94.749538, -94.79019, -94.76614, -94.723271, -94.61878, -94.749538, -94.61329, -94.749538, -96.129009, 
-95.734523, -94.749538, -94.679486, -94.66658, -94.70583, -94.67528, -94.63097, -94.62223, -94.64691, -94.63102, -94.63248, -94.70473, -94.64136, -94.68189, -94.70758, -94.71498, -94.74145, -94.73924, -94.78107, -94.8126, -94.77155, -94.82117, -94.71231, -94.831991, -94.66594, -94.62127, -94.831991, -94.84844, -94.86987, -94.831991, -94.831991, -94.831991, -94.831991, -94.831991, -94.831991, -94.831991, -94.831991, -95.409339, -94.654599, -96.29473, -95.84417, -96.26985, -96.17343, -96.41726, -96.18665, 
-95.96831, -95.55745, -96.63791, -96.77794, -95.88076, -95.68963, -96.14204, -95.85396, -96.03394, -95.94736, -95.60496, -95.917186, -96.06113, -96.12775, -95.41505, -95.72861, -96.506769, -96.43876, -95.92512, -95.54874, -95.98397, -96.07717, -95.54497, -95.7132, -96.50361, -95.53567, -95.69171, -96.83653, -96.80662, -96.85876, -96.31402, -95.67363, -94.77251, -96.23893, -96.56932, -96.64914, -96.675295, -96.57872, -96.0343, -96.63963, -95.75535, -95.63079, -95.55387, -96.90611, -95.70325, -95.72954, 
-96.70935, -96.57004, -96.59975, -96.21101, -95.9413, -95.83132, -95.52869, -96.15801, -95.68096, -95.54333, -96.84635, -95.36776, -95.95263, -95.82289, -96.43346, -96.07148, -95.72799, -96.04833, -95.85898, -95.97495, -96.3636, -95.55336, -95.61031, -96.28476, -95.71995, -96.31279, -96.76189, -96.4027, -95.81925, -96.257561, -95.6202, -96.76806, -96.522806, -95.780662, -95.67547, -95.71698, -95.65056, -95.71088, -95.64804, -95.66824, -95.66869, -95.79016, -95.6979, -95.68048, -95.76057, -95.88115, 
-95.63808, -95.63373, -95.73302, -95.6938, -95.769657, -95.769657, -95.769657, -95.769657, -95.769657, -95.769657, -95.769657, -95.769657, -95.769657, -96.43889, -95.769657, -95.769657, -95.769657, -95.769657, -95.769657, -95.788948, -95.769657, -95.769657, -95.769657, -95.769657, -95.769657, -95.769657, -95.769657, -95.769657, -95.769657, -94.73389, -95.65671, -94.64895, -94.70622, -94.74929, -95.73245, -95.07063, -95.69832, -95.45681, -94.729782, -94.82665, -94.87713, -95.743835, -94.704133, -95.18806, 
-95.24755, -94.82712, -94.70402, -95.84307, -94.71256, -94.65462, -95.37039, -94.65864, -95.346697, -94.86078, -94.95144, -95.681454, -95.43452, -95.39695, -95.2947, -94.977587, -95.00432, -94.8929, -95.16768, -94.63283, -95.683, -95.56976, -95.93926, -94.62156, -95.56255, -94.70414, -94.69088, -94.69495, -94.89202, -94.71538, -95.15952, -95.18816, -94.82738, -95.14826, -95.48417, -95.93877, -94.84372, -94.97218, -95.06279, -94.75259, -94.92613, -95.7313, -96.19736, -95.972744, -96.08821, -96.16385, 
-96.47367, -96.25853, -96.78484, -95.74293, -96.89128, -96.66349, -96.77229, -96.52969, -96.49331, -96.58981, -96.69377, -96.92825, -95.89505, -96.21271, -95.9686, -96.242059, -95.82627, -95.63461, -96.95611, -96.96494, -96.16635, -97.01768, -96.51545, -96.07111, -95.98917, -96.20048, -97.1049, -95.97685, -96.50104, -96.00967, -95.62641, -96.73809, -96.663865, -97.64627, -97.49191, -98.92213, -96.87232, -97.62881, -98.29451, -97.26295, -97.40544, -97.90386, -97.44917, -98.44356, -97.9986, -96.96583, 
-97.30119, -96.88156, -96.98906, -97.84511, -98.18519, -99.03877, -98.58668, -97.10565, -97.3249, -98.20722, -97.16491, -97.53242, -97.42125, -97.650902, -97.13434, -98.02957, -97.81023, -97.76394, -98.79561, -97.06111, -97.783181, -98.04227, -97.788817, -97.62602, -97.11321, -98.03857, -97.76478, -97.02831, -96.83152, -98.24779, -96.98153, -96.53372, -97.29152, -97.51828, -97.10839, -97.87011, -96.78463, -97.67008, -98.89486, -97.60782, -96.65629, -96.48447, -97.78765, -97.49452, -98.93543, -99.33385, 
-97.54135, -97.65338, -97.152533, -98.39643, -97.87357, -97.25167, -96.7426, -96.99851, -97.12711, -96.84294, -96.32433, -96.07105, -97.84835, -97.68539, -97.19239, -97.5739, -97.34817, -99.29989, -97.205419, -97.5139, -98.67631, -98.03916, -99.09672, -97.34785, -98.37544, -97.43368, -97.21489, -98.54262, -98.75308, -97.27309, -98.10612, -98.23619, -98.49342, -98.83859, -96.59795, -97.31611, -96.7069, -97.46797, -96.75924, -97.55569, -98.60271, -97.66554, -97.75943, -97.52827, -97.67462, -99.47608, 
-97.22812, -97.92699, -98.41625, -97.323, -97.34635, -97.85182, -97.18161, -97.3804, -96.40529, -97.01423, -98.75394, -99.50499, -98.03131, -97.00329, -96.57856, -97.12421, -98.68324, -97.44004, -96.22324, -98.41429, -97.36562, -98.21584, -98.96044, -97.01477, -97.10432, -97.33059, -97.62031, -98.20814, -97.25509, -97.41247, -97.12193, -99.14364, -96.97885, -98.30304, -97.258997, -97.33362, -97.36237, -97.35763, -97.42917, -97.23166, -97.23289, -97.28114, -97.4372, -97.26652, -97.31917, -97.4343, 
-97.36204, -97.31777, -97.42398, -97.31751, -97.36312, -97.27953, -97.31997, -97.27841, -97.26626, -97.262371, -97.499, -97.23115, -97.491566, -97.171098, -97.1706, -97.410154, -97.171372, -97.33449, -97.4959, -97.287134, -97.480419, -97.480419, -97.480419, -97.480419, -97.480419, -97.480419, -97.480419, -97.480419, -97.480419, -95.72898, -95.30389, -95.2227, -95.91616, -96.17845, -95.54722, -95.08365, -95.61814, -95.504561, -95.70982, -95.41692, -95.356, -95.93171, -96.19019, -96.43368, -95.9426, 
-96.26594, -95.58247, -96.07025, -96.29965, -95.41003, -96.01065, -95.13678, -95.25834, -96.09053, -96.22087, -95.71842, -95.82167, -97.61553, -97.650446, -97.21973, -97.005915, -97.59811, -97.54588, -98.04615, -97.944818, -98.07736, -97.58943, -97.97921, -97.9286, -98.39638, -97.41789, -98.43768, -97.01425, -97.1552, -96.190914, -97.73798, -98.55591, -97.27114, -98.22729, -97.11391, -97.75005, -97.53229, -98.1392, -97.82634, -98.3031, -96.99137, -97.40005, -96.92129, -98.43104, -97.12005, -98.38455, 
-98.13731, -98.17577, -97.67156, -98.00626, -97.30594, -98.33675, -97.67719, -97.89512, -97.47176, -97.70794, -97.22525, -97.51114, -97.410025, -98.7059, -98.70224, -97.05274, -97.648402, -97.93323, -97.642827, -97.39924, -98.40165, -97.25917, -97.15947, -97.83261, -98.50294, -97.04513, -97.435986, -98.44972, -97.89977, -96.9568, -98.470661, -97.92382, -97.929, -98.085924, -97.93976, -98.22479, -99.04195, -98.31957, -99.53906, -98.18757, -100.05532, -99.68699, -100.16811, -99.10017, -99.18943, -99.74865, 
-97.74843, -99.54314, -98.37397, -98.56309, -98.56205, -99.2477, -98.78495, -97.79101, -98.76647, -98.64732, -97.80321, -99.43134, -99.3193, -99.12757, -99.23229, -99.32062, -98.2025, -99.52231, -98.95861, -99.44681, -99.92622, -98.08847, -99.56069, -98.93228, -99.04206, -98.10291, -98.97856, -98.31657, -97.98231, -99.90598, -98.41672, -99.40331, -99.26298, -98.79487, -98.59126, -98.20222, -98.41303, -98.45617, -100.19251, -97.871147, -99.32559, -99.13229, -99.72471, -98.95757, -99.68559, -98.70904, 
-99.216051, -98.96837, -100.17544, -96.100176, -100.08722, -99.60749, -98.60426, -100.45129, -99.60135, -98.84528, -99.30712, -99.03432, -99.8456, -100.29331, -99.1437, -99.91904, -99.59094, -99.53467, -98.55613, -98.69182, -100.08518, -99.04018, -100.20732, -99.93288, -99.75144, -99.61488, -98.91517, -99.98755, -99.1815, -99.32852, -99.31688, -99.56002, -98.8672, -99.598374, -99.33117, -99.32578, -99.45494, -99.15047, -99.89944, -98.79762, -99.07886, -99.09119, -101.04485, -101.1109, -101.54448, 
-101.3533, -101.51227, -100.89755, -101.75422, -100.46085, -100.47735, -100.64563, -100.78687, -100.3861, -102.00483, -101.23341, -100.93866, -101.36332, -101.04488, -100.83926, -100.53872, -100.35656, -100.2322, -100.74875, -101.82167, -100.59954, -101.73575, -101.50937, -101.99084, -101.20603, -100.02632, -99.77662, -99.63435, -100.32811, -102.00832, -100.67514, -101.12571, -100.43776, -99.98903, -100.22704, -99.74869, -99.93, -100.2073, -98.524566, -100.82503, -99.73853, -100.62302, -101.01535, 
-100.993268, -100.49796, -99.96701, -101.68074, -100.415419, -101.5325, -99.692418, -100.75208, -101.2722, -101.39536, -101.91157, -101.22087, -100.34464, -99.96723, -100.46228, -100.67849, -100.58189, -101.00775, -100.93476, -99.72578, -100.84391, -101.80781, -101.7871, -101.33268, -99.88021, -100.92813, -100.938049, -97.462993, -101.88893, -101.349, -101.18541, -101.83681, -101.61909, -96.94965, -96.34446, -96.38189, -96.62313, -95.90796, -96.17269, -96.14965, -96.182295, -96.12833, -96.9594, -96.64986, 
-96.10884, -96.64953, -96.61679, -96.37407, -96.26545, -96.24565, -96.02777, -96.48869, -96.617443, -96.25535, -96.25866, -96.48475, -96.55172, -96.964345, -96.5315, -96.2123, -96.42899, -96.96036, -96.14841, -96.45359, -96.3393, -96.73951, -96.47719, -96.43168, -96.44999, -96.49444, -96.04484, -96.73093, -95.91589, -96.83506, -96.07452, -96.50536, -96.090546, -96.708, -96.24529, -96.15635, -96.21577, -96.67747, -96.50454, -96.3396, -96.84586, -96.6226, -96.48276, -96.20759, -96.30195, -96.78359, 
-96.48868, -96.503281, -96.40258, -96.171104, -95.9362, -96.171104, -96.0006, -95.96383, -95.99897, -95.95539, -95.93353, -96.171104, -95.93427, -95.96434, -95.95924, -95.90649, -96.04798, -96.15352, -95.99675, -96.17108, -96.171104, -96.171104, -96.04609, -95.95126, -96.05073, -96.05009, -96.05318, -96.18017, -95.96383, -95.99741, -96.00547, -96.05181, -96.17862, -96.18662, -96.12108, -96.13394, -96.171104, -96.10608, -96.11505, -96.171104, -95.95592, -96.00077, -96.11422, -96.171104, -95.99058, 
-96.11027, -96.171104, -96.171104, -96.171104, -96.171104, -96.171104, -96.171104, -96.171104, -96.171104, -96.171104, -95.93, -96.171104, -97.992289, -95.946368, -96.52637, -97.41164, -96.38842, -95.84422, -96.13068, -96.57326, -96.74604, -97.26849, -97.03437, -97.5574, -97.60967, -96.50073, -96.66049, -97.76081, -95.96011, -95.69665, -97.54836, -96.35497, -96.29776, -97.76979, -97.68109, -97.61926, -96.84511, -96.17229, -97.3522, -96.70362, -96.40254, -96.96099, -97.81152, -96.67667, -95.83868, 
-97.26389, -96.84873, -97.73636, -96.91229, -96.93428, -97.13139, -96.3806, -96.02099, -96.02796, -96.4362, -96.13044, -96.29537, -97.07633, -97.43684, -97.20374, -97.58041, -95.58631, -96.54833, -96.60568, -97.28305, -96.96787, -97.60056, -97.42863, -97.22019, -97.72408, -96.43555, -97.39671, -96.78914, -97.54895, -97.77856, -96.62295, -96.64233, -97.47265, -95.9426, -97.02445, -96.01864, -95.99, -96.40309, -96.4838, -96.086904, -97.58296, -96.84839, -96.16547, -96.7559, -97.05841, -97.39726, -96.24729, 
-95.93611, -95.87023, -96.00315, -95.67683, -96.81761, -97.45367, -96.09516, -96.3845, -96.50816, -96.15968, -95.73152, -96.71396, -96.93931, -97.00106, -96.82364, -97.380646, -96.66579, -95.43297, -95.74181, -97.11206, -97.73815, -95.63981, -96.745622, -97.2052, -97.03057, -96.24072, -95.77517, -96.37773, -97.58391, -97.09357, -96.18201, -96.08978, -96.02353, -96.2097, -97.84507, -97.33094, -96.28913, -95.89714, -97.32084, -95.69982, -96.49182, -97.45072, -96.53044, -96.52581, -96.14188, -97.20746, 
-96.99849, -96.65361, -97.58884, -96.823133, -96.69589, -96.67552, -96.65563, -96.62564, -96.64599, -96.62914, -96.70744, -96.688799, -96.65634, -96.69574, -96.662138, -96.64566, -96.61495, -96.59023, -96.71298, -96.74974, -96.76178, -96.79586, -96.59122, -96.53061, -96.78598, -96.779796, -96.720143, -96.8585, -96.688799, -96.688799, -96.688799, -96.688799, -96.692843, -97.37192, -97.541795, -98.0246, -96.63929, -98.51413, -98.1094, -97.23485, -97.00012, -98.17449, -97.83118, -97.12748, -97.35456, 
-97.12638, -96.89662, -97.49439, -97.01583, -98.13311, -98.64132, -97.96381, -97.75199, -97.01367, -97.49723, -97.24781, -97.6865, -97.60921, -96.78066, -96.77567, -97.56993, -98.04549, -97.48974, -97.78036, -98.24319, -97.29532, -96.93521, -97.86898, -97.06915, -97.41634, -97.70019, -96.78794, -98.38523, -97.60295, -97.30554, -97.22235, -97.41741, -97.601348, -96.85153, -98.98515, -98.94136, -99.52938, -97.60196, -96.8338, -97.20918, -97.67271, -98.56946, -98.01432, -98.85921, -97.20373, -97.87578, 
-98.77798, -98.21846, -97.20526, -96.96331, -97.9023, -97.51543, -96.43904, -96.98116, -96.73644, -98.79953, -98.42285, -97.3801, -97.67446, -97.601337, -97.25267, -97.3009, -96.58297, -98.51848, -96.60668, -97.09057, -98.43592, -97.4751, -97.45212, -97.250378, -96.926042, -97.70788, -99.44391, -99.11638, -98.02352, -96.92796, -97.79839, -99.31812, -98.07011, -97.96188, -98.60341, -98.22358, -97.61574, -98.40272, -97.54527, -97.06804, -97.80618, -96.76399, -97.35618, -99.59463, -98.12019, -97.27699, 
-96.4187, -98.68298, -99.8661, -97.21583, -99.13746, -97.84085, -98.191178, -98.12001, -96.87191, -96.72103, -97.55717, -97.03303, -96.72569, -97.99902, -97.17016, -96.9295, -97.14372, -97.859489, -98.33087, -98.50213, -98.38749, -98.47051, -99.2839, -99.82976, -99.38123, -99.1444, -98.12755, -98.78701, -98.00493, -99.4839, -98.69726, -99.81717, -99.63075, -99.12531, -98.60417, -99.95439, -98.00225, -98.17004, -99.24938, -98.57308, -98.38794, -100.15245, -99.6325, -98.61248, -99.37512, -99.05046, 
-98.67027, -98.86414, -98.16372, -98.49117, -97.89355, -99.04756, -99.11839, -97.89516, -99.05499, -99.069318, -99.074058, -99.7424, -99.12336, -98.96733, -98.00297, -99.33514, -99.81791, -99.37818, -98.79933, -99.77117, -99.25626, -98.93307, -99.52687, -98.22475, -98.20719, -99.11132, -98.52983, -98.88267, -99.15387, -98.82619, -98.31587, -98.47449, -99.41055, -98.68461, -98.74701, -99.48582, -99.49058, -99.728097, -99.35516, -98.4231, -98.5978, -98.38131, -98.397248, -99.35398, -99.89562, -99.47144, 
-99.11348, -98.43946, -99.8225, -99.61498, -98.59331, -99.04457, -98.43446, -98.73884, -98.04812, -98.15079, -97.96363, -99.7648, -99.86334, -98.10957, -98.94389, -99.24602, -98.28892, -98.30306, -97.9101, -98.09442, -98.78434, -99.97619, -99.05694, -100.03595, -99.37311, -98.65405, -98.66952, -98.23217, -98.53981, -98.67681, -98.24659, -99.50047, -98.92412, -99.14622, -98.03859, -98.792699, -97.89427, -99.46708, -99.62187, -99.404864, -98.52808, -99.23875, -98.78853, -98.55892, -97.87696, -97.94955, 
-99.74003, -99.63058, -98.07828, -97.85433, -98.26496, -98.88958, -99.18638, -100.63052, -100.3015, -101.54055, -100.17857, -101.88349, -100.85376, -100.50729, -100.44338, -101.53601, -100.05391, -100.21881, -101.96041, -101.23172, -100.95654, -101.67576, -100.42375, -100.28026, -101.40758, -100.65778, -100.35262, -101.11224, -101.7201, -100.37754, -101.23375, -101.01311, -101.35561, -100.11077, -100.77502, -100.746912, -100.22265, -101.68816, -102.08926, -100.34398, -102.85851, -101.89092, -103.9024, 
-102.40905, -99.97697, -103.00711, -100.96318, -103.47126, -101.38031, -100.2201, -100.15719, -101.75824, -102.97377, -100.27285, -101.03117, -101.60141, -103.6608, -101.77851, -102.05512, -102.55973, -102.63874, -101.5378, -100.54009, -101.09299, -101.69819, -102.35025, -101.37877, -103.28325, -100.3151, -102.995925, -100.74359, -103.01949, -100.53006, -101.17899, -100.52739, -100.98254, -101.98221, -101.17982, -100.73442, -100.070257, -102.331762, -100.64716, -99.88206, -101.36663, -100.78789, 
-100.03899, -100.92827, -99.70826, -101.65674, -101.09984, -100.25556, -100.26756, -102.84937, -102.96652, -101.98548, -103.31277, -102.18247, -103.10517, -103.00219, -103.39841, -102.19792, -103.65998, -102.00083, -103.72421, -103.83101, -102.65443, -103.17741, -104.04977, -101.73705, -102.42833, -103.99465, -103.416351, -103.21227, -103.51728, -103.47009, -103.78815, -103.95935, -102.48573, -103.65241, -103.70726, -102.51068, -101.56145, -103.2562, -90.513522, -90.16902, -90.16245, -90.2138, -90.0901, 
-90.13398, -90.19128, -90.0901, -90.0901, -90.0901, -90.156143, -90.44769, -90.29969, -89.99902, -90.0901, -90.12419, -90.00616, -89.38007, -90.38655, -89.94043, -89.51381, -89.477464, -89.96118, -89.951441, -89.872599, -90.37563, -90.546138, -90.5538, -89.59696, -90.61738, -90.68915, -90.05335, -90.0901, -90.0901, -90.03072, -90.41012, -90.06903, -90.0901, -90.0901, -90.2469, -90.0901, -90.0901, -90.25133, -90.48708, -90.1012, -90.48516, -90.483189, -90.35142, -90.69956, -90.10933, -90.0901, -89.92089, 
-90.64073, -90.38595, -90.41389, -90.43063, -89.364034, -89.78139, -89.7883, -90.55987, -89.82225, -90.85714, -90.30965, -90.71178, -89.35898, -89.89726, -89.878719, -90.17737, -90.0901, -90.24, -90.07757, -90.08408, -90.03667, -90.10197, -90.06403, -90.03036, -90.12347, -90.08747, -90.16037, -90.06264, -90.20536, -90.10947, -90.10411, -90.01972, -89.97736, -89.95638, -89.88511, -90.07195, -89.98982, -89.882564, -90.078312, -90.0901, -89.882564, -89.882564, -90.038021, -89.882564, -89.882564, -90.068022, 
-89.882564, -89.882564, -89.882564, -89.882564, -89.882564, -89.882564, -90.109823, -89.882564, -89.882564, -90.070922, -89.882564, -89.882564, -89.882564, -89.882564, -90.07532, -89.882564, -89.882564, -89.882564, -89.882564, -89.882564, -89.882564, -89.882564, -89.882564, -89.882564, -89.882564, -89.882564, -89.882564, -90.0901, -89.815993, -90.0901, -89.882564, -89.882564, -89.882564, -89.882564, -89.882564, -89.882564, -89.882564, -90.079501, -90.81809, -90.502848, -90.816914, -91.19813, -91.220844, 
-91.07576, -91.22938, -90.59881, -90.61939, -90.34043, -91.00104, -90.944418, -90.69689, -90.30479, -90.46202, -90.97455, -90.24378, -90.01211, -90.77238, -90.7475, -90.865568, -90.6903, -90.72076, -92.096266, -90.596159, -90.9636, -90.44546, -90.49218, -90.55223, -90.869481, -90.52556, -91.18252, -91.259347, -92.107422, -91.02187, -91.05456, -91.31347, -91.02586, -90.6097, -90.83425, -90.82604, -90.47254, -90.480403, -90.4762, -90.422504, -90.00103, -90.405312, -90.52108, -89.86251, -89.87774, -89.941408, 
-90.037115, -89.93089, -90.131145, -90.10491, -90.125666, -90.07953, -90.51026, -90.1898, -90.12066, -90.07828, -90.74688, -90.32332, -90.51744, -90.50206, -89.93118, -90.35689, -90.18519, -90.05999, -90.72701, -90.26252, -90.48375, -89.76917, -90.77604, -90.41728, -90.30638, -90.51064, -89.881256, -89.77587, -89.881256, -89.81176, -89.73049, -90.57297, -89.90398, -89.88582, -90.51254, -90.50196, -89.820725, -89.881256, -89.881256, -90.08105, -90.452775, -90.154156, -92.01, -92.00959, -92.026969, 
-92.04706, -92.01866, -92.01877, -92.05912, -92.02759, -92.01974, -92.000019, -92.14872, -92.176655, -91.91702, -91.90578, -91.54679, -92.58568, -92.30363, -91.86169, -91.95251, -91.911387, -92.0433, -91.84786, -91.439679, -91.5301, -92.32115, -92.21772, -92.37921, -92.301795, -91.98682, -92.16211, -92.51199, -92.69691, -92.03811, -92.46576, -92.41578, -92.5677, -91.52561, -91.46569, -92.04753, -92.54417, -92.49549, -91.6698, -92.66375, -92.3207, -92.72596, -92.1835, -91.973736, -91.71294, -92.42652, 
-92.13152, -92.57614, -92.06338, -92.51166, -91.84073, -91.6331, -91.78314, -91.812552, -92.09521, -92.086077, -92.158982, -92.41968, -91.93006, -92.26431, -92.42562, -92.73951, -91.8003, -92.10099, -92.07786, -92.40532, -92.30628, -92.05479, -92.83199, -91.99993, -92.095109, -90.570722, -92.02, -92.095109, -92.095109, -93.20496, -93.326527, -93.24905, -93.326527, -93.19632, -93.326527, -93.2109, -93.326527, -93.14977, -93.326527, -93.326527, -93.03224, -93.40907, -93.0363, -93.41221, -93.27071, 
-92.98065, -92.79442, -93.49998, -92.91837, -93.200936, -92.88732, -92.94408, -93.37575, -92.91992, -93.00386, -92.85992, -92.91527, -92.96199, -93.2561, -93.55827, -92.89081, -92.74582, -92.94802, -93.13957, -93.02735, -93.28194, -93.42135, -93.66472, -93.00582, -93.3636, -93.326527, -93.42412, -93.59815, -93.27047, -91.080373, -90.92758, -90.869481, -91.26121, -90.58546, -91.59294, -91.14763, -91.70531, -91.36026, -91.59119, -90.868876, -91.25549, -91.33252, -91.07975, -90.921, -90.84644, -90.95909, 
-90.92827, -90.843449, -90.945836, -91.41898, -91.11541, -91.61612, -90.80054, -91.00875, -91.33786, -90.92251, -90.869481, -90.98014, -91.42148, -90.77619, -90.67464, -91.67672, -91.22812, -91.41468, -91.74246, -91.566273, -91.39994, -91.7126, -90.75228, -91.55075, -91.6325, -91.51619, -91.58029, -91.44032, -91.07895, -91.46181, -90.73674, -91.24853, -91.36026, -91.26324, -90.93955, -90.99489, -91.46806, -91.36361, -90.81947, -91.37308, -91.09595, -91.10915, -90.85707, -91.15362, -91.48607, -91.53701, 
-91.39852, -91.358149, -90.84035, -90.958219, -91.47351, -91.1593, -91.09672, -91.14015, -90.802759, -91.18633, -91.17305, -91.186834, -91.133905, -91.15612, -91.13806, -91.17865, -91.1497, -91.08035, -91.09041, -91.13185, -91.1188, -91.194863, -91.06862, -91.06358, -91.03815, -90.99921, -91.04812, -91.01659, -91.17065, -91.044723, -91.080373, -91.080373, -91.080373, -91.080373, -91.082468, -91.080373, -92.694679, -91.080373, -91.080373, -91.08631, -91.080373, -91.102808, -91.18, -91.2054, -91.080373, 
-91.080373, -91.080373, -91.18, -91.080373, -91.171456, -91.080373, -91.080373, -91.080373, -91.080373, -91.990319, -92.9062, -93.08273, -93.01709, -93.88028, -93.6991, -94.00923, -92.95173, -93.89317, -93.10383, -93.40802, -93.31928, -93.44959, -93.39035, -93.21326, -93.367949, -93.69008, -93.05705, -93.83918, -93.8191, -92.9059, -93.78584, -93.99683, -93.30398, -93.367949, -93.55133, -93.11344, -93.29549, -93.03176, -93.87995, -93.89254, -93.16075, -93.95402, -93.87089, -92.85568, -93.98356, -93.913834, 
-93.50366, -93.68585, -93.608059, -93.28751, -93.250705, -93.691972, -93.97534, -93.97188, -93.48365, -93.68912, -93.5082, -93.19719, -93.5026, -93.33008, -93.99733, -92.98414, -93.45295, -93.3102, -93.30297, -93.45992, -93.155616, -93.79469, -92.80471, -93.101086, -93.97599, -93.203923, -93.74861, -93.75256, -93.76761, -93.73671, -93.7133, -93.74542, -93.8305, -93.78, -93.80022, -93.61918, -93.70836, -93.6704, -93.608968, -93.62938, -93.8043, -93.89064, -93.75256, -93.8877, -93.75256, -93.75256, 
-93.75256, -93.75256, -93.75256, -93.75256, -93.75256, -93.75256, -93.75256, -93.75, -93.75256, -93.75256, -93.75256, -93.75256, -93.75256, -93.75256, -93.75256, -93.75256, -93.75256, -93.75256, -93.75256, -93.608968, -93.608968, -92.10755, -92.08881, -92.04384, -92.159354, -92.075615, -92.075583, -92.159354, -92.159354, -92.072683, -92.159354, -92.1, -91.7722, -91.71527, -91.90678, -91.843528, -92.65296, -91.67737, -92.34923, -92.45283, -92.49164, -91.89546, -91.691899, -91.50809, -91.216458, -92.3529, 
-92.67179, -91.47664, -92.37517, -92.159354, -92.37657, -91.398944, -91.78463, -92.71794, -92.72489, -91.691899, -91.61945, -92.69763, -91.31686, -91.20759, -92.70152, -91.80804, -92.23581, -91.74361, -91.4107, -91.79917, -91.45776, -92.72027, -91.78754, -92.64696, -92.649298, -92.648384, -92.80633, -91.11541, -92.57935, -91.856326, -92.08283, -92.159354, -91.17657, -91.216458, -91.20531, -92.1599, -92.18276, -92.159354, -91.72874, -92.46015, -92.42469, -92.50515, -92.446135, -92.526927, -92.619593, 
-92.398384, -91.77031, -91.72501, -92.16809, -92.21624, -91.691899, -92.32228, -91.57852, -92.04319, -92.19546, -91.97899, -92.23657, -92.07345, -92.08955, -91.51382, -91.64475, -91.92715, -91.82382, -92.15702, -92.12872, -91.86725, -91.9727, -92.40455, -92.526927, -92.05447, -92.08056, -91.75288, -91.76914, -91.91001, -92.06564, -91.24121, -91.89085, -92.526927, -92.4006, -92.419836, -91.95294, -91.77941, -92.526927, -91.31265, -92.3126, -91.67463, -91.82242, -92.22751, -91.48698, -91.4343, -91.78713, 
-91.70832, -91.97998, -93.42301, -92.75474, -92.394536, -93.51746, -92.48404, -92.67485, -92.77985, -93.09805, -93.02552, -92.13951, -92.89842, -92.6815, -92.06755, -93.71835, -92.63979, -92.54954, -92.6977, -91.91043, -93.46457, -92.88735, -93.097958, -93.44422, -92.52474, -92.677545, -92.38927, -92.62099, -92.94724, -92.16421, -92.572039, -92.79996, -93.38882, -92.565884, -92.15107, -93.361238, -93.104943, -93.22745, -92.79465, -92.526927, -93.54869, -93.41547, -92.98075, -92.85932, -92.97318, 
-92.98886, -93.09021, -93.079055, -93.21762, -93.621234, -93.27979, -93.71997, -92.65224, -92.19259, -92.72641, -92.39418, -93.17508, -93.29586, -92.927989, -92.80459, -92.43442, -93.02395, -93.200936, -92.604193, -92.34017, -92.29141, -92.58483, -92.6445, -92.50144, -93.66397, -93.289988, -93.079055, -92.890325, -91.98841, -92.09592, -92.04495, -91.955115, -91.832539, -92.071284, -91.20577, -92.26477, -91.97037, -91.47922, -91.50041, -91.26107, -91.86188, -91.5784, -91.70488, -91.79176, -92.14897, 
-91.25206, -91.732829, -92.31954, -92.33251, -91.27133, -91.38236, -91.76272, -91.81237, -91.732829, -91.54633, -91.80062, -92.18447, -91.53103, -91.214054, -91.47982, -92.14575, -91.27239, -91.83957, -91.41876, -92.08101, -91.24235, -91.93607, -91.55866, -91.4657, -91.699077, -92.081022, -92.81368, -92.842649, -92.64664, -93.189406, -93.13364, -92.53866, -92.56519, -93.01966, -93.097627, -92.64911, -92.52891, -93.18468, -92.43421, -93.13855, -92.47898, -92.39227, -92.18501, -92.647817, -92.76449, 
-92.52891, -92.77116, -93.20045, -93.20427, -93.22996, -92.90485, -92.66095, -92.7379, -92.80484, -93.06263, -92.34988, -92.48834, -92.543915, -92.52891, -93.234494, -93.31176, -93.1238, -93.59486, -93.559162, -94.24384, -94.13465, -94.13294, -93.57136, -93.67372, -93.43692, -93.294126, -93.807007, -94.33597, -94.03786, -93.95261, -93.46779, -94.38751, -93.85202, -93.80828, -93.71734, -93.854484, -94.3049, -94.30834, -93.294126, -93.58986, -94.14717, -93.63751, -93.92692, -93.85214, -94.01151, -93.99236, 
-93.7512, -93.36595, -93.28269, -93.91747, -93.49293, -93.47283, -93.71273, -93.294126, -94.14867, -94.38408, -93.01941, -93.099403, -93.099403, -93.048397, -92.9811, -93.099403, -93.08805, -92.968531, -93.189406, -93.45822, -93.42614, -93.05585, -93.19533, -94.0972, -93.4063, -93.70591, -94.39398, -93.51733, -92.95971, -93.002367, -93.5993, -94.35535, -94.3691, -94.200221, -93.03315, -93.76005, -93.099403, -93.83656, -94.21567, -93.23591, -93.58361, -93.69401, -93.88694, -93.72298, -93.82391, -93.33704, 
-93.24096, -93.73748, -93.66463, -93.25662, -93.61788, -93.4857, -94.03479, -94.19716, -94.35083, -93.189406, -93.189406, -92.88762, -92.50223, -91.40953, -91.7679, -91.10435, -91.35603, -91.98417, -91.54989, -92.46989, -91.90636, -92.36279, -91.10723, -92.59562, -92.62183, -91.40408, -92.622857, -92.28925, -91.46353, -91.19271, -92.49472, -92.03537, -91.74635, -93.00689, -91.30213, -92.57876, -92.545572, -91.29347, -92.67942, -92.48355, -92.43401, -92.354915, -92.444426, -92.354915, -91.25449, -91.875767, 
-91.26907, -92.4036, -91.52399, -91.46945, -91.32515, -91.26187, -92.16056, -92.07641, -91.92159, -92.21721, -91.13632, -92.32243, -91.77722, -92.22764, -91.36875, -92.31641, -92.37573, -91.259428, -91.58451, -92.27505, -92.7496, -91.59288, -92.29743, -91.573785, -92.1649, -91.70833, -91.14873, -92.71047, -91.259428, -91.76502, -91.66201, -91.12029, -91.30412, -92.12244, -92.392487, -92.20272, -92.82756, -91.65148, -91.67048, -92.01479, -92.65463, -91.8275, -91.90949, -92.8236, -92.26358, -92.65974, 
-92.140701, -92.11722, -91.15291, -91.82508, -92.38169, -92.8146, -92.89278, -92.42483, -92.54648, -91.10958, -92.75858, -92.13033, -91.24695, -92.39981, -92.26463, -92.392487, -92.24764, -92.17913, -92.30229, -92.259781, -92.21997, -91.81901, -92.7549, -91.23819, -92.392487, -92.79432, -92.86841, -92.61975, -92.63984, -92.54349, -92.06612, -92.20204, -92.1854, -91.57169, -91.3892, -92.55142, -92.01106, -92.06141, -91.50875, -91.15428, -92.66488, -92.07792, -91.73776, -91.732556, -91.73139, -92.39319, 
-91.98078, -92.32589, -92.6754, -92.55715, -92.65974, -91.53854, -92.2399, -91.45052, -91.24828, -92.66087, -91.98585, -91.22927, -91.46138, -92.22148, -91.77681, -91.92244, -91.606367, -91.87084, -92.21175, -92.45297, -92.059863, -92.19513, -91.259428, -92.392487, -92.27, -92.284718, -92.27987, -92.27765, -92.390766, -92.34019, -92.3355, -92.26865, -92.34242, -92.35557, -92.47087, -92.41345, -92.40807, -92.228248, -92.392487, -92.235668, -92.170174, -92.392487, -92.392487, -92.392487, -92.46821, 
-92.392487, -92.37117, -92.189397, -92.318651, -92.28, -92.392487, -90.17636, -90.285543, -89.972762, -90.89796, -90.767879, -90.028429, -90.677331, -89.91767, -89.966819, -89.966819, -90.54588, -89.93751, -90.81547, -90.76307, -90.253781, -90.8989, -90.33123, -90.97793, -90.00576, -90.20386, -90.46421, -90.31096, -90.85597, -90.78048, -90.726069, -90.17801, -90.27537, -91.02712, -90.76129, -90.64636, -90.414113, -90.46399, -90.99703, -90.44153, -90.14514, -90.0974, -90.755195, -91.00403, -90.3249, 
-90.76901, -89.89214, -90.72317, -90.77793, -90.20234, -90.41892, -90.94433, -90.97694, -91.00582, -90.78022, -90.02631, -90.96503, -90.5875, -90.84231, -90.31884, -90.34153, -91.0194, -89.966819, -91.05167, -90.22848, -90.772419, -90.36077, -90.77134, -90.88366, -90.65869, -89.966819, -91.09866, -90.63521, -90.04742, -90.83237, -90.772419, -90.68443, -90.652887, -90.703915, -90.74506, -91.07664, -90.569, -90.69114, -90.81054, -90.37402, -91.15045, -90.79589, -90.57059, -90.32581, -90.97073, -90.56479, 
-91.203248, -90.73187, -90.74383, -90.04314, -90.94537, -90.22249, -90.95873, -90.19067, -91.07618, -90.71725, -90.99827, -91.15872, -90.57906, -90.49913, -90.44247, -90.22683, -90.748876, -91.26055, -90.38816, -90.17029, -90.39082, -90.88239, -91.02349, -90.34016, -90.379616, -90.81515, -90.5102, -90.525077, -90.516585, -90.66941, -90.20277, -91.0141, -90.30302, -91.06249, -91.15181, -91.27997, -91.22327, -90.28187, -90.75676, -90.14377, -90.895421, -91.28209, -90.67579, -91.33713, -90.70524, -91.1314, 
-90.52742, -91.20318, -90.671802, -90.93254, -90.94429, -90.896784, -91.053, -90.89575, -91.37245, -91.63835, -91.534303, -91.75019, -91.63703, -92.0417, -91.944673, -91.96619, -92.16638, -91.7353, -91.53548, -91.45128, -91.84428, -91.30334, -91.59744, -91.7544, -91.68913, -92.12962, -91.55777, -91.9451, -92.17314, -91.59919, -92.2303, -91.74043, -91.75644, -92.23701, -92.11109, -91.72234, -91.92632, -91.48573, -92.02327, -92.20206, -92.021291, -91.930535, -91.7639, -91.48003, -91.5553, -91.86797, 
-91.92696, -91.804608, -92.558295, -92.11108, -91.76948, -91.42605, -91.44076, -91.92355, -92.08691, -91.88291, -91.62566, -91.46586, -91.55966, -91.25768, -91.80836, -91.598917, -91.83303, -91.70461, -91.8863, -91.47502, -91.99286, -91.98711, -91.82757, -92.02036, -91.82045, -93.09345, -93.122554, -92.41591, -93.31302, -93.699392, -93.032099, -93.56324, -92.37364, -92.5856, -92.29736, -93.35157, -92.53279, -93.27737, -92.54556, -92.91702, -93.77474, -93.7476, -92.89576, -92.57635, -92.48429, -92.681408, 
-93.40111, -92.48605, -93.01818, -93.23783, -92.53817, -92.925, -92.57586, -93.12978, -92.66479, -92.48025, -92.35781, -92.372635, -93.0179, -92.127207, -92.29362, -92.372635, -93.3744, -92.60271, -93.19473, -92.32249, -93.25985, -92.76948, -92.88803, -93.232298, -92.84044, -92.77395, -92.68844, -92.82678, -92.29117, -92.75237, -93.13425, -92.96277, -92.90985, -92.69011, -94.13376, -94.219977, -94.11592, -94.2486, -94.07106, -94.23308, -94.23551, -94.31606, -93.956801, -94.4219, -94.22806, -94.29398, 
-93.8354, -94.46394, -93.94296, -94.254573, -94.47662, -94.25261, -93.96045, -93.927748, -94.46137, -93.966645, -94.45226, -94.152899, -93.88706, -94.33047, -93.68605, -94.219977, -93.47918, -94.42735, -94.11371, -94.58854, -94.43534, -94.13334, -93.56071, -94.32246, -94.07141, -94.115649, -94.14622, -93.73715, -94.50208, -94.1937, -94.1082, -94.153512, -94.219977, -94.46911, -94.50146, -94.242884, -93.8651, -94.19661, -93.64583, -93.13682, -93.10909, -93.113308, -93.054388, -93.73383, -93.747, -93.112368, 
-92.90795, -93.42594, -93.65615, -93.71111, -93.53009, -93.17279, -93.4851, -93.67368, -93.4195, -93.17973, -93.35469, -93.10863, -93.70593, -93.29708, -93.61675, -93.77678, -93.58735, -92.95354, -93.35706, -93.36042, -93.28528, -93.44323, -93.55764, -93.25496, -93.42258, -93.72139, -93.04185, -93.33057, -93.03947, -93.40287, -93.52793, -93.57336, -94.41371, -94.409114, -94.36914, -94.39103, -94.23816, -94.23816, -94.41283, -94.23816, -94.23816, -94.37789, -94.23816, -94.23816, -94.23816, -94.20897, 
-94.30853, -94.079724, -94.05784, -93.97531, -93.94723, -94.04509, -94.37313, -94.0371, -94.27583, -94.11998, -94.24376, -94.39462, -94.36684, -94.26995, -94.17279, -93.80443, -94.234, -94.35097, -94.15357, -94.05225, -94.41065, -93.81819, -93.90077, -93.8805, -94.31088, -94.44989, -94.34581, -94.318648, -94.13624, -94.11367, -98.357423, -97.74453, -97.5331, -97.85582, -98.23984, -98.38697, -97.32739, -97.63934, -98.35804, -97.66381, -97.71386, -97.852223, -97.47909, -98.14506, -98.58643, -97.68754, 
-98.11946, -97.94723, -97.44451, -97.26645, -98.66403, -97.99188, -97.881959, -98.80897, -97.47, -97.28198, -97.25088, -97.63071, -98.19738, -97.14753, -97.62801, -97.05041, -98.55543, -97.44686, -97.95534, -98.43667, -97.48, -98.35764, -98.87586, -98.2484, -98.38577, -97.43176, -97.16132, -98.32451, -98.54418, -97.29596, -97.25495, -97.29276, -97.60045, -98.41223, -97.18976, -97.93235, -97.62988, -97.42481, -97.23455, -98.01237, -97.00904, -98.73519, -97.43987, -97.73626, -97.60908, -97.32434, -97.9436, 
-97.32689, -97.45629, -97.397509, -97.42394, -97.48672, -97.36279, -97.2718, -97.22846, -97.28809, -97.76238, -98.01195, -97.39646, -97.93807, -97.465436, -97.34173, -97.750009, -96.98606, -97.78458, -97.93552, -98.08247, -97.48837, -98.357423, -97.30452, -98.71259, -97.65189, -97.16322, -97.74814, -97.562817, -97.52036, -97.51819, -97.50586, -97.50211, -97.53499, -97.57336, -97.55824, -97.52496, -97.39721, -97.47889, -97.57284, -97.407537, -97.52544, -97.44201, -97.55637, -97.47411, -97.53106, -97.56051, 
-97.56496, -97.44693, -97.6133, -97.202331, -97.407537, -97.521816, -97.407537, -97.6423, -97.62721, -97.49267, -97.35183, -97.46924, -97.63571, -97.57152, -97.43249, -97.326151, -97.407537, -97.52713, -97.427464, -97.39314, -97.63042, -97.407537, -97.407537, -97.39844, -97.407537, -97.407537, -97.407537, -97.49701, -97.33996, -97.4055, -97.407537, -97.407537, -97.525467, -97.407537, -97.407537, -97.407537, -97.55731, -97.48596, -97.63765, -97.407537, -97.407537, -97.36747, -97.407537, -97.64135, 
-97.53569, -97.621769, -97.64479, -97.407537, -97.407537, -97.62787, -97.407537, -97.407537, -97.407537, -97.407537, -97.407537, -97.407537, -97.407537, -97.59, -97.407537, -97.407537, -97.407537, -97.407537, -97.771258, -97.771258, -98.171022, -98.189412, -97.12655, -97.248074, -97.248074, -97.55801, -97.36956, -96.43358, -97.39901, -97.55044, -97.4843, -97.033905, -97.43017, -97.48895, -96.71234, -96.90609, -97.42814, -97.68182, -97.28894, -97.36406, -96.751093, -96.74851, -96.86109, -97.11031, 
-96.54409, -96.54837, -97.14, -97.24379, -97.14, -96.75726, -97.62121, -97.23958, -97.13848, -96.68124, -96.43012, -97.43096, -97.300429, -97.50121, -97.46209, -97.54783, -97.65419, -98.39414, -98.457646, -98.46808, -98.46255, -98.457646, -98.4001, -97.93843, -99.31787, -99.383928, -99.440839, -99.30835, -98.62492, -98.65892, -97.97809, -99.05182, -98.54891, -99.55555, -97.95185, -97.973331, -97.852223, -99.67861, -98.27805, -99.28051, -98.56181, -98.19821, -98.96701, -98.37791, -99.74534, -98.72275, 
-99.3952, -98.11312, -99.15211, -99.90944, -98.86104, -98.75386, -98.70098, -99.52012, -98.96369, -99.39383, -98.5008, -98.457646, -98.96184, -99.45164, -97.64801, -98.43533, -98.97568, -97.93581, -98.96532, -98.16905, -98.23377, -97.8621, -99.12375, -99.86736, -98.3455, -97.99784, -97.852223, -98.96917, -99.00873, -99.00641, -99.17705, -99.19074, -99.28001, -99.47006, -99.6728, -98.94987, -99.77425, -98.93351, -99.18162, -99.90119, -99.41658, -99.88029, -98.62902, -99.1744, -99.680146, -99.38849, 
-99.09374, -99.36845, -99.24851, -99.680146, -98.70827, -98.9029, -99.91743, -99.0517, -99.65314, -98.91683, -99.21043, -99.87143, -98.99491, -99.99228, -98.75502, -99.58042, -97.85026, -97.782595, -97.92836, -97.782595, -97.782595, -98.49057, -98.69707, -98.14881, -98.28297, -97.88883, -98.38429, -98.64291, -98.47567, -98.04144, -98.37108, -98.43861, -97.5597, -98.58222, -97.68299, -97.8868, -98.04193, -97.69316, -98.52463, -97.55974, -98.13462, -98.27451, -97.88304, -97.99385, -98.29013, -98.65816, 
-98.32899, -98.1728, -97.93743, -97.83368, -98.09063, -98.57918, -98.11234, -97.45245, -98.04938, -97.72414, -98.16808, -98.03095, -97.97217, -98.33352, -98.17995, -97.83063, -98.27411, -98.588383, -97.962, -98.43772, -97.90335, -99.40838, -99.29047, -99.712, -99.5897, -99.23866, -98.89818, -99.64674, -99.57425, -99.18304, -99.84131, -100.06947, -100.22748, -99.88179, -99.77153, -99.13004, -99.1237, -99.88181, -99.32679, -99.89028, -99.26866, -98.86623, -101.07462, -100.76553, -100.47888, -102.54473, 
-102.78868, -100.61244, -101.738, -101.48851, -101.1204, -101.25618, -102.92339, -102.2005, -101.91782, -100.89584, -101.06337, -96.06384, -96.146, -96.00614, -95.894042, -95.894042, -95.92404, -95.88361, -96.398424, -96.38183, -95.80542, -95.80694, -96.029725, -95.70957, -95.73199, -95.44592, -95.61192, -95.605964, -95.49, -96.39586, -95.8397, -95.96577, -96.75751, -96.76333, -95.63631, -96.53926, -95.92617, -96.58776, -95.571646, -96.91672, -96.00803, -96.56882, -96.38379, -95.51443, -95.98241, 
-96.56083, -96.22915, -96.06237, -95.61423, -95.798809, -96.37159, -96.68338, -96.326053, -96.00205, -95.62751, -96.0619, -95.97544, -96.5794, -95.71144, -96.36831, -95.8305, -96.32123, -96.77143, -97.04258, -96.2674, -95.90865, -96.90773, -96.16523, -97.032304, -96.1194, -96.093682, -96.57768, -96.03998, -96.26802, -95.57108, -96.02081, -97.07631, -97.05784, -97.055141, -96.987458, -96.987458, -96.66342, -95.6992, -96.44005, -95.881381, -95.78336, -96.31853, -96.70231, -95.868667, -95.804231, -95.99508, 
-95.95414, -95.96615, -95.98512, -96.03144, -95.79958, -95.95424, -95.90841, -95.94657, -95.91129, -95.8242, -95.88514, -95.98872, -95.97747, -96.029725, -95.98674, -96.03435, -95.85194, -95.86763, -95.95847, -96.07119, -96.02752, -95.88417, -95.82105, -95.92475, -95.93922, -95.92953, -96.029725, -95.8847, -95.85244, -96.029725, -96.029725, -96.029725, -96.029725, -96.029725, -96.029725, -96.029725, -95.960472, -96.029725, -96.029725, -96.083477, -96.029725, -96.029725, -95.957721, -95.992323, -95.957771, 
-96.029725, -96.029725, -96.029725, -96.029725, -96.029725, -96.029725, -96.029725, -96.029725, -96.029725, -95.17303, -94.69267, -95.25512, -94.93424, -95.22924, -95.07782, -94.647526, -94.85161, -94.796399, -95.31925, -94.67798, -94.87134, -94.98452, -94.92621, -94.84022, -94.76673, -94.72974, -94.78345, -94.79595, -95.02428, -95.04967, -95.16801, -95.222792, -94.87142, -94.877031, -94.88039, -94.787091, -94.83278, -95.30295, -95.222792, -94.72912, -94.96707, -95.10556, -95.04869, -95.12924, -94.85945, 
-95.15249, -94.68768, -94.873005, -95.40711, -95.306916, -95.33691, -96.04744, -95.66931, -95.18582, -95.62824, -95.54393, -94.92552, -95.64874, -95.6377, -95.66668, -95.94597, -95.57854, -95.23355, -95.09627, -95.68608, -95.95038, -95.75122, -95.23, -95.30205, -95.15436, -95.78957, -94.96682, -95.84645, -95.31717, -95.9734, -95.48434, -94.96737, -95.11169, -95.52647, -95.28635, -95.99717, -94.7768, -95.513856, -95.49447, -95.9576, -95.70731, -95.16328, -95.54788, -94.97185, -95.040008, -95.513856, 
-95.3611, -95.56851, -95.30914, -95.15158, -94.87402, -95.24701, -95.513856, -95.75709, -95.720708, -96.661745, -95.09814, -95.69073, -95.61603, -96.11276, -95.76125, -95.720708, -96.49278, -96.23929, -96.19634, -96.35556, -96.43356, -95.36797, -96.23084, -95.71825, -96.039727, -95.43604, -95.47832, -95.57691, -95.57413, -94.93507, -95.23098, -95.90485, -95.72048, -95.96199, -96.20366, -95.67366, -95.1316, -95.221099, -95.78885, -95.39008, -95.30693, -95.1037, -95.83967, -95.41013, -95.94157, -96.09233, 
-95.03625, -96.43083, -95.27642, -96.03074, -94.8558, -95.29859, -97.10167, -97.137693, -97.106166, -97.00798, -97.43304, -97.29289, -97.33875, -96.73934, -97.51795, -96.69529, -97.61334, -96.86091, -97.56931, -97.14483, -97.45366, -97.06078, -96.74013, -97.20505, -96.68054, -97.32967, -96.38612, -96.191767, -96.39018, -96.17244, -94.94148, -96.02963, -94.79763, -96.15629, -95.8613, -94.80269, -96.26936, -96.44073, -96.57617, -96.5029, -94.55407, -95.25701, -94.96494, -94.89649, -95.4894, -94.60436, 
-96.29927, -95.51651, -94.83154, -96.3549, -96.47772, -95.01088, -94.808868, -96.5464, -95.12064, -95.11846, -95.36911, -95.70851, -95.37358, -95.20104, -95.07793, -94.95546, -96.93544, -96.959601, -96.93162, -96.935924, -96.609139, -96.68761, -96.669321, -96.86735, -96.4108, -96.91873, -96.33356, -96.48051, -96.6696, -97.06278, -97.01061, -96.39471, -96.88961, -96.63092, -96.46385, -96.05434, -96.78325, -96.61818, -96.73885, -96.58838, -95.90822, -96.38778, -96.73899, -96.09067, -97.0984, -97.00869, 
-96.24114, -96.77625, -96.89689, -96.81667, -97.19507, -96.30798, -96.56969, -96.69141, -96.81397, -96.8355, -96.53394, -96.65915, -96.7777, -96.55756, -96.97738, -96.9767, -96.95179, -97.06156, -96.13412, -97.07043, -96.23571, -96.5066, -96.754575, -94.44274, -94.46967, -94.79752, -94.76307, -94.54108, -94.90421, -94.70368, -94.58622, -94.65008, -94.63333, -94.87609, -94.98141, -95.08613, -94.98545, -94.8089, -94.45263, -94.51763, -94.56575, -94.75729, -94.67008, -94.61829, -94.50476, -94.78647, 
-94.72058, -94.67157, -94.62105, -94.65023, -94.96628, -94.55278, -94.6335, -94.59266, -94.81453, -94.63761, -96.83751, -96.62447, -96.89163, -96.89773, -97.116282, -96.76129, -96.89328, -96.777626, -96.69402, -96.777626, -96.777626, -96.777626, -96.777626, -96.98656, -96.57867, -96.51427, -97.10206, -96.73506, -96.79859, -96.74504, -96.569879, -97.116282, -97.05965, -97.116282, -96.534737, -96.44129, -96.81, -96.83938, -96.78177, -96.777626, -96.98524, -96.94129, -96.62639, -96.64601, -96.67399, 
-96.60211, -96.66188, -96.627131, -96.777626, -96.777626, -96.58661, -96.777626, -97.01216, -97.00428, -97.02346, -96.777626, -96.777626, -96.88957, -96.99321, -96.73436, -96.934998, -96.95499, -96.9614, -96.96733, -96.97349, -97.02525, -96.853877, -97.00771, -96.95485, -96.60363, -96.67522, -96.638614, -96.68102, -96.74038, -96.69338, -97.0529, -96.79944, -96.74093, -96.70916, -96.65901, -96.777626, -96.777626, -96.615837, -96.45446, -96.5497, -96.54697, -96.59106, -96.662289, -96.65387, -96.80492, 
-96.61113, -96.664632, -96.53607, -96.79963, -96.6967, -96.64311, -95.88, -96.94949, -96.37917, -96.777626, -96.383005, -96.44612, -96.44339, -96.85882, -96.91265, -95.86881, -96.302743, -96.61962, -96.633546, -96.41788, -96.777626, -96.00312, -96.65684, -96.46038, -95.79436, -96.38095, -96.7812, -96.23774, -96.91343, -96.777626, -95.71738, -96.71036, -96.30377, -96.21035, -96.22474, -96.75892, -96.11068, -96.01862, -96.60759, -96.63355, -96.473459, -96.68103, -96.32632, -96.82325, -96.48147, -96.114108, 
-96.439495, -96.38502, -96.53811, -96.28923, -96.187, -96.10935, -96.31152, -96.83283, -96.43601, -96.91801, -96.716638, -96.00238, -96.6831, -96.42153, -96.61634, -96.55886, -96.56965, -96.561846, -96.777626, -96.31278, -96.79941, -96.80502, -96.80672, -96.78952, -96.79524, -96.7712, -96.81992, -96.83864, -96.82552, -96.74732, -96.88253, -96.86945, -96.74872, -96.77035, -96.7972, -96.67582, -96.69937, -96.81412, -96.86306, -96.787725, -96.777626, -96.74918, -96.83987, -96.7904, -96.77662, -96.69, 
-96.67955, -96.85985, -96.79054, -96.74764, -96.83886, -96.87222, -96.88322, -96.84612, -96.91746, -96.87633, -96.70922, -96.777626, -96.78543, -96.77439, -96.777626, -96.73688, -96.83616, -96.535191, -96.77365, -96.87928, -96.78863, -96.95317, -96.777626, -96.77497, -96.79088, -96.60367, -96.794496, -96.614921, -96.777626, -96.777626, -96.777626, -96.777626, -96.777626, -96.777626, -96.777626, -96.777626, -96.777626, -96.80198, -96.777626, -96.777626, -96.777626, -96.777626, -96.777626, -96.777626, 
-96.84436, -96.777626, -96.777626, -96.777626, -96.777626, -96.777626, -96.777626, -96.777626, -96.777626, -96.777626, -96.777626, -96.777626, -96.61, -96.777626, -96.777626, -96.86, -96.777626, -96.86, -96.79, -96.777626, -96.777626, -96.777626, -96.777626, -96.777626, -96.777626, -96.777626, -96.87, -96.777626, -96.777626, -96.777626, -96.777626, -96.777626, -96.777626, -96.777626, -96.777626, -96.777626, -96.777626, -96.777626, -96.777626, -96.777626, -96.777626, -96.777626, -96.777626, -96.777626, 
-96.777626, -96.777626, -96.777626, -96.777626, -96.777626, -96.777626, -96.777626, -96.777626, -96.777626, -96.777626, -96.777626, -96.777626, -96.777626, -96.11289, -96.08977, -96.048665, -96.080973, -96.49664, -96.548597, -96.51907, -95.63182, -95.60594, -95.14402, -96.16671, -96.41899, -95.75734, -95.37293, -95.193, -96.1818, -95.72124, -95.69761, -95.93998, -96.20273, -96.39502, -95.582906, -95.03534, -95.91061, -95.90886, -95.46605, -95.68573, -95.81773, -95.3567, -95.31828, -95.2609, -95.47125, 
-96.07311, -96.27386, -95.73842, -95.65815, -96.35096, -96.111103, -95.56286, -95.90242, -96.12045, -95.81737, -95.95578, -95.52546, -95.11339, -96.24782, -95.94594, -96.57345, -94.9814, -94.967456, -95.21965, -96.291572, -96.63523, -95.55958, -95.460797, -95.48589, -95.39817, -95.83057, -95.81202, -95.39527, -95.87967, -95.50309, -96.06999, -96.25525, -96.23381, -95.72382, -95.36663, -96.34474, -95.19302, -95.39168, -95.60102, -95.585464, -96.46299, -95.76203, -95.15014, -96.00418, -96.48373, -96.3324, 
-96.39598, -96.01082, -95.11279, -95.28299, -96.5637, -96.05705, -95.55779, -96.365174, -94.08984, -94.055214, -94.09637, -94.39495, -94.0715, -94.340437, -94.90585, -94.1773, -94.78066, -94.13542, -94.05585, -94.84359, -94.61355, -94.37468, -94.2648, -94.25152, -94.37603, -94.27725, -94.07429, -94.50853, -94.31589, -94.63009, -94.12531, -94.41954, -94.75227, -94.13364, -94.25971, -94.53657, -94.39495, -94.73172, -94.712, -94.70063, -94.80692, -94.74353, -94.616062, -94.783493, -94.848063, -94.783493, 
-94.55859, -94.46427, -94.31256, -94.81589, -94.493543, -94.72481, -94.1811, -94.69544, -94.57945, -94.210541, -94.37287, -94.9577, -94.863311, -94.94358, -94.55839, -94.54519, -94.75852, -94.8845, -94.85568, -94.61948, -94.34908, -94.906515, -94.110636, -94.783493, -94.16846, -94.87439, -94.895098, -94.928795, -94.85741, -94.69722, -94.57688, -94.37958, -94.389476, -94.30704, -94.71766, -94.68886, -94.932215, -94.70513, -94.94935, -94.308713, -94.96809, -94.955432, -94.239351, -94.935456, -94.53692, 
-94.09556, -94.86062, -94.342725, -95.29467, -95.3071, -95.31347, -95.41373, -95.08971, -95.33155, -95.20749, -95.22276, -95.39191, -95.306528, -95.419983, -95.289903, -95.289903, -95.06517, -95.84625, -95.785482, -95.66711, -95.1259, -95.60507, -95.3671, -95.49667, -95.41776, -94.8631, -95.41859, -95.50433, -95.15272, -95.22445, -95.25281, -95.64632, -95.42126, -95.300142, -95.46982, -95.7102, -95.661964, -95.164021, -95.59919, -95.4355, -94.9689, -95.16761, -94.91759, -95.10105, -95.63493, -95.21751, 
-95.13088, -95.11, -95.289903, -95.289903, -95.63325, -95.579561, -95.656779, -96.904315, -95.082239, -96.03725, -95.661964, -95.90131, -95.138794, -95.47393, -96.22212, -95.53225, -96.10808, -95.46315, -95.07826, -96.17433, -95.15421, -96.32126, -95.4737, -95.93312, -95.46434, -95.71669, -95.82974, -95.85303, -95.23475, -95.09184, -96.25435, -96.27068, -95.86383, -95.33298, -95.138794, -95.154008, -95.661964, -95.661964, -95.661964, -95.661964, -94.68667, -94.761103, -94.56759, -94.76295, -94.577084, 
-95.05495, -94.96448, -93.68535, -94.17675, -94.02062, -93.99031, -93.61936, -93.81112, -94.7312, -94.18997, -94.58376, -94.37459, -94.35108, -94.7994, -94.77725, -94.40497, -94.90988, -94.40817, -94.52629, -93.821948, -93.75338, -94.5321, -94.03455, -94.05761, -93.93811, -94.391148, -94.639022, -93.86086, -94.80916, -94.60338, -94.607432, -94.664127, -94.70503, -94.638278, -93.74869, -93.94399, -94.87815, -94.16169, -93.90706, -94.24291, -94.40775, -94.94939, -93.80057, -94.52803, -94.40671, -94.363, 
-94.354476, -97.14403, -97.0963, -97.225324, -97.291484, -97.291484, -97.08088, -97.291484, -97.64013, -97.20956, -97.08498, -97.08706, -97.13514, -97.14698, -97.08748, -97.13546, -97.19234, -97.16435, -97.08724, -97.291484, -97.54845, -97.13849, -97.14593, -97.59099, -96.766109, -97.30681, -97.40081, -97.410254, -97.14923, -97.64633, -97.38491, -97.08453, -97.09721, -96.86701, -97.77198, -97.52595, -97.78894, -97.72002, -97.19282, -97.08498, -97.35592, -97.181, -97.17681, -97.15014, -97.40774, -97.3275, 
-97.21458, -97.16347, -97.13485, -97.02761, -96.98672, -98.00165, -98.10707, -98.316175, -97.65485, -97.48974, -97.71691, -97.70927, -97.473, -97.69803, -97.09988, -97.6986, -97.77987, -97.74814, -97.90477, -97.14523, -97.39036, -97.291484, -97.291484, -97.291484, -97.2609, -97.563622, -97.291484, -97.291484, -97.32987, -97.26563, -97.32002, -97.26992, -97.354, -97.38424, -97.48079, -97.37808, -97.33787, -97.30099, -97.21957, -97.291484, -97.40099, -97.33579, -97.44409, -97.27036, -97.22264, -97.26479, 
-97.17527, -97.291484, -97.291484, -97.37548, -97.291484, -97.49124, -97.42165, -97.291484, -97.291484, -97.34622, -97.4143, -97.37765, -97.33358, -97.45167, -97.291484, -97.28566, -97.27102, -97.291484, -97.25123, -97.291484, -97.348895, -97.04778, -97.291484, -97.291484, -97.291484, -97.291484, -97.31, -97.31406, -97.291484, -97.41249, -97.21818, -97.291484, -97.291484, -97.291484, -97.291484, -97.291484, -97.291484, -97.291484, -97.291484, -97.291484, -97.291484, -97.291484, -97.13061, -97.108546, 
-97.127027, -97.116282, -97.10376, -97.150558, -97.16941, -97.06078, -97.112743, -97.088337, -97.69158, -97.16294, -96.99457, -98.07694, -97.88575, -96.89419, -97.55657, -97.39136, -97.54944, -97.13636, -97.03692, -97.291484, -96.82348, -97.46457, -97.30384, -97.2506, -97.24859, -97.20652, -97.71727, -97.38029, -97.31704, -97.69688, -96.95213, -97.29676, -97.94159, -97.21871, -97.421155, -96.83792, -97.53029, -97.18944, -97.39219, -96.7649, -97.77217, -96.91632, -97.12259, -96.91786, -97.116282, 
-98.47132, -98.4801, -98.459792, -98.499077, -98.51781, -98.51923, -98.494595, -98.54064, -98.53215, -98.5624, -98.49127, -98.404816, -98.63462, -98.184762, -98.58881, -97.936166, -98.18119, -98.97235, -99.51447, -99.062, -98.19145, -98.72148, -98.68492, -98.687748, -98.92106, -99.63839, -98.86043, -99.11818, -98.75201, -98.22961, -98.48719, -99.28506, -99.29649, -99.214088, -99.64257, -98.42076, -98.21058, -98.207997, -98.595422, -98.92225, -97.80932, -98.38244, -98.67089, -99.27519, -97.8597, -98.80286, 
-98.03345, -98.83268, -98.17418, -98.99444, -97.957483, -98.60618, -99.17874, -98.55799, -98.55194, -98.35073, -98.7959, -98.35727, -98.60091, -98.40613, -98.36399, -98.68404, -98.37248, -98.02763, -98.15778, -98.39461, -98.48413, -98.342798, -98.03379, -98.41805, -99.18511, -98.207997, -98.74853, -97.932083, -98.42529, -99.19762, -98.67402, -98.96537, -98.17476, -98.78317, -98.48517, -97.93959, -98.71204, -99.2174, -98.33271, -97.805502, -98.05788, -97.89968, -98.01942, -99.03622, -97.31086, -97.40076, 
-97.320306, -97.35766, -97.492017, -97.492017, -97.42363, -97.48642, -97.13837, -97.0358, -96.96323, -97.91666, -97.28058, -97.22336, -98.19084, -97.582152, -97.8049, -97.72602, -97.43449, -98.14834, -97.493616, -97.396, -97.59923, -97.90249, -97.97615, -97.357099, -97.72924, -97.76717, -97.69246, -97.80918, -97.492017, -97.492017, -97.492017, -97.65552, -97.79149, -98.19192, -97.548468, -97.35508, -96.96376, -96.85039, -97.38491, -97.644352, -97.6138, -97.52946, -97.492017, -98.36186, -97.98997, 
-97.01149, -97.22374, -96.96229, -97.56503, -97.470456, -97.40948, -97.535883, -97.18458, -97.24963, -97.26563, -97.799309, -97.799309, -97.799309, -97.734728, -96.947689, -96.429154, -97.08385, -97.23306, -96.7832, -96.95451, -96.71501, -97.41864, -96.96601, -96.6778, -97.22762, -96.9725, -97.06076, -97.3201, -97.52516, -96.66388, -97.27284, -97.82298, -97.41024, -96.70164, -97.08602, -96.78624, -96.51529, -97.19502, -97.64097, -97.12263, -96.80817, -97.88196, -97.108113, -96.88018, -97.54276, -96.61211, 
-97.203166, -97.16178, -97.04389, -97.40095, -96.88213, -96.87859, -96.8233, -97.69159, -96.90003, -96.48721, -96.97377, -97.5324, -96.89776, -96.81813, -96.93466, -96.937574, -96.78857, -96.61514, -96.81034, -96.40744, -96.9179, -97.179773, -97.118754, -97.02091, -96.54327, -96.49614, -97.50214, -97.76708, -97.07945, -97.35499, -96.44885, -97.13833, -97.14433, -97.203166, -97.12201, -97.08821, -97.11807, -97.15957, -97.18558, -97.18588, -97.15099, -97.23546, -97.203166, -97.203166, -97.203166, -97.203166, 
-97.203166, -97.11997, -97.16148, -99.00605, -98.93928, -98.936021, -99.09213, -99.100089, -99.93695, -99.14462, -98.51817, -99.3407, -99.13604, -99.23597, -98.95072, -98.67201, -99.45514, -99.347156, -99.90601, -100.09843, -99.08975, -98.52618, -99.47679, -99.52617, -99.77444, -99.49265, -98.40241, -99.54107, -99.85837, -99.23238, -98.95325, -99.62583, -99.8296, -100.1911, -99.70831, -98.73632, -100.15332, -99.92215, -99.347156, -98.98395, -98.50831, -98.96012, -99.17492, -99.37166, -100.1175, -100.033, 
-98.74134, -99.2959, -98.630919, -99.68057, -100.227509, -99.54774, -98.79242, -100.494912, -99.17091, -99.62601, -98.77741, -100.5198, -100.68959, -100.4387, -100.47217, -100.34896, -100.495114, -100.68959, -100.68959, -101.18632, -101.50841, -100.28655, -100.65431, -100.41072, -100.53988, -100.10134, -100.592015, -100.12886, -100.93381, -101.24517, -100.5669, -100.69452, -100.56983, -101.0455, -100.35906, -100.12871, -100.206705, -100.71789, -95.304936, -95.309789, -95.36531, -95.34741, -95.3657, 
-95.42821, -95.38944, -95.40319, -95.40951, -95.36735, -95.36216, -95.30726, -95.27906, -95.24289, -95.47294, -95.18118, -95.30886, -95.25478, -95.42619, -95.39923, -95.31836, -95.3573, -95.37798, -95.3227, -95.51771, -95.43474, -95.33395, -95.44364, -95.28631, -95.26043, -95.40466, -95.54311, -95.34152, -95.33834, -95.21789, -95.47692, -95.53514, -95.39552, -95.44138, -95.33683, -95.53337, -95.57243, -95.55996, -95.5618, -95.16782, -95.43841, -95.43131, -95.37767, -95.33761, -95.1742, -95.28687, 
-95.36871, -95.177587, -95.45981, -95.39772, -95.49629, -95.46931, -95.49131, -95.10265, -95.11734, -95.39916, -95.28446, -95.13238, -95.52269, -95.55919, -95.60547, -95.49694, -95.45065, -95.48532, -95.52887, -95.57655, -95.51718, -95.59002, -95.41273, -95.51161, -95.26018, -95.38178, -95.61255, -95.25951, -95.60125, -95.52309, -95.48361, -95.6314, -95.64978, -95.66391, -95.48695, -95.49556, -95.30386, -95.45028, -95.22251, -95.45132, -95.43586, -95.47644, -95.33967, -95.6988, -95.64842, -95.48123, 
-95.434241, -95.41405, -95.5869, -95.434241, -95.434241, -95.434241, -95.434241, -95.434241, -95.434241, -95.434241, -95.434241, -95.158517, -95.434241, -95.434241, -95.434241, -95.434241, -95.434241, -95.434241, -95.434241, -95.434241, -95.434241, -95.434241, -95.434241, -95.434241, -95.434241, -95.434241, -95.434241, -95.434241, -95.434241, -95.434241, -95.434241, -95.434241, -95.434241, -95.434241, -95.434241, -95.434241, -95.434241, -95.434241, -95.434241, -95.434241, -95.434241, -95.434241, 
-95.434241, -95.434241, -95.43, -95.43, -95.434241, -95.434241, -95.53, -95.434241, -95.434241, -95.434241, -95.434241, -95.434241, -95.434241, -95.434241, -95.434241, -95.434241, -95.24, -95.434241, -95.434241, -95.434241, -95.434241, -95.434241, -95.434241, -95.434241, -95.434241, -95.434241, -95.434241, -95.434241, -95.434241, -95.434241, -95.434241, -95.36, -95.434241, -95.51, -95.434241, -95.434241, -95.434241, -95.434241, -95.434241, -95.36, -95.36, -95.434241, -95.434241, -95.434241, -95.434241, 
-95.434241, -95.332598, -95.434241, -95.24, -95.36, -95.434241, -95.434241, -95.434241, -95.45085, -95.38927, -95.40217, -95.50703, -95.383202, -95.32698, -95.434241, -95.64985, -95.55009, -95.50719, -95.434241, -94.81869, -95.04514, -94.804065, -95.13802, -94.869052, -95.77833, -95.3688, -94.94597, -95.10714, -95.434241, -95.28488, -95.21807, -95.50776, -95.54977, -95.59527, -95.59527, -95.59527, -95.16945, -95.16962, -95.434241, -95.59527, -95.59527, -94.856052, -94.89915, -95.70925, -95.63918, 
-95.74464, -95.6529, -95.17832, -95.46752, -95.30405, -95.11108, -95.67556, -95.85326, -95.20485, -95.25748, -95.39644, -94.83674, -94.75643, -94.99963, -95.16723, -95.38961, -94.64906, -95.61882, -94.68614, -95.434241, -95.44677, -95.53215, -95.46821, -95.5021, -95.53212, -95.434241, -95.49679, -95.43893, -95.41896, -95.557004, -95.46826, -95.51716, -95.434241, -95.463474, -95.26785, -94.869052, -95.46099, -95.434241, -95.651058, -95.919107, -95.7, -95.434241, -95.434241, -96.46831, -95.434241, 
-95.9357, -95.72292, -95.93931, -96.26843, -96.2316, -95.92241, -95.58071, -95.98452, -96.25388, -96.16969, -95.66597, -95.70739, -95.820719, -96.21454, -95.72219, -96.32079, -96.08527, -96.227967, -96.2774, -94.951647, -96.14826, -95.91804, -96.45923, -96.19287, -95.79753, -96.06979, -95.99178, -95.8144, -96.07526, -95.7301, -95.74751, -96.0007, -96.313271, -96.014159, -96.22224, -96.40324, -96.07346, -95.9653, -96.2147, -95.54762, -96.524899, -95.82334, -96.241147, -95.78335, -95.96882, -96.22273, 
-95.99945, -96.1716, -95.89195, -95.747, -96.57348, -95.81901, -96.10123, -96.16474, -96.65185, -95.99738, -95.57145, -95.62444, -95.63213, -95.71344, -95.58329, -95.89207, -95.93391, -95.92499, -96.07144, -95.66319, -95.756462, -96.09055, -95.51772, -95.434241, -95.434241, -95.82011, -95.81104, -95.756462, -95.756462, -95.65, -95.434241, -95.19966, -95.15798, -95.18813, -95.14632, -95.20216, -95.06111, -95.106637, -95.08552, -95.24475, -95.27605, -94.66375, -95.44541, -95.465083, -95.12768, -94.98779, 
-94.60291, -94.94389, -94.97588, -95.434241, -94.87, -95.12214, -95.40114, -95.07327, -94.64704, -95.33797, -94.88864, -95.1201, -95.005317, -94.55067, -95.02689, -95.34357, -95.465083, -95.45984, -95.19472, -95.23906, -94.800238, -94.79316, -94.82683, -94.944391, -94.79422, -94.94455, -94.800238, -94.58468, -94.72677, -95.05298, -95.00317, -94.65504, -95.02996, -95.44103, -95.041532, -94.97392, -95.04487, -95.434241, -95.08906, -95.058153, -94.76595, -95.27709, -95.35807, -94.842939, -95.26982, 
-94.66678, -95.45332, -95.34036, -94.52727, -95.03486, -95.23106, -95.254188, -94.91759, -94.99167, -94.800238, -95.111987, -94.70376, -95.13467, -93.84071, -93.96897, -94.35853, -93.74329, -94.07395, -94.2076, -94.52028, -93.91857, -94.2896, -94.4045, -94.30391, -94.33671, -93.886646, -93.99986, -94.42374, -93.77408, -93.903108, -93.79964, -96.407936, -93.859903, -93.95575, -94.129733, -93.92694, -93.867932, -94.68252, -93.96038, -93.90117, -94.18056, -94.20172, -94.41515, -94.1705, -94.390045, 
-94.00797, -94.43631, -94.40604, -94.39965, -93.903108, -94.10358, -94.12607, -94.11736, -94.153941, -94.11401, -94.16377, -94.18031, -94.16488, -94.187683, -94.129733, -94.2467, -94.129733, -94.129733, -94.190147, -95.628023, -96.36015, -96.34056, -96.37639, -96.341012, -96.341012, -96.46101, -96.31744, -96.0229, -95.91892, -96.40258, -96.290358, -96.61373, -96.67247, -96.6808, -96.618047, -96.526669, -96.32641, -96.327044, -96.341012, -96.341012, -96.341012, -96.29882, -95.993482, -96.618047, -96.85437, 
-96.11889, -96.44131, -96.70685, -96.60205, -96.09691, -96.341012, -96.591535, -95.91606, -96.24043, -96.20408, -96.57391, -96.07999, -96.341012, -96.42982, -96.15852, -96.10346, -95.8337, -95.929015, -95.957945, -95.83191, -96.4698, -96.52359, -96.16922, -96.341012, -96.40959, -95.483489, -96.99356, -97.100624, -96.974119, -97.00715, -97.0146, -96.84723, -96.89172, -97.28798, -96.65939, -97.24182, -96.34404, -96.50513, -97.40221, -96.86644, -96.952091, -97.365742, -96.82316, -96.63732, -96.4397, 
-96.52727, -96.694818, -96.9902, -97.29589, -97.12675, -97.090604, -96.82657, -96.55725, -96.63023, -96.4417, -96.70325, -97.18691, -96.900331, -96.794605, -96.900331, -96.88966, -97.153868, -96.88598, -96.61273, -97.444155, -97.47799, -97.13046, -94.961797, -99.2821, -98.72878, -99.06605, -98.55789, -98.84426, -98.72932, -98.37384, -98.2173, -98.88062, -99.0559, -98.71951, -98.496, -98.91084, -99.21676, -98.64854, -98.933, -99.23388, -99.4289, -98.80845, -98.14978, -98.74185, -99.42213, -99.27685, 
-98.5528, -98.57124, -99.15152, -99.140974, -98.81591, -99.49991, -99.49233, -99.476792, -99.38274, -99.481919, -99.53371, -99.45996, -99.471719, -99.505138, -98.48916, -98.79895, -98.2802, -98.732187, -99.32589, -98.90353, -99.0416, -99.69191, -98.84676, -98.071902, -99.09005, -98.552942, -98.93407, -98.4639, -98.58398, -98.89162, -99.36781, -98.67235, -98.40135, -98.1764, -98.49899, -98.60919, -98.79093, -98.27924, -99.21863, -98.20799, -99.463668, -98.21887, -97.74806, -97.776017, -97.5888, -98.23308, 
-98.30582, -97.882815, -98.36902, -98.06964, -98.17929, -98.040833, -97.78275, -97.95012, -97.90102, -97.85626, -98.11528, -97.7365, -98.04346, -98.14606, -97.93937, -98.486871, -98.10754, -98.338419, -98.17653, -98.25219, -98.120104, -98.087157, -98.060419, -97.76167, -97.61607, -97.78256, -97.84412, -97.89674, -98.00056, -97.81591, -98.07786, -98.29936, -98.461582, -97.71427, -98.20151, -98.2787, -97.96283, -97.971208, -97.60044, -97.95439, -98.05424, -97.732736, -98.44199, -97.51773, -98.52519, 
-98.46279, -98.46239, -98.5063, -98.48931, -98.461582, -98.5235, -98.45879, -98.4568, -98.46669, -98.54644, -98.49649, -98.52203, -98.49049, -98.48114, -98.49219, -98.41755, -98.40431, -98.39908, -98.41833, -98.50217, -98.38926, -98.43215, -98.53934, -98.52492, -98.55468, -98.63832, -98.5665, -98.57166, -98.55253, -98.53946, -98.46987, -98.36775, -98.45537, -98.42793, -98.61251, -98.56584, -98.61509, -98.36161, -98.60869, -98.461582, -98.61423, -98.461582, -98.35434, -98.70484, -98.461582, -98.40889, 
-98.52524, -98.61282, -98.66784, -98.67004, -98.70173, -98.75976, -98.74504, -98.66812, -98.62493, -98.6099, -98.50406, -98.42781, -98.47969, -98.42624, -98.290394, -98.31978, -98.51795, -98.461582, -98.30856, -98.461582, -98.461582, -98.461582, -98.461582, -98.461582, -98.461582, -98.461582, -98.461582, -98.491344, -98.461582, -98.461582, -98.461582, -98.461582, -98.461582, -98.461582, -98.461582, -98.461582, -98.461582, -98.461582, -98.461582, -98.461582, -98.461582, -98.461582, -98.231166, -97.90134, 
-98.082694, -98.09302, -98.012331, -97.188437, -97.15436, -98.098534, -97.77433, -97.79801, -97.20757, -98.414188, -98.012331, -97.78572, -98.81271, -97.46214, -98.29797, -98.071902, -97.75105, -97.68169, -98.21561, -98.16479, -98.57624, -97.04066, -97.29248, -98.686327, -98.73083, -97.20712, -97.86808, -97.70355, -97.82968, -98.99944, -97.59288, -98.97431, -98.07031, -97.07998, -97.32054, -98.12184, -98.56442, -97.24787, -97.78433, -97.68609, -97.09364, -97.04818, -97.92891, -98.38142, -97.82511, 
-97.5133, -97.69331, -97.37032, -97.75404, -97.30778, -97.40019, -97.4016, -97.463213, -97.4001, -97.42695, -97.51253, -97.42599, -97.43796, -97.50971, -97.59435, -97.38542, -97.35225, -97.40165, -97.37051, -97.4289, -97.43465, -97.44503, -97.26792, -97.380884, -97.463213, -97.463213, -97.879743, -97.463213, -97.463213, -97.463213, -97.463213, -97.463213, -97.463213, -97.463213, -97.463213, -97.463213, -97.579207, -97.463213, -97.463213, -97.463213, -97.463213, -97.463213, -97.463213, -97.463213, 
-98.23579, -98.198929, -98.25042, -98.23082, -98.224206, -98.348534, -98.11969, -97.51618, -97.42739, -97.764271, -97.520941, -97.47211, -97.74157, -98.848757, -98.05568, -97.96961, -98.18011, -98.190922, -98.154881, -98.11, -97.99464, -99.13392, -98.69525, -98.64891, -98.01478, -97.68776, -97.720569, -97.75321, -97.475663, -97.711367, -98.24639, -98.03375, -97.82923, -98.49574, -97.429952, -97.92547, -98.21578, -99.203985, -98.55962, -97.43927, -97.693736, -97.542263, -97.7113, -97.91232, -97.485039, 
-98.34205, -98.224206, -98.31176, -97.54457, -98.45014, -98.18619, -97.25024, -97.9719, -97.81013, -98.69332, -97.52948, -99.00718, -98.746365, -97.63519, -98.639793, -98.46845, -98.15301, -97.585805, -98.583016, -97.84169, -97.82904, -97.80031, -98.5587, -97.98512, -97.17019, -97.42738, -98.224206, -97.30991, -97.494649, -97.494649, -98.03579, -98.43411, -98.47938, -97.90929, -98.43167, -97.8178, -98.30109, -97.49055, -97.83087, -97.5869, -97.3935, -97.56317, -97.62496, -99.17526, -98.03875, -98.10753, 
-97.36611, -97.77727, -98.21846, -98.88389, -97.64713, -97.646143, -97.72338, -97.45352, -97.602552, -99.2956, -97.45739, -97.73, -97.54611, -98.53788, -98.39837, -97.77219, -98.44588, -97.84756, -97.87006, -97.9269, -98.66557, -97.68093, -97.97507, -97.602552, -97.6533, -97.23563, -97.771258, -97.8438, -97.54731, -98.30756, -97.84178, -97.83613, -98.36511, -97.58922, -97.11662, -97.623, -97.73519, -97.42728, -98.38421, -97.65549, -98.358613, -97.94668, -98.003574, -98.08062, -97.81966, -98.62152, 
-98.45361, -97.589147, -97.59286, -98.71911, -98.13294, -97.494649, -97.602552, -97.71439, -97.602552, -97.602552, -97.771258, -97.74103, -97.71879, -97.76277, -97.76087, -97.73856, -97.771258, -97.771258, -97.715123, -97.771258, -97.735394, -97.843336, -97.443751, -97.486509, -97.85877, -97.75687, -97.771258, -97.67711, -97.771258, -97.68665, -97.71659, -97.68651, -97.62863, -97.60992, -97.83503, -97.71419, -97.67989, -97.76588, -97.83125, -97.7638, -97.89459, -97.8751, -97.95028, -97.84469, -97.94177, 
-97.95854, -97.98869, -97.87284, -97.716, -97.67831, -97.74038, -97.79575, -97.8022, -97.76187, -97.82265, -97.85828, -97.80383, -97.723, -97.70571, -97.67621, -97.64679, -97.771258, -97.74177, -97.73328, -97.70392, -97.75743, -97.771258, -97.771258, -97.771258, -97.559807, -97.659533, -97.771258, -97.62333, -97.896285, -97.771258, -97.771258, -97.771258, -97.771258, -97.771258, -97.771258, -97.771258, -97.771258, -97.771258, -97.771258, -97.771258, -97.771258, -97.771258, -97.771258, -97.771258, 
-97.771258, -97.771258, -97.68, -97.74, -99.8165, -99.779351, -99.76064, -100.08547, -99.58416, -99.50744, -100.42452, -99.99968, -99.83827, -96.591092, -99.61238, -101.40061, -99.71817, -99.81278, -100.88116, -100.928864, -100.934216, -100.79269, -101.230032, -99.33534, -101.95574, -100.48058, -100.478373, -100.31647, -99.12665, -99.62754, -101.230032, -99.85032, -99.76665, -100.60332, -99.73847, -100.17202, -99.50497, -99.34384, -99.48894, -99.55361, -99.19045, -96.313271, -96.6909, -96.39342, 
-96.56134, -96.45594, -96.70389, -96.65977, -97.1249, -96.93171, -96.59314, -96.50081, -96.8745, -96.78185, -97.03904, -96.95358, -97.07988, -96.49617, -96.524899, -96.943868, -97.3318, -96.67796, -96.91964, -97.16036, -97.29077, -96.91939, -97.039741, -96.75932, -97.0269, -97.663293, -102.71795, -100.74939, -100.09291, -100.51097, -101.40666, -101.599447, -102.89478, -102.14757, -100.21999, -102.08831, -102.01155, -100.31313, -101.9212, -101.895894, -102.25186, -101.41617, -102.02668, -102.60769, 
-100.33123, -102.21997, -102.37108, -101.95908, -102.40636, -101.898, -100.97272, -100.16168, -102.72658, -101.61413, -101.10183, -101.49483, -101.89695, -101.83116, -102.12132, -102.3595, -102.41824, -100.09235, -102.33198, -101.76769, -102.60242, -100.80119, -100.27971, -100.61635, -101.892846, -100.6961, -100.44105, -101.54672, -102.12349, -102.13325, -100.96041, -100.956013, -101.39752, -100.82966, -101.72506, -101.826997, -100.204928, -101.54716, -100.27501, -101.22477, -101.18783, -102.29761, 
-101.48031, -102.02187, -102.506442, -101.76599, -102.97676, -101.72921, -102.11087, -102.42611, -101.04673, -101.357838, -100.20763, -100.20106, -101.16687, -102.18977, -101.83924, -101.84543, -101.81073, -101.79486, -101.895089, -101.88353, -101.81946, -101.78641, -101.87581, -101.86114, -101.67875, -101.817485, -101.999047, -101.843033, -101.80606, -101.98105, -101.803412, -101.92914, -101.895089, -101.95391, -102.071415, -101.895089, -101.895089, -101.895089, -101.895089, -101.895089, -101.895089, 
-101.895089, -101.895089, -101.895089, -101.895089, -101.895089, -101.895089, -101.895089, -101.895089, -101.895089, -101.895089, -101.895089, -101.895089, -101.895089, -101.895089, -101.895089, -100.28401, -100.76393, -101.30313, -100.207642, -100.47198, -100.258156, -99.5202, -100.90662, -99.74194, -100.75517, -100.06623, -101.09236, -100.61443, -100.43729, -100.93789, -101.30072, -100.35199, -100.63288, -100.207642, -100.76388, -100.76721, -101.38934, -100.98464, -100.82488, -100.53964, -99.41669, 
-100.21246, -101.60467, -100.44628, -99.77713, -101.05209, -100.81731, -101.32582, -101.30313, -100.40597, -100.87132, -102.41085, -101.88156, -102.3858, -102.16413, -103.01952, -102.29568, -102.67355, -102.521814, -101.22866, -102.84661, -102.78117, -102.89928, -102.20958, -101.69093, -101.14146, -101.94086, -102.41478, -102.362709, -102.32282, -102.30958, -101.5205, -102.95319, -102.28814, -102.81775, -102.78511, -101.83672, -101.83895, -102.59146, -102.86992, -101.37638, -101.38794, -102.16505, 
-102.56265, -102.73458, -102.01948, -101.65054, -101.69479, -102.16126, -102.099276, -102.15822, -100.89669, -102.52625, -102.48829, -101.81949, -102.62018, -102.14673, -102.44248, -102.61953, -102.33103, -101.76906, -102.02033, -101.91065, -101.8316, -101.851144, -101.8067, -101.82634, -101.84984, -101.87525, -101.98329, -101.92669, -101.821292, -101.88901, -101.86184, -101.85846, -101.88881, -101.91661, -101.88057, -101.94754, -101.86923, -101.93239, -101.821292, -101.821292, -101.821292, -101.821292, 
-102.010895, -101.821292, -101.821292, -101.821292, -101.821292, -99.89507, -100.25449, -99.69298, -99.35055, -99.84811, -100.31228, -99.82808, -99.51701, -101.28147, -100.93689, -100.9153, -101.20597, -100.6895, -99.70865, -100.13583, -99.70246, -99.82211, -100.76416, -101.06523, -100.57389, -99.82014, -99.7639, -100.71285, -99.60862, -100.21048, -100.449, -100.02753, -100.23572, -99.63167, -99.89708, -100.04142, -99.84483, -100.38106, -99.86203, -100.55397, -100.46635, -99.90554, -99.94686, -100.95344, 
-100.9153, -99.800304, -99.81595, -100.39814, -100.1998, -100.15822, -99.90025, -99.87238, -101.07207, -100.10582, -99.93471, -99.718725, -99.69803, -99.72107, -99.76927, -99.795167, -99.77096, -99.79886, -99.82203, -99.890737, -101.215979, -99.890737, -99.73484, -99.711665, -102.08108, -102.080064, -102.13015, -102.031726, -102.08618, -101.96324, -102.16008, -102.031726, -102.031726, -102.031726, -102.031726, -101.73528, -102.56767, -103.73108, -103.39895, -101.4532, -101.373968, -103.03594, -102.35059, 
-101.3655, -103.98274, -102.852, -101.45811, -101.51475, -102.47675, -102.64729, -102.8564, -102.696, -101.98029, -103.08399, -101.66373, -101.81824, -102.19598, -103.57449, -101.86524, -102.89658, -103.014646, -102.35512, -102.74709, -102.354346, -102.35906, -102.35398, -102.42315, -102.45367, -102.28644, -102.32177, -102.542944, -102.566993, -103.556598, -103.52515, -102.62831, -103.12722, -101.94317, -103.188993, -103.65509, -101.87223, -101.81691, -102.03317, -103.79377, -103.556598, -103.00689, 
-103.15737, -106.60469, -103.56444, -103.69271, -103.653904, -103.21085, -106.59577, -106.2133, -105.19353, -106.15381, -105.6653, -103.597991, -103.22091, -104.22045, -104.27058, -104.11628, -105.30882, -102.39894, -106.2672, -104.386683, -105.34084, -103.63643, -106.09049, -104.52192, -104.69511, -106.151727, -103.658391, -106.48011, -106.4945, -106.44583, -106.44181, -106.43047, -106.43081, -106.32749, -106.32501, -106.299987, -106.299987, -106.54487, -106.572393, -106.299987, -106.36957, -106.287923, 
-106.299987, -106.390656, -106.461405, -106.54291, -106.299987, -106.41827, -106.36353, -106.299987, -106.20788, -106.197528, -106.299987, -106.45758, -106.299987, -106.59982, -106.42402, -106.33705, -106.29828, -106.299987, -106.09325, -106.299987, -106.299987, -106.299987, -106.299987, -106.299987, -106.299987, -106.299987, -106.299987, -106.299987, -106.299987, -106.299987, -106.299987, -106.299987, -106.299987, -106.299987, -106.299987, -106.299987, -106.299987, -106.299987, -106.299987, -106.504843, 
-106.299987, -106.299987, -106.299987, -106.299987, -106.299987, -106.382757, -106.299987, -106.299987, -106.299987, -106.299987, -106.299987, -106.299987, -106.299987, -106.299987, -106.299987, -106.299987, -106.299987, -106.299987, -106.299987, -106.299987, -106.299987, -106.299987, -106.299987, -106.299987, -106.299987, -104.773083, -105.223945, -105.0981, -105.06439, -105.12263, -105.11896, -105.223945, -105.18591, -104.8621, -104.80905, -104.83956, -104.7791, -104.83421, -104.77723, -104.7485, 
-104.78439, -104.7166, -104.72289, -105.05454, -105.09953, -104.9039, -105.02, -104.91851, -105.28863, -105.10036, -105.15053, -105.373507, -105.03736, -105.04143, -105.10036, -105.223945, -104.407918, -104.407918, -104.407918, -105.373507, -104.407918, -104.408349, -104.407918, -104.408349, -104.838361, -104.408349, -104.408349, -105.072049, -104.02409, -104.431, -104.17162, -104.85962, -104.01594, -104.5635, -104.58696, -104.885409, -104.89947, -104.99076, -104.88139, -104.88288, -104.96, -104.82093, 
-104.7241, -104.42847, -104.90983, -105.00658, -104.95805, -104.95834, -105.07393, -104.89644, -105.06708, -104.96808, -105.13052, -105.07882, -105.009739, -104.92152, -104.994708, -104.8684, -104.90493, -104.78031, -105.05404, -104.30997, -104.60811, -104.70607, -104.744145, -104.408349, -104.408349, -104.408349, -104.408349, -104.408349, -104.408349, -105.223945, -104.994708, -104.408349, -104.408349, -104.856808, -104.99699, -104.98306, -105.01966, -104.96678, -104.95243, -104.91945, -104.408349, 
-104.96698, -104.96473, -105.01973, -105.04688, -105.06251, -105.10441, -104.96214, -104.408349, -104.97133, -105.03483, -104.91678, -105.01123, -104.92766, -104.99999, -104.91348, -105.12044, -105.08918, -105.09191, -105.14558, -104.95943, -104.89627, -104.88338, -105.08866, -104.9544, -105.00829, -105.08431, -105.04089, -104.90406, -104.408349, -104.83034, -104.94931, -104.408349, -104.408349, -104.93113, -104.876649, -104.408349, -104.73913, -104.408349, -104.408349, -104.408349, -104.408349, 
-104.408349, -104.992842, -104.408349, -104.991334, -105.00805, -104.985036, -104.938391, -104.408349, -104.98563, -104.408349, -104.991511, -104.408349, -104.408349, -104.987535, -104.987577, -104.408349, -104.408349, -104.906942, -104.987577, -104.98696, -104.987577, -104.992842, -104.99008, -104.98948, -104.986336, -104.987535, -104.408349, -105.21928, -105.29673, -105.22883, -105.27938, -105.252586, -105.384694, -105.373507, -105.3868, -105.373507, -105.373507, -105.373507, -105.373507, -105.373507, 
-105.373507, -105.373507, -105.373507, -105.19337, -105.223945, -105.32256, -105.223945, -106.06889, -105.476, -105.50875, -106.57267, -106.03747, -105.22472, -106.93018, -105.53422, -106.92438, -106.311697, -106.49424, -105.79431, -105.31198, -106.33104, -105.97937, -105.61523, -105.223945, -105.71302, -105.36812, -106.0065, -105.83438, -106.14029, -105.7258, -105.95502, -105.84688, -105.72873, -105.79916, -106.11862, -105.56054, -105.244245, -105.26071, -105.39844, -105.74027, -105.30102, -106.42854, 
-106.31399, -106.74302, -105.18121, -105.50805, -106.92849, -106.16205, -106.94494, -105.36876, -105.459269, -106.20137, -105.57057, -105.602959, -105.73155, -106.92691, -105.8686, -106.8557, -106.24457, -105.48044, -105.78359, -106.90681, -106.87521, -106.860746, -106.108002, -106.13744, -105.10033, -105.373507, -105.17365, -105.01772, -104.84063, -105.52421, -105.569245, -105.64876, -105.08431, -104.93581, -105.41818, -105.02767, -105.51722, -104.93637, -105.10494, -105.057005, -105.464832, -105.05106, 
-105.0535, -105.11576, -105.280009, -105.01123, -104.93576, -105.43325, -105.232695, -104.91477, -105.17388, -105.40415, -105.10349, -105.08726, -105.163377, -105.33762, -105.372014, -104.99747, -104.85394, -105.275045, -105.63525, -104.850544, -104.98083, -105.01233, -104.90227, -104.885116, -105.569245, -104.82407, -104.908921, -104.629665, -104.66762, -104.26915, -104.87448, -104.407918, -104.71181, -104.70357, -104.79723, -104.500735, -104.77878, -104.5151, -104.800547, -104.69175, -104.762899, 
-104.31497, -104.75498, -104.31497, -104.70172, -104.88339, -104.62943, -104.49916, -104.51964, -104.68704, -104.70542, -104.76208, -104.15685, -104.75847, -104.84267, -104.28784, -104.00612, -104.07361, -103.80625, -103.82915, -103.18362, -102.16663, -103.26151, -103.60824, -102.78823, -102.48265, -102.84813, -104.22705, -102.58831, -104.305265, -103.51203, -102.30451, -102.24035, -103.04649, -102.21858, -103.38353, -103.41815, -103.87807, -102.95628, -102.3726, -103.27669, -102.472203, -103.11162, 
-102.54595, -103.60936, -103.21574, -103.65736, -102.36417, -103.61156, -102.21336, -102.69005, -103.10362, -102.1746, -103.24869, -102.44357, -102.25094, -104.32017, -104.98731, -102.37913, -102.88722, -105.1497, -105.18746, -103.07103, -105.30711, -104.69627, -103.48219, -105.01363, -105.63616, -103.48045, -102.69795, -103.54469, -102.52694, -102.78889, -103.604851, -105.46846, -103.69416, -104.93485, -103.89534, -104.54313, -104.07125, -103.96314, -102.88573, -104.08793, -102.59745, -104.84248, 
-104.562027, -105.12429, -102.75387, -103.02115, -105.06335, -104.17321, -105.23659, -104.857828, -104.807081, -104.81654, -104.86481, -104.83632, -104.82492, -104.81869, -104.69575, -104.77856, -104.77158, -104.7232, -104.562027, -104.76387, -104.701177, -104.70892, -104.73823, -104.73975, -104.76602, -104.85255, -104.76701, -104.83755, -104.70145, -104.76, -106.039412, -104.6555, -104.87298, -104.67, -104.45068, -104.65178, -104.50403, -104.60923, -104.562027, -105.011786, -104.562027, -104.562027, 
-104.562027, -104.562027, -104.66, -104.67, -104.562027, -104.562027, -104.562027, -104.562027, -104.562027, -104.562027, -104.562027, -104.562027, -104.562027, -104.562027, -104.76, -104.562027, -104.562027, -104.562027, -104.562027, -104.562027, -104.562027, -104.57029, -104.552299, -104.62567, -104.6331, -104.66972, -104.52912, -104.74329, -104.61964, -104.552299, -104.552299, -104.552299, -104.552299, -104.552299, -104.552299, -104.552299, -104.613617, -104.66016, -103.37824, -104.37807, -104.95609, 
-104.71063, -104.23282, -103.84302, -102.5296, -103.51113, -103.85543, -103.779959, -102.80439, -103.072469, -104.03445, -105.20072, -102.33025, -104.73461, -102.21952, -102.94569, -103.16965, -104.358375, -102.19677, -103.47108, -103.54001, -102.61855, -103.18631, -105.02943, -102.88325, -103.86848, -104.02959, -103.92275, -103.76209, -102.95462, -105.31806, -103.72231, -104.89892, -102.24844, -102.61726, -104.523155, -102.18, -103.67101, -103.62827, -104.858227, -104.14826, -104.47809, -102.39192, 
-102.42882, -104.80456, -102.26776, -104.97188, -102.75161, -105.83471, -105.881779, -106.08325, -107.42271, -107.59026, -105.58024, -106.12085, -106.08966, -105.34164, -107.34452, -106.75491, -106.02648, -106.95429, -105.69706, -106.39774, -105.37293, -105.530023, -106.375292, -105.81264, -107.64223, -105.429395, -106.05178, -105.90161, -105.91579, -106.14946, -105.73101, -107.11287, -105.98648, -106.22626, -105.7477, -105.54778, -105.3675, -106.63177, -106.14476, -107.093153, -106.03468, -106.62831, 
-106.14664, -105.27973, -105.476577, -107.4166, -105.14752, -105.76738, -105.53192, -106.96556, -106.96755, -105.1226, -106.243422, -106.256615, -106.95776, -106.940201, -105.642451, -105.85054, -107.29953, -106.18801, -106.602838, -106.54811, -105.02111, -106.52037, -106.097284, -107.15542, -105.18642, -105.476577, -107.292081, -106.47812, -106.32916, -105.45798, -105.07615, -107.025486, -105.106881, -107.84945, -107.935945, -107.653131, -107.856609, -108.78271, -108.60355, -108.45204, -108.92455, 
-108.83162, -108.15728, -108.65188, -108.29691, -108.125194, -108.50424, -108.76998, -108.02585, -108.88769, -108.78311, -107.8625, -107.885975, -107.9, -107.97404, -108.92858, -107.92669, -107.986174, -107.59315, -108.08219, -107.96085, -107.73704, -107.780778, -107.939831, -108.68079, -108.2586, -108.50164, -108.0098, -107.86975, -107.67438, -107.58799, -108.969823, -108.00332, -108.43921, -107.77322, -107.62223, -107.35526, -107.88874, -108.55, -108.481354, -108.58311, -108.49019, -108.60506, 
-108.54679, -108.66, -106.937134, -108.44444, -108.72071, -109.01087, -108.85126, -108.78893, -108.93781, -108.367, -108.58155, -107.32107, -107.325336, -108.76266, -106.8191, -106.882774, -106.941907, -106.94528, -106.51534, -106.97082, -107.1882, -107.93414, -107.60818, -107.783276, -107.089239, -108.34069, -106.7751, -106.6148, -108.398991, -108.11571, -108.023924, -107.02552, -107.51756, -107.26093, -108.39974, -107.92158, -106.63444, -108.16033, -106.37859, -108.00498, -107.54974, -108.77528, 
-106.32403, -107.89755, -107.66873, -107.18886, -106.97888, -106.62705, -106.81878, -106.37077, -106.497314, -104.80208, -104.666365, -104.661244, -104.862947, -104.666365, -104.80582, -104.666365, -104.88279, -104.666365, -104.18805, -105.65207, -105.3549, -104.35907, -104.34107, -106.17649, -105.66184, -105.19216, -104.48095, -105.19881, -105.87705, -105.75364, -105.797388, -105.58626, -105.624667, -104.39118, -104.00078, -105.99071, -105.46188, -110.89421, -105.05069, -104.82923, -104.53453, -104.97591, 
-104.76034, -104.71135, -104.24488, -104.11451, -104.4242, -104.2877, -104.61635, -104.37708, -104.94156, -104.35784, -104.448288, -104.75034, -105.063337, -104.19228, -104.12045, -104.38969, -104.3721, -107.29475, -107.7646, -107.71062, -107.73911, -107.53257, -106.43594, -106.66284, -106.60352, -106.32113, -106.75888, -107.23106, -107.117226, -106.78063, -108.16076, -107.119867, -107.97365, -108.04905, -108.44195, -108.53415, -109.20826, -108.45634, -108.58917, -108.3809, -108.64076, -108.03102, 
-108.454106, -107.63702, -108.18385, -108.32833, -107.9263, -108.92718, -108.28605, -108.86789, -108.86538, -107.67034, -107.36569, -108.31942, -109.415501, -108.34879, -106.438937, -108.60194, -109.21806, -109.70709, -108.92886, -108.53339, -108.89349, -108.63154, -108.56038, -108.57191, -106.29799, -106.35696, -106.53986, -106.807047, -106.27255, -106.999195, -107.12523, -106.807047, -105.485243, -105.37303, -106.2421, -106.15952, -105.91078, -106.807047, -106.65945, -106.14153, -107.68195, -106.27476, 
-106.37103, -106.807047, -106.807047, -108.15555, -104.44387, -105.616339, -104.22425, -104.45138, -104.12853, -104.767846, -104.68992, -104.568128, -105.52661, -105.38624, -105.52445, -104.72952, -104.92334, -104.45121, -105.74228, -105.23842, -104.398, -104.71043, -105.24695, -105.35878, -104.371298, -106.96782, -106.08209, -106.76367, -107.10625, -106.67638, -106.42404, -107.48172, -106.23963, -107.38903, -107.14202, -106.870963, -106.9081, -107.21937, -106.66324, -109.16304, -108.963931, -110.38625, 
-109.61933, -109.92672, -109.82274, -110.90607, -110.919995, -109.40903, -110.43728, -109.97361, -109.63919, -110.22391, -110.36624, -109.48709, -110.33778, -109.85694, -108.81963, -109.22044, -110.53733, -108.97139, -110.75714, -110.786527, -110.57908, -110.83215, -110.97876, -110.86418, -110.694002, -110.40687, -110.92196, -111.0048, -110.92859, -110.11482, -110.85188, -110.18889, -110.53868, -111.01917, -110.99847, -111.0932, -110.53743, -110.93182, -110.24195, -110.27732, -110.91808, -110.98262, 
-110.93247, -112.43968, -112.43182, -112.48638, -112.50329, -112.410283, -112.313836, -112.313836, -112.83218, -112.91931, -112.54626, -113.31639, -112.23971, -112.81316, -111.87207, -112.16356, -111.37641, -112.39454, -111.40853, -114.18803, -114.5981, -112.01429, -113.816735, -111.596651, -111.97605, -111.217381, -112.11647, -113.99217, -112.12765, -111.79977, -111.09002, -111.35333, -111.7509, -112.64211, -113.04362, -112.23562, -112.01889, -112.21484, -113.74907, -112.32902, -113.80293, -111.32637, 
-113.45086, -112.442253, -111.39651, -112.59511, -111.82369, -112.84484, -111.3922, -112.11712, -111.57731, -112.68229, -114.93551, -111.96206, -111.67297, -111.22042, -111.98144, -111.42742, -114.47509, -115.02366, -114.519536, -113.59744, -113.64135, -114.25865, -114.95287, -114.81886, -113.79857, -113.89078, -114.90993, -114.96964, -113.41808, -114.2441, -114.25578, -114.77559, -114.61919, -114.70605, -114.9251, -114.31153, -114.299, -114.05941, -113.7864, -115.04088, -114.46394, -114.5198, -114.37441, 
-113.35296, -113.509762, -114.12157, -113.8869, -113.86281, -114.06444, -114.18795, -113.62976, -114.40997, -114.18191, -114.33214, -114.71025, -111.98136, -112.07391, -111.333376, -112.01425, -111.782152, -111.95925, -111.04, -111.782152, -111.40548, -111.55527, -111.11484, -112.34258, -111.21512, -112.23219, -111.83881, -111.23417, -111.36631, -112.01477, -111.32682, -111.99508, -112.54642, -111.49617, -111.60171, -111.80942, -111.691047, -111.87407, -111.59911, -112.15002, -111.70208, -112.20206, 
-111.60171, -111.70879, -111.33201, -112.42474, -111.64522, -111.16768, -111.957274, -111.14842, -111.691047, -113.8584, -113.9625, -113.29547, -113.67277, -114.07866, -113.90306, -113.68966, -114.31565, -116.98484, -116.3187, -116.38568, -116.48168, -116.63906, -115.25273, -116.40471, -116.13146, -115.557407, -116.25403, -116.666843, -116.7202, -116.03726, -116.54146, -115.72485, -116.78649, -116.46896, -116.301, -116.24922, -116.20071, -116.43823, -115.82276, -116.35695, -116.52939, -116.36431, 
-116.804544, -115.9769, -115.90101, -116.26936, -116.62363, -115.13085, -116.13976, -115.88714, -116.67755, -116.798923, -116.73825, -116.69, -115.9729, -116.55344, -116.05992, -116.36346, -116.5143, -116.91129, -116.43395, -115.9354, -115.32724, -116.07225, -116.82367, -115.49697, -116.9484, -116.1889, -116.790284, -115.87903, -116.4388, -115.17427, -116.39311, -115.453583, -116.646209, -115.48797, -116.04991, -116.84062, -116.57555, -116.39642, -116.48879, -116.60253, -116.62405, -116.43, -115.62345, 
-115.85201, -116.46584, -116.58697, -116.620774, -116.752963, -116.34335, -116.81389, -116.8008, -116.29949, -116.93469, -116.89433, -115.98055, -116.49155, -116.31264, -115.69194, -116.93326, -116.90117, -115.55397, -116.243984, -116.57761, -116.53781, -116.272921, -116.20756, -116.25707, -116.28716, -116.2252, -116.19903, -115.997118, -116.243984, -116.29527, -116.243984, -116.16367, -116.33059, -116.26507, -116.243984, -116.02721, -116.243984, -116.243984, -116.243984, -116.243984, -116.243984, 
-116.243984, -116.195159, -116.243984, -116.243984, -116.243984, -116.243984, -116.243984, -116.243984, -116.243984, -116.243984, -116.243984, -116.243984, -116.243984, -116.243984, -116.243984, -116.28116, -116.243984, -116.66605, -115.80199, -116.56168, -116.98833, -116.41051, -116.39726, -116.12134, -116.5854, -116.46535, -116.15905, -116.26693, -116.64794, -116.7757, -116.78897, -116.682718, -116.83491, -117.02483, -116.54841, -116.94417, -116.545493, -116.1865, -116.17964, -116.38764, -116.91914, 
-116.74475, -116.71663, -116.74907, -116.27423, -116.11848, -116.20774, -116.515276, -116.76728, -116.57917, -116.98067, -116.684553, -116.13626, -115.78377, -116.41475, -116.89426, -116.01495, -116.24128, -116.88379, -116.53305, -116.53078, -116.94564, -116.91671, -116.90904, -116.82431, -116.8783, -116.5571, -116.57392, -116.545493, -116.55101, -116.625594, -116.42113, -115.9555, -116.18156, -116.86895, -116.89647, -116.74693, -116.96316, -115.88759, -115.83204, -116.90486, -116.682718, -116.545493, 
-110.27969, -110.32673, -111.79449, -111.76279, -112.02, -112.1281, -110.19776, -109.505593, -111.87249, -112.115984, -112.09859, -111.87682, -112.04427, -111.888121, -111.37752, -111.53153, -111.87294, -110.46066, -112.70012, -109.46319, -111.42743, -111.88847, -109.82903, -110.95449, -111.40328, -112.6698, -109.547839, -110.46651, -111.33259, -111.50264, -113.94372, -109.25255, -111.20141, -111.93004, -111.3702, -109.81677, -111.9271, -111.97625, -111.7162, -111.89052, -112.08318, -111.88, -109.74719, 
-111.88704, -111.49837, -111.71141, -110.38597, -110.14823, -110.02525, -111.90581, -111.204, -112.01151, -111.70561, -111.71067, -111.536036, -111.49362, -111.35283, -111.73333, -109.70579, -111.16584, -111.96327, -110.01689, -112.05093, -111.505365, -112.45813, -111.88821, -112.33819, -110.70128, -110.46935, -112.29455, -112.06279, -109.87476, -109.54223, -109.547839, -112.31673, -112.03, -111.41809, -114.0093, -111.97566, -109.91425, -111.22578, -111.90909, -111.97889, -112.115984, -111.908297, 
-111.908297, -111.80902, -111.83448, -111.86217, -111.96088, -112.07, -111.67485, -111.53674, -111.89875, -111.86371, -111.87491, -111.94077, -111.86044, -111.85657, -111.88394, -111.81123, -111.79973, -111.908297, -111.88361, -111.83805, -111.83364, -111.908297, -111.88938, -111.94018, -111.83797, -111.99591, -111.95239, -111.99899, -111.8158, -111.908297, -111.92226, -111.8222, -111.908297, -111.908297, -111.908297, -112.04004, -111.93, -111.908297, -111.908297, -111.838541, -111.889319, -111.908297, 
-111.908297, -111.887869, -111.908297, -111.74828, -111.908297, -111.93087, -111.908297, -111.908297, -111.900832, -111.890819, -111.908297, -111.908297, -111.837567, -111.908297, -111.908297, -111.66273, -111.908297, -111.908297, -111.762115, -111.908297, -111.908297, -111.908297, -111.90077, -111.956811, -111.908297, -111.908297, -111.908297, -111.93942, -112.007924, -111.956721, -110.160534, -112.12561, -112.04736, -111.99738, -112.0433, -112.07009, -112.30373, -111.973275, -112.08846, -111.81304, 
-112.11338, -112.15829, -113.56365, -112.09427, -112.10675, -112.45965, -111.70449, -111.81535, -111.84549, -111.86587, -111.78042, -111.896571, -111.783783, -111.94275, -111.97114, -111.825, -111.99026, -111.79102, -113.44562, -112.13957, -112.32322, -111.8096, -111.81676, -112.14671, -111.85897, -112.91032, -112.22327, -111.94607, -111.92716, -112.05538, -111.80904, -112.063983, -111.98346, -111.956721, -111.94608, -112.01932, -111.9675, -111.965867, -111.948474, -111.956721, -111.956721, -111.96366, 
-111.956721, -110.78678, -109.11245, -109.46245, -109.52773, -111.00605, -109.615008, -111.05489, -110.87184, -110.34199, -110.78956, -111.17706, -111.13617, -110.35905, -110.98561, -110.560697, -110.9778, -110.80479, -109.15445, -109.93383, -109.49392, -110.03772, -109.28709, -109.30629, -110.2123, -111.16518, -110.58819, -109.44491, -110.72865, -111.68006, -111.732476, -111.626081, -111.6491, -111.536036, -111.64439, -111.92835, -111.84775, -111.80511, -111.57686, -112.5433, -111.99559, -111.5783, 
-112.14995, -111.42865, -111.77838, -112.31666, -111.62844, -111.89623, -111.85047, -112.79181, -112.2823, -112.70637, -112.27113, -111.94431, -112.36913, -111.57601, -111.69904, -113.032141, -111.85402, -111.58299, -111.43798, -111.88229, -112.32369, -112.62826, -111.72117, -111.92215, -111.66405, -111.72893, -111.85302, -112.14804, -111.943, -111.65408, -111.47818, -111.59577, -111.56665, -111.740853, -111.67126, -112.08397, -112.53409, -112.05826, -111.97354, -112.6926, -113.6718, -111.54921, 
-111.09991, -112.17088, -112.08849, -112.81081, -113.16557, -113.3695, -113.62554, -112.25563, -112.14565, -113.76108, -111.6841, -113.7085, -112.61182, -111.98379, -112.82508, -111.9101, -113.8136, -110.66366, -112.55601, -111.99144, -113.24183, -113.67582, -112.23422, -112.23014, -112.11431, -113.203633, -112.18455, -111.88029, -113.25581, -113.33562, -111.67612, -111.5911, -112.2208, -113.1063, -112.93204, -113.88673, -111.88908, -112.79836, -113.627239, -113.2821, -112.64419, -112.40819, -112.68799, 
-112.83945, -112.71064, -113.042525, -112.20857, -113.64916, -112.35173, -113.013922, -113.5987, -113.476182, -112.93517, -111.53072, -113.27491, -111.0022, -112.07946, -113.10279, -113.49671, -113.51806, -113.66976, -113.66144, -112.978418, -113.55568, -113.476182, -111.868898, -111.898438, -112.066211, -111.591641, -112.351835, -112.18717, -112.07838, -112.07057, -112.18717, -112.04875, -112.09024, -112.0008, -112.12378, -112.18717, -112.18717, -112.0703, -112.08483, -112.05711, -112.10262, -112.03235, 
-112.12285, -111.98603, -112.1417, -112.05519, -112.09281, -112.0521, -112.09341, -112.04717, -111.723635, -112.18717, -112.11429, -112.00815, -112.12023, -112.18717, -112.17108, -112.00416, -112.21405, -112.0281, -112.1875, -112.18717, -112.25539, -112.18717, -112.18717, -112.02857, -112.10076, -112.027663, -112.20009, -111.99246, -112.09812, -112.18717, -112.02477, -111.99271, -112.13361, -112.13122, -111.96463, -112.18717, -112.18717, -112.18717, -112.18717, -112.18717, -112.18717, -112.18717, 
-112.18717, -112.18717, -112.18717, -112.18717, -112.18717, -112.18717, -112.18717, -112.18717, -112.18717, -112.18717, -112.18717, -112.18717, -112.18717, -112.18717, -112.18717, -112.18717, -112.14, -112.07945, -112.06339, -112.09992, -112.140771, -112.09, -112.18717, -112.18717, -112.18717, -111.54, -111.42, -111.51, -111.56, -111.75, -111.74, -111.758483, -111.69, -111.49, -111.75, -111.59, -111.23, -110.78, -110.97, -111.97, -112.11, -111.57, -111.49, -111.59, -111.56, -111.36, -111.74, -111.92, 
-111.1, -111.54, -111.38, -111.44, -110.66, -111.83, -111.65, -111.594435, -111.84701, -111.8756, -111.806, -111.78594, -111.71686, -111.72452, -111.64338, -111.64302, -111.64, -111.84129, -111.837345, -111.64535, -111.76892, -112.18717, -111.6935, -112.18717, -111.478975, -111.418233, -111.46337, -111.5762, -111.90545, -111.73499, -111.68022, -111.8735, -111.83064, -111.93177, -111.686171, -111.52617, -111.78945, -111.57673, -111.31629, -111.80833, -111.75093, -110.7804, -111.70835, -110.97202, 
-111.93, -112.11505, -111.858805, -111.49949, -111.61087, -111.54, -111.888824, -111.37672, -112.18717, -111.75128, -111.86355, -111.8004, -111.90944, -111.92079, -111.868432, -111.95645, -111.95416, -111.88321, -111.83509, -111.91741, -111.89337, -111.82628, -111.88699, -112.18717, -111.8708, -111.67915, -111.67554, -112.18717, -112.18717, -111.72852, -112.18717, -112.18717, -111.97564, -111.11015, -112.18717, -112.18717, -112.18717, -111.326045, -111.326045, -111.931298, -111.92733, -111.92873, 
-111.93155, -111.92962, -112.18717, -112.05927, -111.934865, -111.889286, -112.18717, -112.18717, -111.42979, -110.72198, -111.79, -111.61, -111.74, -111.76078, -111.714171, -111.7, -112.18717, -112.1767, -112.17699, -112.22189, -112.17531, -112.25225, -112.1767, -112.30607, -112.17825, -112.37688, -112.17614, -112.18717, -112.18717, -112.18717, -111.886707, -112.18717, -113.19837, -112.78694, -112.78934, -112.32401, -112.10088, -113.9537, -112.56941, -112.18717, -114.68562, -112.29588, -112.722998, 
-111.96301, -112.9307, -113.45703, -114.49095, -112.32364, -114.78056, -112.7946, -112.38482, -112.16752, -112.40523, -111.890713, -112.49976, -112.18717, -114.30462, -112.23984, -114.23325, -113.85421, -113.62376, -114.77866, -114.71199, -112.28316, -113.976313, -112.28299, -113.01652, -112.44792, -114.13546, -113.53441, -112.18717, -114.239557, -113.5935, -112.59778, -112.69667, -112.30263, -114.64644, -114.52671, -114.631172, -114.40884, -114.074901, -114.390171, -112.18717, -112.28931, -112.38502, 
-112.36474, -112.18717, -112.18717, -112.18717, -112.40158, -112.18717, -112.22791, -112.24838, -112.244827, -112.18717, -112.18717, -112.46, -112.76952, -112.29, -112.246311, -112.57, -114.784135, -110.75681, -110.81268, -109.767893, -110.22921, -109.79267, -110.814893, -109.2841, -109.11471, -109.91803, -109.98719, -110.90026, -109.32904, -111.28137, -110.5231, -109.84995, -111.46865, -111.01062, -109.69052, -111.28775, -109.752196, -110.11686, -109.696449, -109.76487, -111.30102, -110.96487, -111.33413, 
-110.3182, -109.8958, -109.46196, -109.81342, -109.55035, -109.23407, -110.04581, -109.64646, -110.51857, -110.30004, -111.00904, -110.23013, -110.34743, -109.67608, -110.63925, -110.75682, -109.919794, -110.9264, -110.932803, -110.77201, -110.70794, -109.7723, -109.611545, -110.09917, -110.909305, -110.97527, -110.21803, -110.60293, -109.19635, -111.49066, -111.93712, -110.24288, -110.280111, -110.66869, -110.06684, -111.76494, -111.0416, -110.67442, -109.88461, -109.878211, -111.09908, -111.06352, 
-110.98926, -110.24699, -111.113178, -111.26232, -111.17135, -109.754263, -111.16, -110.909305, -109.754263, -109.754263, -110.9696, -111.890713, -111.890713, -110.98801, -110.98534, -110.92497, -110.875093, -110.89189, -110.897966, -110.82559, -110.88511, -110.8878, -110.9757, -110.95525, -110.82864, -110.92533, -111.890713, -110.92282, -110.94791, -111.890713, -110.949996, -111.890713, -111.890713, -110.944343, -111.890713, -110.945346, -111.890713, -110.81032, -110.708174, -110.71225, -111.890713, 
-110.935337, -111.23968, -111.29398, -110.96354, -111.890713, -110.9087, -111.890713, -111.04259, -111.05582, -111.14888, -111.890713, -111.0209, -111.04599, -110.77573, -110.76851, -110.74419, -110.84384, -110.714678, -111.890713, -111.890713, -110.97, -110.92, -111.11, -111.890713, -110.859106, -112.088337, -110.03676, -110.035185, -110.55639, -110.203073, -109.19785, -109.24946, -110.29487, -109.7114, -109.34532, -109.86356, -109.58336, -110.55929, -109.9952, -109.73709, -110.83591, -109.22149, 
-110.52048, -110.26032, -109.91503, -109.40254, -110.03633, -109.22291, -110.09181, -109.67514, -110.03334, -109.96697, -111.72256, -112.052427, -112.052427, -111.44851, -112.052427, -111.83, -111.49474, -111.62931, -111.93253, -111.5472, -112.9791, -112.47107, -112.06498, -111.16676, -110.14698, -109.52295, -110.288704, -110.61562, -110.09228, -110.42509, -110.18425, -110.18617, -110.99972, -111.85444, -111.463026, -110.5201, -111.4284, -110.36628, -110.50131, -110.86804, -111.06828, -112.23657, 
-110.53128, -112.23039, -111.10495, -110.65072, -113.16874, -112.44726, -112.491528, -112.45399, -112.49066, -112.63753, -112.307777, -112.39773, -112.32176, -112.3, -112.56465, -113.11473, -111.84375, -112.45931, -112.06438, -111.90168, -112.01002, -112.20644, -112.25234, -112.39773, -112.14586, -112.6261, -112.13612, -112.46252, -111.75103, -111.80666, -113.05774, -112.70556, -111.728572, -112.39773, -111.76788, -111.787154, -112.3501, -112.492365, -111.76764, -113.183806, -111.989364, -113.95225, 
-114.063651, -114.33694, -114.32546, -113.642712, -114.27861, -114.01, -113.642712, -113.843241, -114.24036, -114.574004, -114.58524, -114.581228, -114.54696, -114.49451, -114.21626, -113.94024, -114.38928, -113.5121, -112.51013, -114.4663, -113.66065, -114.14175, -114.619445, -114.57354, -114.30203, -114.59734, -114.179228, -114.07783, -113.642712, -114.591728, -109.54223, -109.61956, -109.17878, -109.65344, -109.22194, -109.29689, -109.07847, -110.20181, -109.2093, -109.32309, -109.33634, -109.06495, 
-110.00633, -109.86488, -109.6007, -109.41297, -109.11872, -109.59931, -109.45613, -109.17551, -111.759944, -109.55, -109.17516, -112.115853, -106.42793, -106.7648, -106.55322, -108.07182, -106.80927, -107.45148, -106.37296, -105.880597, -106.15202, -106.03034, -106.6583, -107.40227, -107.5052, -106.19155, -106.12269, -106.76581, -107.49441, -107.90777, -107.893691, -106.69301, -106.7592, -106.73752, -106.62093, -107.24109, -107.00449, -106.8053, -107.09858, -106.70536, -106.01328, -107.65365, -105.99524, 
-106.27612, -107.80037, -107.44137, -107.36564, -106.32728, -106.68375, -106.44361, -106.65317, -107.98853, -106.935844, -106.28742, -106.62141, -107.63451, -107.87701, -106.35022, -106.80866, -105.91598, -105.880597, -106.31044, -106.73362, -106.36553, -106.71879, -105.95532, -106.54779, -106.6895, -105.97201, -106.34845, -106.33885, -106.644831, -106.64792, -106.672872, -106.67238, -106.68695, -106.61747, -106.64073, -106.58232, -106.56662, -106.57927, -106.52223, -106.52067, -106.59384, -106.67336, 
-106.546128, -106.55102, -106.571978, -106.59427, -106.672872, -106.70851, -106.74258, -106.52021, -106.50645, -106.71469, -106.672872, -106.672872, -106.672872, -106.645081, -106.65, -106.672872, -106.672872, -106.672872, -106.64, -106.672872, -106.672872, -106.672872, -106.672872, -106.672872, -106.672872, -106.672872, -106.672872, -106.672872, -106.672872, -106.672872, -106.672872, -106.672872, -106.672872, -106.243911, -106.672872, -106.672872, -106.672872, -108.84857, -108.176693, -108.78661, 
-108.57046, -108.51792, -108.32473, -108.10225, -108.61359, -108.54595, -108.76657, -108.90414, -108.8731, -108.41304, -108.65253, -108.19993, -108.6655, -108.81277, -108.72493, -109.08296, -108.45374, -108.27933, -108.71665, -108.176693, -108.79265, -109.031853, -108.19225, -108.14505, -107.96667, -107.48121, -107.87907, -108.09508, -108.45001, -108.3674, -108.15934, -107.52505, -108.80023, -108.62606, -108.79107, -108.81089, -108.06925, -105.99936, -106.123698, -105.981847, -106.007499, -105.97926, 
-106.075722, -105.952788, -105.754453, -105.981847, -106.40596, -106.04254, -105.41628, -105.67244, -105.50586, -106.40996, -106.46786, -105.81143, -106.54918, -105.63855, -106.55118, -105.74651, -105.94533, -105.903255, -105.5809, -105.50602, -105.84161, -106.9757, -105.60547, -106.23407, -105.87995, -106.08036, -106.75512, -105.74841, -106.17472, -104.679611, -106.06145, -105.91873, -105.66493, -106.29536, -106.295255, -106.18489, -106.02523, -106.63695, -105.6422, -105.71543, -106.578513, -105.58602, 
-105.67963, -105.3955, -105.57658, -105.67671, -105.64442, -105.50337, -106.07952, -106.03282, -105.26233, -105.5808, -105.65799, -105.915713, -106.54091, -105.62924, -105.9267, -105.78702, -105.56045, -105.60728, -106.13395, -105.98866, -105.33759, -106.044394, -105.981847, -105.981847, -105.08142, -105.24877, -105.15426, -105.18498, -105.37302, -105.01333, -105.39831, -105.29165, -105.23043, -105.3833, -104.98272, -104.52049, -104.82618, -104.23902, -105.41406, -105.34137, -103.90051, -105.10727, 
-105.11586, -105.17633, -104.38693, -105.42596, -103.86353, -105.2258, -103.902091, -104.39211, -104.692463, -104.85007, -104.65018, -104.98925, -106.93722, -108.57547, -108.05889, -106.92814, -108.91977, -107.36816, -108.14528, -106.92146, -108.63899, -108.66387, -106.87734, -106.60285, -107.18741, -107.260088, -107.32655, -107.36322, -107.28652, -107.22065, -107.27535, -107.16806, -107.43337, -107.02161, -107.13794, -107.35393, -107.69183, -107.28747, -106.76078, -106.46884, -106.7541, -106.93052, 
-106.81463, -106.786259, -106.830111, -106.71763, -108.53985, -106.70306, -106.6977, -106.79, -106.615936, -108.81515, -106.5443, -108.15795, -108.10736, -106.61689, -108.70302, -108.15359, -106.68516, -108.327898, -107.73529, -107.71282, -107.74042, -106.800976, -107.10461, -107.906536, -108.15086, -108.44042, -108.63575, -108.3645, -107.97807, -107.59761, -108.11625, -106.72283, -108.73956, -106.805867, -106.71991, -106.66112, -108.14114, -108.94007, -106.60256, -108.21816, -106.914575, -108.90341, 
-108.93389, -106.820075, -108.30206, -108.137931, -106.57771, -108.30257, -106.63846, -106.400486, -106.792993, -103.329901, -103.22589, -103.391269, -103.326445, -103.15193, -103.10002, -103.32392, -103.35459, -103.87575, -103.61576, -104.24242, -103.40619, -103.97475, -103.709525, -103.145119, -103.62567, -103.1837, -103.27741, -103.34255, -103.16138, -103.46686, -103.96633, -103.06869, -104.7305, -104.55089, -104.431788, -104.524894, -104.38083, -104.328113, -103.63843, -104.29134, -104.293691, 
-104.3334, -103.23598, -104.33708, -103.16616, -103.216516, -103.14592, -103.433804, -104.88576, -103.26808, -104.45187, -104.45128, -103.96139, -103.98784, -103.44623, -103.35216, -103.972, -103.71399, -103.30857, -103.42377, -104.36153, -105.88218, -105.97561, -105.612595, -105.63599, -105.85196, -105.99002, -105.41326, -105.68568, -105.33238, -105.51307, -105.53021, -105.48489, -105.81338, -106.07948, -105.938768, -105.26783, -105.91512, -105.35812, -105.40542, -105.73266, -105.73072, -106.079686, 
-105.01969, -105.36135, -105.66637, -105.56694, -105.60437, -105.36046, -105.781129, -105.68663, -105.01755, -106.02058, -105.14392, -105.47306, -105.693322, -103.77676, -103.20194, -103.18444, -103.99329, -103.22216, -104.18276, -104.41778, -103.74791, -103.56942, -104.47567, -103.96571, -103.62143, -103.39045, -103.81162, -103.505541, -103.21973, -104.2151, -103.778184, -103.34027, -104.81362, -103.12311, -103.14925, -104.679611, -104.679611, -106.299987, -106.299987, -106.299987, -106.299987, 
-106.299987, -106.299987, -106.299987, -106.299987, -106.299987, -106.299987, -106.299987, -106.299987, -106.299987, -106.299987, -106.299987, -106.299987, -106.299987, -106.299987, -106.299987, -106.299987, -106.299987, -106.299987, -106.299987, -106.299987, -106.299987, -106.299987, -106.299987, -106.299987, -106.299987, -106.299987, -106.299987, -106.299987, -106.299987, -106.299987, -106.299987, -106.299987, -106.299987, -106.299987, -106.299987, -106.299987, -106.299987, -106.299987, -106.299987, 
-106.299987, -106.299987, -106.299987, -106.299987, -106.299987, -106.299987, -106.299987, -106.299987, -106.299987, -106.299987, -106.299987, -106.299987, -106.299987, -106.299987, -106.299987, -106.299987, -106.299987, -106.299987, -106.299987, -106.299987, -106.299987, -106.299987, -106.299987, -106.299987, -106.299987, -106.299987, -106.299987, -106.299987, -106.299987, -106.299987, -106.299987, -106.299987, -106.299987, -106.299987, -104.528038, -114.819717, -114.972061, -115.31502, -114.96, 
-116.84011, -115.40483, -114.83354, -114.972061, -114.13298, -114.45374, -114.972061, -118.08592, -114.92514, -115.05438, -117.31507, -115.0778, -114.96787, -114.972061, -115.28676, -115.67024, -115.57819, -116.46173, -114.47184, -117.0789, -116.598559, -114.01042, -114.66488, -114.972061, -114.08749, -114.6447, -114.62875, -115.12318, -115.16139, -115.1763, -115.134488, -114.07, -114.972061, -114.44, -114.87299, -114.45478, -116.004795, -114.38399, -114.40318, -115.04, -116.598559, -114.91149, -117.64225, 
-116.00994, -116.92779, -115.09895, -114.972061, -115.22, -116.038857, -115.938992, -114.44, -114.972061, -115.086999, -115.11, -115.674671, -115.148644, -115.2, -115.132695, -115.12, -115.12785, -115.18358, -115.21849, -115.10857, -115.09, -115.16292, -115.21682, -115.22363, -115.14796, -115.05795, -114.972061, -115.025559, -115.26039, -115.101508, -115.06881, -114.972061, -115.28205, -115.2103, -115.13905, -115.08872, -115.0903, -115.04592, -115.14848, -115.39948, -115.265529, -114.972061, -114.972061, 
-115.265, -115.28461, -115.22728, -115.24685, -115.151937, -114.972061, -115.31207, -115.32331, -115.322782, -114.972061, -114.972061, -115.20342, -115.09, -115.19588, -115.04767, -115.25788, -115.32557, -115.26791, -115.22493, -115.27343, -115.28485, -115.28656, -114.972061, -114.972061, -114.972061, -114.972061, -114.972061, -114.972061, -115.03358, -115.14, -114.972061, -114.972061, -114.972061, -115.4, -115.14, -114.972061, -114.972061, -115.09, -115.35, -115.13, -114.972061, -114.972061, -114.972061, 
-115.33, -115.25, -114.972061, -115.15, -114.972061, -115.23128, -114.972061, -114.972061, -114.972061, -114.9208, -117.01152, -114.12592, -115.70749, -114.824507, -116.02944, -115.02628, -114.77624, -114.885945, -119.971133, -119.51494, -118.71295, -119.35093, -118.69306, -118.842431, -119.17374, -117.78194, -119.69753, -119.83288, -119.356505, -119.93964, -117.31706, -118.70342, -118.11473, -118.39475, -118.21818, -117.72501, -118.19513, -119.75557, -119.35634, -117.95538, -117.40232, -118.67848, 
-119.64083, -119.24618, -119.31697, -119.75445, -119.586934, -119.77467, -119.70003, -119.586934, -119.70585, -118.174506, -120.03012, -119.65351, -119.68, -119.30527, -119.34585, -117.94402, -117.760165, -119.11544, -119.94762, -119.91364, -119.946371, -119.95204, -119.956585, -119.763147, -118.343592, -119.81367, -119.77497, -119.8373, -119.586934, -119.835275, -119.87918, -119.816374, -119.81, -119.83072, -119.71313, -119.7606, -119.79664, -119.293722, -119.586934, -119.81, -119.586934, -119.72735, 
-119.89808, -119.906109, -119.81, -119.586934, -119.586934, -119.586934, -119.586934, -119.586934, -119.74536, -119.75875, -119.79382, -119.7908, -119.79896, -119.72732, -119.776409, -119.776409, -119.776409, -119.776409, -119.776409, -119.776409, -119.922973, -115.75016, -115.529596, -115.79241, -115.64745, -117.08692, -116.51585, -116.11426, -115.40266, -115.4113, -114.44545, -115.43542, -115.44828, -114.21077, -116.05489, -116.17725, -115.33257, -116.12251, -114.86098, -114.14713, -119.357959, 
-118.24878, -118.24845, -118.276, -118.30755, -118.30848, -118.2943, -118.2829, -118.33705, -118.298662, -118.31481, -118.25868, -118.23944, -118.24255, -118.25193, -118.26516, -118.35255, -118.26434, -118.3183, -118.34015, -118.30863, -118.24182, -118.15581, -118.20231, -118.43643, -118.44527, -118.26596, -118.28842, -118.32745, -118.29455, -118.298662, -118.2161, -118.17568, -118.21195, -118.39804, -118.38531, -118.34926, -118.28737, -118.3285, -118.25832, -118.15284, -118.20765, -118.19233, -118.334, 
-118.29158, -118.3949, -118.36241, -118.30998, -118.37376, -118.47528, -118.298662, -118.298662, -118.298662, -118.298662, -118.298662, -118.298662, -118.37099, -118.27687, -118.22605, -118.24778, -118.298662, -118.27591, -118.3078, -118.1865, -118.42843, -118.22663, -118.43083, -118.41183, -118.3379, -118.3813, -118.298662, -118.2559, -118.298662, -118.298662, -118.298662, -118.298662, -118.298662, -118.45077, -118.298662, -118.298662, -118.298662, -118.298662, -118.298662, -118.298662, -118.298662, 
-118.298662, -118.298662, -118.298662, -118.298662, -118.24, -118.298662, -118.298662, -118.298662, -118.298662, -118.298662, -118.298662, -118.298662, -118.298662, -118.298662, -118.298662, -118.298662, -118.298662, -118.25, -118.17385, -118.298662, -118.356908, -118.298662, -118.40612, -118.38271, -118.40191, -118.298662, -118.23666, -118.204, -118.23624, -118.298662, -118.298662, -118.40145, -118.298662, -118.39168, -118.298662, -118.298662, -118.11987, -118.12901, -118.14291, -118.40843, -118.2975, 
-118.28813, -118.319, -118.35092, -118.298662, -118.39968, -118.21773, -118.35355, -118.37689, -118.20186, -118.70752, -118.298662, -118.80768, -118.40535, -118.298662, -118.18642, -118.53374, -118.38752, -118.36425, -118.395107, -118.38322, -118.37177, -118.1949, -118.59933, -118.46531, -118.45458, -118.44167, -118.298662, -118.298662, -118.298662, -118.35868, -118.35558, -118.33255, -118.36076, -118.3252, -118.298662, -118.298662, -118.298662, -118.298662, -118.298662, -118.298662, -118.298662, 
-118.298662, -118.298662, -118.298662, -118.4922, -118.50121, -118.49022, -118.47432, -118.47286, -118.298662, -118.298662, -118.298662, -118.298662, -118.298662, -118.298662, -118.494107, -118.31367, -118.29198, -118.35587, -118.33065, -118.35096, -118.298662, -118.298662, -118.298662, -118.298662, -118.298662, -118.03562, -118.03384, -117.99477, -118.009, -118.03362, -118.06778, -118.298662, -118.298662, -118.298662, -118.298662, -118.298662, -118.00969, -117.99404, -117.769442, -118.04395, -117.769442, 
-118.0399, -117.95159, -117.769442, -117.769442, -118.298662, -118.00966, -118.018247, -118.11358, -118.08339, -118.298662, -118.298662, -118.298662, -118.08912, -118.298662, -118.298662, -118.298662, -118.06821, -118.298662, -117.99596, -118.08062, -118.298662, -118.06754, -118.40835, -118.1276, -118.298662, -118.30065, -118.298662, -118.1468, -118.11337, -118.1339, -118.07775, -118.07364, -118.31611, -118.07218, -117.769442, -118.16231, -118.28905, -118.31123, -118.298662, -118.298662, -118.08239, 
-118.07179, -118.0863, -118.25897, -118.2668, -118.25633, -118.253825, -118.298662, -118.298662, -118.168691, -118.238683, -118.200957, -118.19225, -118.12986, -118.15182, -118.18362, -118.1858, -118.18235, -118.11329, -118.298662, -118.21495, -118.19197, -118.14482, -118.11824, -118.11848, -118.199401, -118.298662, -118.199401, -118.199401, -118.199401, -118.115698, -118.298662, -118.298662, -118.298662, -118.150352, -118.298662, -118.298662, -118.298662, -118.313405, -118.298662, -118.21, -118.19, 
-118.14206, -118.298662, -118.02662, -118.05216, -117.96, -118.298662, -117.96569, -118.19776, -118.298662, -118.00184, -118.298662, -118.23104, -118.298662, -118.298662, -118.0509, -118.298662, -118.15577, -118.298662, -118.31887, -118.298662, -118.28453, -118.298662, -118.298662, -118.298662, -118.298662, -118.298662, -118.298662, -118.1391, -118.298662, -118.159, -118.12392, -118.16329, -118.12715, -118.08974, -118.11296, -118.298662, -118.298662, -118.298662, -118.298662, -118.298662, -118.298662, 
-118.298662, -118.298662, -118.298662, -118.298662, -118.298662, -118.298662, -118.298662, -118.298662, -118.298662, -118.298662, -118.298662, -118.298662, -118.298662, -118.298662, -118.298662, -118.298662, -118.298662, -118.12, -118.29158, -118.26994, -118.2658, -118.25948, -118.243, -118.22937, -118.24532, -118.22857, -118.298662, -118.298662, -118.24753, -118.298662, -118.298662, -118.298662, -118.298662, -118.298662, -118.7607, -118.66464, -118.60206, -118.62538, -118.298662, -118.57735, -118.64797, 
-118.298662, -118.298662, -118.298662, -118.59426, -118.298662, -118.298662, -118.51636, -119.1343, -118.93956, -118.51489, -118.298662, -118.55038, -118.51766, -118.54581, -118.298662, -118.298662, -118.298662, -118.298662, -118.42406, -118.298662, -118.298662, -118.54099, -118.298662, -118.43821, -118.298662, -118.42904, -118.48224, -118.50047, -118.45961, -118.298662, -118.42821, -118.44513, -118.37563, -118.298662, -118.55252, -118.56214, -118.54472, -118.298662, -119.1343, -119.1343, -118.87348, 
-118.85608, -118.83704, -118.298662, -118.60061, -118.298662, -118.61992, -118.298662, -118.298662, -118.298662, -118.76893, -118.298662, -118.58704, -118.298662, -118.298662, -118.65255, -118.298662, -118.298662, -118.419181, -118.298662, -118.300826, -118.298662, -118.298662, -118.298662, -118.298662, -118.298662, -118.298662, -118.43308, -118.44322, -118.46396, -118.298662, -118.44724, -118.49376, -118.298662, -118.298662, -118.298662, -118.298662, -118.45858, -118.298662, -118.298662, -118.298662, 
-118.43222, -118.298662, -118.48925, -118.298662, -118.298662, -118.298662, -118.298662, -118.298662, -118.298662, -118.30153, -118.30954, -118.298662, -118.32993, -118.34366, -118.32364, -118.298662, -118.298662, -118.298662, -118.298662, -118.298662, -118.298662, -118.298662, -118.37246, -118.36841, -118.298662, -118.39429, -118.4011, -118.38836, -118.39986, -118.35034, -118.298662, -118.298662, -118.298662, -118.298662, -118.298662, -118.298662, -118.298662, -118.298662, -118.298662, -118.382212, 
-117.5924, -117.90309, -117.96966, -115.967051, -117.72305, -117.68737, -117.71973, -118.298662, -118.298662, -118.298662, -116.055617, -117.42049, -116.055617, -117.90698, -117.88694, -117.85817, -115.967051, -117.58734, -118.03942, -118.01383, -118.04834, -118.298662, -118.298662, -117.57847, -117.5246, -117.8548, -117.85704, -117.58831, -117.93975, -117.96943, -117.98464, -118.298662, -117.89705, -118.298662, -117.77097, -117.52759, -118.14161, -118.11823, -118.298662, -115.967051, -117.66106, 
-116.055617, -117.6086, -117.66563, -117.69938, -117.6222, -117.81673, -117.75305, -117.73861, -117.77932, -118.298662, -118.08475, -118.298662, -118.298662, -117.81814, -118.09035, -118.0951, -118.298662, -118.05606, -117.66356, -115.967051, -117.65776, -118.298662, -117.85438, -117.93835, -117.89743, -117.89932, -118.298662, -118.298662, -118.298662, -115.967051, -118.298662, -118.127, -118.298662, -118.1462, -118.298662, -118.298662, -118.298662, -118.298662, -116.73864, -117.02456, -116.846046, 
-116.31497, -116.46513, -116.846046, -116.846046, -117.06686, -117.0607, -116.846046, -116.98973, -116.95413, -116.95195, -116.62459, -116.71187, -116.846046, -117.002054, -116.55559, -117.11708, -116.846046, -116.17025, -116.82606, -117.01273, -117.0186, -116.846046, -116.846046, -117.0337, -116.846046, -116.846046, -116.42826, -117.09272, -116.846046, -116.49139, -116.60671, -116.846046, -116.99612, -116.95091, -116.846046, -116.63034, -116.846046, -116.846046, -117.234701, -117.20011, -116.26597, 
-117.27816, -117.32646, -117.26744, -117.28, -117.29, -116.846046, -117.25967, -116.846046, -116.90487, -116.97334, -116.91234, -116.846046, -116.846046, -117.26855, -117.07077, -117.11136, -117.03049, -117.20605, -117.11558, -116.846046, -117.406293, -116.846046, -116.53109, -117.26159, -116.846046, -116.846046, -116.90477, -116.846046, -116.846046, -116.846046, -116.846046, -117.36077, -116.846046, -117.28232, -117.29851, -116.846046, -117.07236, -116.8471, -116.96499, -117.03701, -116.8513, -116.54244, 
-117.20264, -116.846046, -117.17128, -116.71061, -116.98983, -116.846046, -116.846046, -117.26087, -117.15605, -116.846046, -117.24, -117.01027, -117.24461, -117.21474, -116.846046, -116.69355, -116.846046, -116.846046, -117.21311, -116.846046, -116.846046, -116.846046, -117.16246, -117.12537, -117.16715, -117.12774, -117.0951, -117.23079, -117.24434, -117.13785, -117.24343, -117.20077, -117.16871, -116.846046, -117.12001, -117.0542, -117.07031, -117.12246, -117.19966, -117.17441, -117.02431, -117.07221, 
-117.20722, -117.21143, -117.13595, -117.09844, -117.14116, -117.10694, -117.07054, -117.1251, -117.21918, -117.08438, -117.138414, -117.216451, -117.07166, -116.846046, -117.121913, -117.119744, -116.846046, -117.05241, -117.200412, -116.846046, -116.846046, -117.100486, -116.846046, -116.846046, -116.846046, -116.846046, -116.846046, -117.05633, -117.165665, -116.846046, -116.846046, -116.846046, -117.229119, -116.846046, -116.846046, -116.846046, -116.846046, -116.846046, -116.846046, -116.846046, 
-116.846046, -116.846046, -116.846046, -116.846046, -117.05057, -116.846046, -116.846046, -116.846046, -116.846046, -116.846046, -116.918724, -117.076176, -116.846046, -116.846046, -116.846046, -116.846046, -116.846046, -116.846046, -116.846046, -116.846046, -116.846046, -116.846046, -116.846046, -116.846046, -117.191848, -116.235, -116.055617, -116.24688, -116.34148, -116.32317, -116.87897, -114.561905, -116.9759, -114.61905, -114.652517, -115.50475, -116.76834, -115.48277, -115.284581, -115.51208, 
-116.46473, -116.055617, -116.17656, -115.40124, -116.50804, -116.38634, -114.35823, -115.57746, -115.692714, -116.31, -116.31, -115.51245, -115.35369, -115.58942, -116.29137, -116.29649, -115.99404, -116.055617, -116.55951, -115.61583, -116.56703, -115.95998, -116.38496, -116.408249, -116.54344, -116.535887, -116.51887, -114.71352, -114.17251, -116.56565, -116.42249, -114.892368, -115.69162, -116.0688, -115.9565, -116.38023, -116.03343, -116.20964, -114.62411, -115.6194, -116.64506, -114.62591, 
-116.41246, -116.45012, -116.350003, -116.055617, -117.50803, -115.65796, -116.87593, -117.17729, -117.19222, -116.06504, -116.69452, -117.03636, -116.906215, -117.31174, -116.85442, -116.90328, -117.39432, -117.23, -117.23274, -117.03767, -117.17563, -115.967051, -115.39727, -117.31995, -117.28654, -115.967051, -116.86379, -117.20296, -115.967051, -117.44, -115.23936, -116.93842, -115.967051, -117.45213, -117.45818, -117.481, -116.1982, -116.923, -115.967051, -117.07449, -117.33444, -117.39, -117.33999, 
-117.20073, -117.21994, -115.967051, -117.19132, -117.25327, -116.90601, -115.967051, -117.52082, -117.09688, -114.62664, -115.49467, -116.63644, -115.967051, -117.30614, -115.967051, -117.53392, -117.63411, -117.17305, -117.16888, -115.967051, -117.37617, -117.39873, -115.967051, -117.10499, -116.27037, -115.967051, -116.82962, -116.22627, -115.967051, -117.35321, -115.967051, -117.35773, -117.36, -117.069361, -117.62752, -116.84058, -117.03776, -117.29075, -117.127166, -115.967051, -117.26298, 
-117.29722, -115.967051, -117.35826, -117.27357, -117.2975, -117.3176, -115.967051, -115.967051, -115.967051, -115.967051, -115.967051, -115.967051, -115.967051, -115.967051, -115.967051, -116.861506, -117.37074, -116.055617, -117.46052, -117.40937, -117.48812, -117.37239, -117.33646, -117.32122, -117.44695, -116.055617, -116.055617, -116.055617, -116.055617, -116.055617, -117.2726, -116.055617, -116.055617, -116.055617, -117.34946, -116.055617, -117.3247, -116.82004, -116.67362, -116.97401, -116.90948, 
-117.0217, -116.055617, -117.11706, -116.72562, -117.22046, -116.055617, -117.24211, -115.915905, -117.16837, -116.055617, -117.24833, -116.55878, -117.25264, -117.15362, -116.055617, -117.11778, -117.29812, -117.21514, -116.055617, -116.055617, -117.00046, -116.95125, -117.18987, -117.17432, -117.1974, -117.25038, -116.055617, -117.20933, -117.12056, -117.07657, -116.055617, -117.2608, -117.07986, -116.055617, -117.76932, -117.764637, -117.78852, -117.769442, -117.80588, -117.769442, -117.7, -117.6669, 
-117.81771, -117.82592, -117.769442, -117.769442, -117.83, -117.73948, -117.765939, -117.7633, -117.830788, -117.66467, -117.86823, -117.90863, -117.91506, -117.769442, -117.70327, -117.69108, -117.698173, -117.72, -117.9693, -118.00509, -118.00243, -118.04614, -117.769442, -117.77192, -117.769442, -117.71295, -117.716885, -117.98569, -117.72474, -117.8325, -117.769442, -117.886731, -117.87453, -117.89966, -117.89243, -117.93087, -117.879342, -117.61401, -117.62414, -117.623131, -117.65866, -117.63563, 
-117.7025, -117.59457, -117.58518, -117.993561, -117.99392, -117.769442, -117.769442, -117.60351, -117.769442, -117.66681, -117.64093, -117.564, -117.63463, -117.769442, -117.769442, -117.86248, -117.769442, -117.90433, -117.90623, -117.81828, -117.88139, -117.87143, -117.95629, -117.769442, -117.809881, -117.769442, -117.769442, -117.86, -117.769442, -117.769442, -117.82127, -117.769442, -117.78618, -117.769442, -117.95381, -117.92594, -117.769442, -117.97304, -117.90807, -117.87362, -117.79113, 
-117.73864, -117.74, -117.769442, -117.769442, -117.769442, -117.769442, -117.769442, -117.769442, -117.89559, -117.769442, -117.83252, -117.769442, -117.89325, -117.92985, -117.9637, -117.769442, -117.91224, -117.769442, -117.769442, -117.769442, -117.93406, -117.98224, -117.769442, -117.9355, -117.9731, -118.02619, -117.769442, -117.769442, -117.769442, -117.769442, -117.769442, -117.55978, -117.81623, -117.769442, -117.769442, -117.769442, -117.84739, -117.84569, -117.82919, -117.87494, -117.79975, 
-117.85446, -117.769442, -116.055617, -116.055617, -117.54068, -117.60221, -117.53581, -117.59167, -117.47884, -117.769442, -117.80407, -117.73856, -117.769442, -119.30164, -119.1343, -119.2249, -119.16784, -119.1343, -119.1343, -119.1343, -119.146228, -119.05258, -119.1343, -118.99213, -119.52308, -119.848555, -118.90082, -119.1343, -119.1343, -118.87134, -119.30082, -119.25307, -119.1343, -119.1769, -119.1343, -119.1343, -119.16113, -119.1343, -119.22189, -119.178814, -118.73908, -119.18829, -119.112432, 
-119.207364, -119.1343, -119.07317, -119.1343, -119.1343, -118.69607, -118.710724, -118.77177, -119.02059, -119.60084, -119.1343, -119.1343, -119.1343, -119.7065, -119.848555, -119.68412, -119.75496, -119.837072, -119.863722, -119.63184, -119.72069, -119.76788, -119.80297, -119.848555, -119.94215, -119.848555, -119.848555, -119.848555, -119.848555, -119.848555, -119.848555, -119.848555, -119.848555, -119.848555, -119.49352, -119.70823, -118.84655, -120.10057, -118.46745, -119.41664, -118.6821, -118.60663, 
-120.30865, -119.5548, -119.23371, -119.26984, -119.263225, -119.01483, -119.26362, -118.810069, -119.11383, -119.16626, -119.20552, -119.56093, -119.00404, -118.72424, -119.425371, -119.6451, -119.894727, -119.894727, -120.0847, -119.21908, -118.902899, -118.43769, -120.00772, -118.45299, -118.91325, -119.71753, -118.87993, -119.00457, -119.80349, -119.894727, -119.08589, -119.91961, -119.21336, -119.70242, -119.41514, -119.74696, -118.01701, -119.31287, -119.01595, -119.007265, -118.63298, -119.11699, 
-118.73425, -119.26495, -118.76204, -119.82042, -119.09411, -119.4303, -119.03742, -118.86296, -119.32025, -119.34994, -118.776902, -119.38925, -119.32637, -118.819365, -119.118982, -119.37143, -119.52202, -118.27824, -118.48416, -119.10642, -118.8844, -119.29, -119.33655, -119.24027, -119.01935, -118.905173, -118.905173, -119.02225, -118.98647, -118.92268, -118.96329, -119.00896, -119.06497, -119.17399, -119.18583, -119.05698, -119.2, -119.000391, -118.905173, -118.905173, -118.905173, -118.905173, 
-118.905173, -118.905173, -118.905173, -118.905173, -118.905173, -118.905173, -118.905173, -120.65196, -120.83468, -120.455345, -120.70305, -120.455345, -120.455345, -120.455345, -120.636399, -120.455345, -120.455345, -120.55116, -120.455345, -120.676, -120.769493, -120.72583, -120.98093, -120.2051, -121.07736, -120.5318, -120.88947, -120.48392, -120.61952, -120.58014, -121.03551, -120.4471, -120.53467, -119.848555, -120.27032, -120.09201, -120.83844, -120.455345, -120.49446, -120.61327, -120.70418, 
-120.64542, -120.455345, -120.65401, -120.87339, -120.63645, -121.21965, -120.08301, -120.34876, -120.42806, -120.196818, -120.53421, -120.45243, -120.0661, -120.27185, -120.13838, -120.111465, -120.72428, -120.61, -120.455345, -120.859391, -118.16141, -118.224785, -117.885359, -117.91473, -118.18951, -118.23615, -118.27335, -118.38717, -117.218616, -117.67264, -119.31968, -118.54748, -118.035049, -117.59002, -117.8578, -118.905173, -118.20743, -117.89313, -117.63618, -119.07769, -117.88289, -118.59338, 
-118.45592, -118.15015, -117.97756, -118.32683, -118.298662, -118.476436, -119.12029, -117.218616, -117.94904, -117.77444, -118.07367, -118.86279, -117.97084, -118.08549, -118.18495, -118.0375, -117.89885, -117.69966, -117.68065, -118.905173, -115.967051, -118.33629, -118.50781, -117.38202, -117.69475, -118.246691, -118.905173, -118.298662, -118.298662, -118.298662, -117.84467, -115.967051, -118.905173, -118.298662, -119.72439, -119.42982, -118.9601, -119.51261, -119.26372, -120.01902, -119.899405, 
-120.38428, -119.83592, -120.27864, -119.66107, -119.70826, -119.511704, -119.7207, -119.2866, -119.59309, -119.38887, -119.58, -120.64014, -119.13779, -120.57996, -119.64498, -120.12855, -119.67526, -119.68496, -120.10669, -118.91524, -120.10081, -119.54587, -118.958777, -119.23304, -120.86983, -119.83, -120.15817, -119.98729, -119.945035, -120.42801, -119.01864, -119.639658, -119.52006, -119.56754, -119.67379, -119.30892, -119.24273, -119.52873, -119.349639, -119.79832, -119.50748, -119.90272, 
-119.92498, -119.43761, -119.93651, -119.53571, -120.15338, -120.650351, -119.62201, -119.2644, -120.65439, -119.33907, -119.38254, -120.28909, -119.53472, -119.259352, -119.48495, -119.18327, -120.248818, -119.78872, -119.7553, -119.765, -119.80097, -119.82747, -119.83321, -119.639658, -119.639658, -119.639658, -119.76358, -119.83198, -119.639658, -119.639658, -119.639658, -119.639658, -119.639658, -119.639658, -119.75917, -119.78473, -119.88878, -119.95, -119.639658, -119.74097, -119.76293, -119.69703, 
-119.81022, -119.639658, -119.75, -119.65, -119.639658, -119.639658, -119.639658, -119.639658, -119.639658, -119.639658, -119.639658, -119.639658, -119.639658, -119.639658, -119.639658, -119.639658, -119.639658, -119.639658, -119.639658, -119.639658, -119.639658, -119.639658, -119.639658, -119.639658, -119.639658, -119.639658, -119.639658, -119.639658, -119.639658, -119.639658, -119.639658, -119.639658, -119.639658, -119.639658, -119.639658, -118.466755, -119.639658, -119.639658, -121.65497, -121.132928, 
-121.61538, -121.63997, -121.66472, -121.65145, -121.132928, -121.132928, -121.63798, -121.9212, -121.926315, -121.89436, -121.68611, -121.46597, -121.42557, -121.2904, -121.24839, -121.05986, -121.04788, -121.79724, -121.88667, -121.132928, -121.132928, -121.908915, -121.92102, -121.9461, -120.91784, -121.83461, -121.32617, -121.64655, -122.29026, -122.334825, -122.40422, -122.36332, -122.334825, -122.334825, -122.45, -122.45035, -122.48209, -122.334825, -122.334825, -122.473404, -122.44323, -122.22457, 
-122.27672, -122.12412, -121.705327, -122.08717, -122.18385, -122.334825, -122.20009, -122.213, -122.334825, -122.40135, -122.334825, -121.705327, -122.50819, -122.50991, -121.705327, -122.08787, -122.07846, -121.705327, -122.07461, -122.48229, -122.334825, -122.334825, -122.33718, -122.23396, -122.26253, -122.2144, -122.334825, -122.24602, -122.42363, -122.334825, -122.26655, -122.334825, -122.36526, -122.4301, -122.334825, -122.017956, -122.02398, -122.03602, -121.705327, -122.00838, -121.705327, 
-122.334825, -122.334825, -122.334825, -122.727802, -122.41915, -122.41087, -122.4019, -122.3957, -122.727802, -122.39577, -122.40793, -122.42188, -122.41545, -122.40027, -122.44241, -122.43512, -122.43736, -122.48578, -122.44276, -122.46158, -122.727802, -122.727802, -122.49265, -122.48478, -122.43836, -122.39348, -122.727802, -122.727802, -122.4597, -122.39534, -122.46167, -122.36966, -122.4378, -122.47958, -122.41018, -122.41085, -122.727802, -122.727802, -122.727802, -122.727802, -122.727802, 
-122.727802, -122.727802, -122.727802, -122.458582, -122.727802, -122.727802, -122.727802, -122.727802, -122.727802, -122.727802, -122.727802, -122.727802, -122.727802, -122.727802, -122.727802, -122.727802, -122.39, -122.727802, -122.727802, -122.727802, -122.727802, -122.727802, -122.727802, -122.727802, -122.727802, -122.727802, -122.727802, -122.727802, -122.727802, -122.727802, -122.727802, -122.727802, -122.727802, -122.727802, -122.41, -121.555406, -121.444429, -121.444429, -121.444429, -121.444429, 
-121.444429, -121.444429, -121.444429, -121.444429, -121.444429, -121.444429, -121.444429, -121.444429, -121.444429, -121.444429, -121.444429, -121.444429, -121.444429, -121.444429, -121.444429, -121.444429, -121.444429, -121.444429, -121.444429, -121.444429, -121.444429, -121.444429, -121.444429, -121.444429, -121.444429, -121.444429, -121.444429, -121.444429, -121.444429, -121.444429, -121.444429, -121.444429, -121.444429, -121.444429, -121.444429, -121.444429, -121.444429, -121.444429, -121.444429, 
-121.444429, -121.444429, -121.444429, -121.444429, -121.444429, -121.444429, -121.444429, -121.444429, -121.444429, -121.444429, -121.444429, -121.444429, -121.444429, -121.444429, -121.444429, -121.444429, -121.444429, -121.444429, -122.15071, -121.705327, -122.12749, -122.16605, -122.16496, -122.13273, -122.334825, -122.334825, -121.705327, -121.705327, -122.32044, -122.32773, -122.30266, -122.27032, -122.334825, -122.334825, -122.334825, -122.334825, -122.334825, -122.251078, -122.32588, -122.25937, 
-122.23952, -122.25605, -121.64, -121.91202, -122.02488, -122.45084, -121.80207, -122.15517, -121.63852, -121.84195, -121.70381, -121.60812, -122.60952, -121.955399, -121.91172, -122.02506, -122.01437, -122.03988, -121.97709, -121.955399, -122.07317, -121.955399, -122.2234, -121.98647, -121.957778, -121.96672, -121.955399, -122.30426, -121.723919, -122.03701, -122.101917, -121.9192, -121.99433, -121.921498, -121.9679, -121.92916, -121.921498, -122.08883, -122.05076, -121.921498, -122.06101, -122.10418, 
-122.07934, -122.25784, -121.665205, -122.11785, -121.73011, -121.921498, -122.02503, -122.11501, -122.0509, -122.12426, -121.921498, -122.30027, -122.28671, -122.03362, -121.71328, -122.399101, -122.18296, -122.29208, -121.90502, -121.87149, -122.40441, -121.92567, -122.18994, -121.955399, -121.72075, -122.26213, -122.414189, -122.45695, -121.955399, -122.47725, -122.15702, -122.128, -122.15421, -122.13199, -122.3539, -121.93, -121.95213, -122.05414, -121.88281, -122.04577, -121.89244, -122.25074, 
-122.24571, -122.21035, -122.29055, -122.07143, -122.05858, -121.955399, -122.02618, -122.36228, -122.21792, -122.21211, -122.17332, -121.921498, -122.16305, -122.24352, -122.28898, -122.28316, -122.264, -122.24199, -122.22289, -122.27172, -122.186573, -122.204573, -122.30038, -122.271652, -122.24369, -122.18615, -121.921498, -122.18969, -122.19, -121.921498, -121.921498, -122.319655, -122.303136, -121.921498, -121.921498, -121.921498, -121.921498, -121.921498, -121.921498, -121.921498, -121.921498, 
-122.29673, -122.2859, -122.27582, -122.25855, -122.25084, -122.29371, -122.27917, -122.26372, -122.2668, -122.2981, -121.921498, -122.253582, -122.36628, -121.955399, -122.29413, -122.3408, -122.32553, -122.33873, -121.955399, -121.955399, -121.955399, -121.955399, -122.51484, -122.54589, -122.54284, -122.740988, -122.740988, -122.740988, -122.55944, -122.47541, -122.96676, -123.05869, -122.70201, -122.516, -122.989975, -122.989975, -122.69537, -122.95916, -122.59962, -122.71044, -122.68886, -122.87751, 
-122.6943, -122.5355, -122.88357, -122.54134, -122.740988, -122.56316, -122.67866, -122.59809, -122.573745, -122.54111, -122.77762, -122.66097, -122.69345, -122.989975, -122.6069, -122.989975, -122.81988, -122.561689, -122.56884, -122.66389, -122.49029, -122.49949, -122.740988, -122.65043, -122.90644, -122.9392, -122.63914, -122.740988, -122.989975, -122.740988, -122.740988, -122.740988, -122.740988, -122.524012, -122.568442, -122.658097, -121.949418, -121.97521, -121.8944, -121.63082, -122.08524, 
-122.13679, -122.1047, -121.95446, -121.705327, -121.95316, -121.705327, -121.75105, -121.705327, -122.04779, -121.705327, -122.22638, -122.05967, -121.77972, -121.56581, -121.497349, -122.184276, -121.38006, -121.411909, -121.705327, -121.98396, -121.705327, -121.9534, -121.9881, -121.89438, -121.913632, -121.66211, -121.617894, -121.78299, -122.0569, -121.705327, -121.01515, -121.705327, -121.52848, -121.60048, -121.95131, -121.9846, -121.705327, -121.705327, -121.96066, -121.705327, -121.705327, 
-122.04603, -122.075125, -121.99086, -121.973771, -122.06026, -121.98523, -122.01507, -121.949418, -122.02305, -121.705327, -121.95072, -121.274795, -121.77224, -121.949418, -121.705327, -121.705327, -121.705327, -121.705327, -121.705327, -121.705327, -121.89877, -121.82664, -121.88627, -121.89154, -121.705327, -121.705327, -121.8544, -121.96162, -121.89072, -121.79092, -121.85671, -121.81145, -121.83359, -121.83246, -121.92312, -121.89649, -121.9178, -121.82077, -121.93555, -121.99976, -121.98311, 
-121.88987, -121.84775, -121.85784, -121.94461, -121.75446, -121.84939, -121.705327, -121.77536, -121.76514, -121.63845, -121.741809, -121.705327, -121.79141, -121.705327, -121.75722, -121.705327, -121.743632, -121.705327, -121.705327, -121.705327, -121.705327, -121.705327, -121.705327, -121.705327, -121.705327, -121.705327, -121.705327, -121.705327, -121.705327, -121.705327, -121.705327, -121.705327, -121.705327, -121.705327, -121.705327, -121.705327, -121.298794, -121.28805, -121.30735, -121.3147, 
-121.26401, -121.3025, -121.3237, -121.253872, -121.34378, -121.29722, -121.308008, -121.24213, -121.226782, -121.19064, -121.40022, -121.23505, -120.55401, -120.58072, -120.28875, -120.34876, -120.89487, -120.86341, -121.05361, -120.65786, -120.45436, -120.82329, -121.27978, -120.58318, -120.36328, -121.253872, -121.05675, -121.14855, -121.25039, -121.253872, -121.32282, -120.62632, -120.50328, -120.45458, -120.485154, -120.64285, -120.38102, -120.46544, -120.85733, -121.203656, -120.95775, -120.46947, 
-120.45741, -121.306, -121.253872, -121.253872, -121.285257, -121.253872, -121.253872, -121.253872, -120.6056, -120.67607, -121.253872, -120.25764, -120.09682, -120.95064, -120.440467, -120.39216, -120.15123, -120.66525, -121.05649, -119.92502, -120.77519, -120.78463, -120.50574, -119.81305, -120.906593, -121.00179, -120.04541, -121.03232, -120.7141, -120.87972, -120.2561, -120.86419, -120.49157, -120.9141, -120.42421, -121.28541, -120.27116, -120.72614, -120.1014, -121.21416, -121.23578, -119.92527, 
-120.47474, -120.650351, -120.570634, -120.650351, -120.617808, -119.94865, -120.16872, -120.375945, -120.50154, -121.01249, -120.99955, -120.937052, -120.937052, -120.98043, -120.95566, -121.02187, -120.9061, -121.05181, -121.0314, -120.84756, -121.14555, -119.89619, -120.32285, -121.12546, -120.94365, -121.08928, -120.46555, -120.3437, -120.25829, -120.241412, -120.88299, -120.021342, -121.42399, -121.447131, -121.253872, -120.2297, -120.85196, -120.937052, -120.8516, -120.23002, -121.26784, -120.73812, 
-121.24702, -120.61094, -119.67529, -120.937052, -121.63, -120.937052, -122.74563, -122.710598, -122.74976, -122.69317, -122.67419, -122.715654, -122.7275, -122.989975, -122.6422, -123.71376, -123.32757, -123.38621, -122.989975, -123.64423, -123.277143, -122.96067, -123.80469, -123.16785, -122.63523, -122.65445, -122.66423, -122.997, -122.72234, -123.54765, -123.23026, -123.33547, -123.05495, -122.51753, -123.64617, -122.513093, -122.859625, -122.90636, -123.76087, -122.77226, -122.95704, -122.52468, 
-122.74082, -122.8689, -123.55762, -123.00084, -122.87626, -123.08125, -123.22938, -122.78548, -122.54668, -122.92071, -123.5223, -123.75568, -122.599, -122.78972, -123.66468, -123.79166, -122.61069, -123.01469, -123.55081, -122.84653, -122.98347, -123.50186, -122.55, -123.65746, -123.07856, -123.22064, -122.97967, -122.83666, -122.505846, -122.47058, -123.3999, -123.16221, -123.20088, -122.90474, -123.037996, -122.989975, -123.79238, -123.37285, -122.80785, -122.96649, -123.26509, -123.47625, -124.16102, 
-124.08052, -124.1513, -123.60216, -123.69266, -120.818771, -123.984232, -124.07286, -124.07519, -124.075673, -124.06711, -123.88348, -123.53267, -123.45661, -123.97132, -124.16703, -124.15721, -123.944021, -124.25781, -124.21697, -124.145734, -124.14367, -123.80654, -123.80079, -124.08998, -123.72444, -124.08412, -124.03075, -123.87189, -123.83488, -124.22153, -123.41309, -123.86447, -123.77902, -124.05351, -123.54411, -124.21494, -123.77315, -123.85855, -124.11637, -123.56149, -124.19929, -124.06059, 
-124.15098, -123.47671, -123.87105, -124.13112, -123.92367, -123.65806, -123.71685, -123.74471, -124.02379, -122.271251, -123.46646, -120.8275, -121.09142, -121.07971, -120.536032, -121.52805, -122.21486, -122.125, -121.32702, -121.327214, -121.27125, -121.444429, -121.57819, -120.88578, -120.97426, -121.54853, -121.73655, -121.961532, -121.68682, -120.82071, -121.81348, -121.3081, -120.84556, -121.36059, -121.90799, -121.45433, -121.99929, -121.26529, -120.69292, -121.15783, -120.82172, -121.29723, 
-120.82881, -120.78557, -120.90406, -120.53353, -122.19944, -121.16166, -121.51487, -120.94516, -121.60428, -120.75324, -120.550021, -121.73354, -120.05516, -121.29795, -121.17225, -120.92213, -121.389613, -121.96907, -120.550021, -121.28737, -120.707891, -121.14213, -121.56398, -121.37656, -121.2531, -121.2231, -121.17565, -121.02427, -120.64952, -120.41411, -120.79533, -121.51661, -120.86895, -121.28247, -121.444429, -121.0023, -121.44874, -121.48166, -120.74287, -121.71843, -121.23825, -121.28933, 
-122.224813, -121.568427, -121.37967, -120.97109, -121.10036, -120.5937, -120.79015, -121.44032, -121.95333, -121.99192, -120.59421, -121.56507, -121.54496, -121.43497, -121.23708, -121.97757, -121.80944, -121.908324, -121.832156, -121.89811, -120.845706, -120.78346, -120.99703, -120.67463, -120.964275, -120.93471, -120.83816, -120.7067, -120.8451, -120.26765, -120.05956, -121.01891, -120.64145, -120.53386, -120.41039, -120.13213, -120.97814, -121.444429, -121.18367, -121.444429, -121.19013, -121.33629, 
-120.679713, -121.42, -121.43673, -121.444429, -121.06879, -121.444429, -121.2631, -121.831299, -121.74189, -121.961532, -121.961532, -121.49, -121.444429, -121.444429, -121.49125, -121.44553, -121.46827, -121.45996, -121.49285, -121.44099, -121.44663, -121.38181, -121.49201, -121.44561, -121.44378, -121.40726, -121.37492, -121.32515, -121.4024, -121.34715, -121.2651, -121.53059, -121.49643, -121.49623, -121.50466, -121.52061, -121.54983, -121.60207, -121.4417, -121.444429, -121.34361, -121.349, 
-121.3698, -121.444429, -121.444429, -121.444429, -121.444429, -121.444429, -121.37809, -121.444429, -121.444429, -121.444429, -121.444429, -121.444429, -121.444429, -121.444429, -121.53735, -121.36637, -120.84496, -122.02725, -122.21009, -121.35852, -120.834958, -121.38193, -121.71162, -121.34733, -121.26543, -121.95216, -121.07321, -121.1152, -120.64145, -121.20936, -121.84259, -121.684124, -121.81888, -121.801215, -121.13191, -122.290204, -122.04572, -120.93973, -121.21763, -120.8384, -121.94518, 
-121.79152, -122.57667, -121.259009, -121.26853, -121.59415, -122.03231, -120.88512, -121.02076, -121.20021, -120.88311, -121.71129, -121.0981, -121.8981, -122.01675, -121.69439, -121.59048, -122.20206, -121.06047, -121.83065, -121.803777, -120.95144, -121.08227, -121.55053, -121.2548, -122.218, -121.58923, -121.49468, -121.572986, -121.55043, -121.61026, -122.02487, -120.98366, -121.31354, -121.87946, -121.74712, -121.14539, -121.572986, -121.28975, -121.52805, -122.47943, -121.337404, -121.08762, 
-121.76465, -120.77442, -121.05989, -120.79166, -122.20563, -122.20773, -121.6196, -121.681345, -121.68033, -122.41519, -122.33279, -122.34206, -120.90294, -122.31101, -122.11264, -121.1362, -123.34016, -121.91847, -121.68452, -122.81535, -120.90316, -121.55711, -122.33133, -122.36824, -121.23263, -122.21393, -122.33544, -121.89165, -122.92335, -122.28003, -122.96832, -121.49021, -122.48014, -123.20187, -122.87744, -122.61121, -122.64688, -122.16555, -122.95666, -122.52666, -123.43126, -121.47668, 
-123.18307, -122.52253, -123.47525, -122.63707, -122.92043, -122.311628, -122.9206, -122.42246, -122.81414, -120.664132, -121.16094, -122.09793, -121.332, -122.10297, -121.94214, -121.84678, -121.43316, -122.10148, -121.58245, -122.40008, -121.88975, -122.31207, -121.19828, -122.021, -122.1944, -121.4418, -122.2255, -122.57972, -121.84025, -122.94566, -122.204141, -122.334778, -122.24074, -121.98807, -123.07218, -123.24091, -122.51427, -121.83501, -122.427333, -122.12378, -122.71541, -122.03746, 
-122.93982, -122.38544, -122.54626, -121.91202, -122.64479, -122.387808, -120.58771, -120.64058, -120.13826, -120.17303, -120.58114, -119.49014, -120.3778, -120.11304, -120.12897, -120.021212, -120.14789, -120.18597, -120.51775, -120.23924, -120.42843, -120.35776, -120.24835, -120.52472, -119.85236, -120.37815, -120.48359, -120.36374, -120.43806, -120.63432, -120.35662, -120.664132, -120.4065, -120.405095, -120.67685, -120.62265, -119.49874, -121.43738, -120.79861, -120.12859, -121.05272, -120.08627, 
-120.16325, -120.12438, -120.02809, -120.14607, -120.21804, -120.05437, -120.00992, -119.995024, -119.999032, -120.0188, -120.042996, -119.967631, -119.976707, -119.998419, -120.186383, -120.22805, -120.64145, -120.160271, NA, NA, NA, NA, NA, NA, NA, NA, NA, NA, NA, NA, NA, NA, NA, NA, NA, -122.279739, NA, NA, NA, NA, NA, NA, NA, NA, NA, NA, NA, NA, NA, NA, NA, NA, NA, NA, NA, NA, NA, NA, NA, NA, NA, NA, NA, NA, NA, NA, NA, NA, NA, NA, NA, NA, NA, NA, NA, NA, NA, NA, NA, NA, NA, NA, -157.996233, 
NA, -155.798594, NA, NA, NA, NA, NA, NA, NA, -155.243925, NA, NA, NA, NA, NA, NA, NA, NA, NA, -157.80575, NA, NA, NA, NA, NA, NA, NA, NA, NA, NA, NA, NA, NA, NA, NA, NA, NA, NA, NA, NA, NA, NA, NA, NA, NA, NA, NA, NA, NA, NA, NA, NA, NA, NA, NA, NA, NA, NA, NA, NA, NA, NA, NA, NA, NA, NA, NA, NA, NA, NA, NA, NA, NA, NA, NA, NA, NA, NA, NA, NA, NA, NA, NA, NA, NA, NA, NA, NA, NA, NA, NA, NA, NA, NA, NA, NA, NA, NA, NA, NA, NA, NA, NA, NA, NA, NA, NA, NA, NA, NA, NA, NA, NA, NA, NA, -157.93091, -159.31765, 
-155.88338, -159.58222, -158.02499, -158.08587, -156.27315, -164.701172, -155.15249, -158.07448, -156.03893, -159.4896, -159.512392, -159.59407, -157.90949, -155.26648, -155.84459, -155.09842, -155.438015, -159.49025, -155.7478, -155.845329, -155.51679, -155.12172, -157.08588, -157.85108, -157.95903, -156.46579, -156.646667, -157.74529, -155.76114, -155.78634, -155.438015, -155.97588, -159.4776, -156.9818, -155.69999, -157.87926, -155.438015, -159.34463, -159.62428, -156.9741, -155.01121, -155.9215, 
-159.31283, -159.71766, -156.45769, -159.40787, -155.78664, -159.48044, -157.03622, -158.06446, -155.05686, -156.65765, -157.92556, -156.9274, -155.25963, -159.499342, -159.37746, -156.646667, -156.33158, -159.65981, -157.1977, -155.11305, -155.58738, -155.18112, -155.31153, -155.438015, -155.37514, -155.49217, -154.9266, -156.38202, -155.2086, -155.10649, -157.9669, -155.10548, -156.646667, -155.21012, -158.03543, -156.325923, -158.0116, -156.34031, -158.13489, -158.17092, -156.50497, -157.70599, 
-159.7187, -158.01389, -170.7716, -168.021815, -168.021815, -168.021815, -168.021815, -168.021815, -168.021815, -168.021815, -168.021815, -168.021815, -168.021815, -168.021815, -168.021815, -157.85615, -157.84777, -157.82199, -157.79925, -157.85913, -157.96316, -157.88165, -168.021815, -157.75456, -157.82195, -168.021815, -168.021815, -157.69721, -157.83066, -168.021815, -168.021815, -168.021815, -168.021815, -168.021815, -168.021815, -168.021815, -168.021815, -168.021815, -168.021815, -168.021815, 
-168.021815, -168.021815, -168.021815, -168.021815, -168.021815, -168.021815, -168.021815, -168.021815, -168.021815, -168.021815, -168.021815, -168.021815, -168.021815, -168.021815, -168.021815, -158.08174, -157.74772, -155.238743, -168.021815, 144.74, 144.83, 144.79, 144.66, 144.66, 144.74, 144.74, 144.79, 144.79, 144.65, 144.88, 144.77, 144.74, 134.58, 134.5, 158.26, 151.8, 138.14, 162.97, 145.75, 145.21, 145.63, 171.18, 167.73, -120.67244, -122.79749, -122.4749, -122.80359, -122.85826, -122.85602, 
-122.80683, -122.3809, -122.101103, -122.01227, -122.68208, -121.89435, -122.52859, -123.26993, -122.39802, -122.8132, -122.23283, -122.83989, -121.17922, -122.33554, -122.28464, -122.44553, -122.90363, -122.59272, -121.78441, -120.7798, -122.4323, -121.5368, -122.80193, -120.59745, -122.6811, -122.72492, -122.259861, -121.10814, -122.56555, -120.75969, -121.40926, -121.59252, -122.54321, -121.536658, -122.58464, -122.95714, -121.92558, -120.73221, -122.84824, -122.86404, -122.90416, -122.21021, 
-122.92065, -121.088513, -121.18944, -122.39156, -122.77127, -121.23304, -123.206, -120.69234, -121.95765, -122.64443, -122.77266, -122.84521, -123.114725, -123.114725, -123.114725, -122.789257, -122.40856, -122.52, -122.45, -123.22834, -123.95827, -123.7417, -122.928208, -123.12811, -123.88468, -123.6908, -123.20234, -123.961, -123.19334, -123.89141, -123.05089, -123.08114, -123.01631, -123.13043, -123.25977, -123.91004, -123.17165, -123.96437, -123.82026, -122.95745, -122.94605, -123.22518, -123.11304, 
-123.20747, -123.93471, -123.88233, -122.972, -123.0242, -123.96804, -123.95999, -123.93449, -122.97186, -123.81524, -122.85376, -123.80389, -123.9483, -123.3235, -123.95909, -123.91753, -123.8842, -123.22502, -123.9737, -122.850808, -122.68781, -122.64055, -122.73875, -122.6755, -122.68573, -122.60007, -122.711117, -122.564824, -122.68458, -122.7095, -122.64635, -122.64353, -122.59979, -122.6458, -122.60089, -122.56087, -122.68665, -122.59987, -122.70611, -122.56027, -122.72945, -122.61833, -122.78224, 
-122.78441, -122.76988, -122.625257, -122.67497, -122.374776, -122.81728, -122.50488, -122.82465, -122.6446, -122.49985, -122.50997, -122.374776, -122.693796, -122.374776, -122.374776, -122.374776, -122.374776, -122.59418, -122.374776, -122.374776, -123.33749, -122.374776, -122.374776, -121.860525, -122.56233, -122.61476, -122.259861, -122.259861, -122.374776, -122.374776, -122.374776, -123.114725, -122.374776, -122.374776, -122.374776, -122.374776, -123.114725, -122.374776, -122.374776, -122.374776, 
-122.374776, -123.114725, -122.374776, -122.98694, -123.05129, -123.01992, -123.08033, -122.95801, -123.05368, -122.457024, -122.457024, -122.457024, -122.986105, -123.028607, -123.038116, -122.998756, -123.006606, -122.89, -123.0896, -123.061329, -123.62349, -122.8593, -123.62496, -122.97168, -122.35469, -123.2752, -123.27906, -123.2791, -122.893292, -122.850752, -123.33432, -123.445033, -124.05729, -122.08703, -123.76213, -123.44807, -122.60034, -122.39736, -123.66311, -123.12153, -122.07246, -123.18673, 
-123.02553, -122.85512, -123.81722, -122.53703, -122.457024, -122.47727, -123.30325, -122.79115, -123.98589, -124.05039, -124.05401, -124.00655, -123.91182, -124.06328, -123.43709, -123.20681, -123.892016, -122.457024, -122.81401, -122.59658, -124.04512, -123.10916, -123.40787, -123.91023, -122.78012, -122.7601, -122.618719, -122.7645, -122.72856, -123.994219, -123.09787, -123.83344, -123.91515, -122.9485, -124.04868, -123.49286, -123.08275, -123.16804, -123.05562, -123.13604, -123.12203, -124.05435, 
-124.231068, -123.06447, -123.266648, -123.14894, -124.39911, -123.53776, -122.14591, -124.1716, -124.27265, -123.6864, -123.25498, -123.38603, -124.21086, -124.16396, -123.05667, -121.92768, -123.03036, -122.79827, -123.18191, -123.06467, -123.70193, -122.81992, -123.418068, -122.88828, -123.35279, -123.58719, -123.38787, -122.75701, -124.08307, -122.99879, -124.12028, -123.38578, -123.03325, -124.39036, -123.12026, -122.78475, -123.2294, -124.1557, -124.37576, -123.24938, -122.70932, -123.87221, 
-122.8169, -122.91541, -123.36508, -123.2322, -124.05682, -124.20994, -124.127089, -123.46265, -123.36727, -122.44717, -124.51056, -124.47596, -124.07835, -124.00262, -124.127089, -123.39902, -123.35138, -123.48, -122.99879, -123.8141, -123.02, -124.35756, -123.01769, -122.90709, -123.27314, -123.83519, -123.55647, -122.99879, -122.89532, -123.53031, -123.38399, -122.42255, -122.6367, -123.63206, -124.388576, -122.51777, -124.03929, -123.333177, -123.325617, -123.43658, -123.324, -124.0557, -123.26602, 
-122.87944, -122.92154, -122.87201, -122.83547, -122.61772, -122.54822, -123.60245, -122.74031, -123.08639, -123.33162, -123.3624, -123.535027, -123.04526, -123.65551, -123.5078, -123.327323, -123.7031, -122.81805, -122.51485, -123.1515, -123.54778, -122.81342, -122.78933, -122.7541, -123.50865, -123.2978, -123.997304, -117.430085, -121.88447, -121.584833, -121.70298, -122.27443, -119.88141, -121.23055, -120.97637, -121.33346, -121.81297, -121.55984, -122.04524, -121.98101, -120.42459, -123.237656, 
-121.41706, -121.58306, -121.81778, -120.28989, -120.55234, -119.86512, -121.00466, -121.43464, -120.77072, -120.65084, -121.29769, -121.30891, -121.46569, -120.94952, -120.94952, -118.5582, -120.75257, -120.51518, -118.96382, -118.61882, -118.68196, -121.64724, -121.88616, -118.45927, -121.73063, -121.21084, -121.01016, -119.05385, -121.65255, -119.21005, -121.53865, -119.069624, -121.12506, -120.11346, -119.79377, -120.30118, -121.03751, -120.75682, -121.19173, -119.54235, -121.54897, -121.20181, 
-121.32302, -123.348568, -118.789, -118.46578, -120.17301, -118.4966, -117.82092, -118.79339, -119.76236, -117.73478, -118.95076, -118.45808, -120.17139, -117.83718, -119.54241, -119.22894, -117.88306, -117.26823, -120.14934, -118.947769, -117.98289, -117.13838, -118.74565, -119.53938, -118.06076, -119.28423, -119.64344, -116.8565, -117.9624, -116.79861, -119.87071, -119.51737, -118.95122, -117.17791, -119.57602, -118.08197, -119.11886, -117.44227, -118.43996, -120.206698, -118.36952, -119.41539, 
-119.14737, -117.96742, -118.76751, -118.69325, -117.2181, -119.14087, -118.9767, -119.82803, -119.21099, -118.01193, -118.2229, -118.944, -119.33008, -117.83083, -118.20623, -117.52645, -118.28859, -117.07192, -117.497988, -117.62629, -118.47434, -117.48787, -117.57157, -117.30995, -117.9161, -117.45677, -116.8863, -118.07394, -116.97103, -116.99148, -118.098586, -117.33282, -117.7115, -122.26608, -122.21602, -122.31188, -122.20308, -122.16858, -122.1526, -122.14104, -122.1155, -121.803388, -122.01479, 
-122.20257, -122.20457, -121.803388, -121.91265, -121.803388, -121.96222, -122.37096, -122.22021, -121.91915, -122.36178, -121.88638, -121.88496, -122.33651, -122.02921, -122.24736, -122.02065, -122.192276, -122.19644, -122.25932, -122.1934, -122.19702, -121.803388, -122.28394, -122.28348, -122.03553, -122.2328, -122.23233, -121.803388, -122.11451, -122.30539, -121.73254, -121.682271, -122.24463, -121.931195, -121.88657, -122.12138, -122.03318, -121.803388, -122.21005, -122.18372, -121.803388, -122.14584, 
-122.14169, -121.803388, -122.576199, -121.803388, -121.803388, -121.803388, -121.83053, -122.140193, -121.39603, -122.46821, -121.803388, -122.10205, -121.803388, -122.045347, -122.033685, -122.04, -121.803388, -121.803388, -122.28, -122.23, -122.16328, -122.113791, -122.33438, -122.32253, -122.34166, -122.32855, -122.30118, -122.35443, -122.37468, -122.31514, -122.34675, -122.53508, -121.803388, -122.29752, -122.35384, -121.803388, -122.30122, -122.39392, -122.37838, -122.27496, -122.36694, -122.34578, 
-122.30406, -121.803388, -122.30308, -122.3748, -122.33, -121.803388, -121.803388, -121.803388, -121.803388, -122.34461, -122.33441, -122.38803, -121.803388, -122.33, -121.803388, -122.33, -122.30081, -121.803388, -122.35688, -122.33068, -121.803388, -121.803388, -122.33357, -122.30373, -121.803388, -121.803388, -121.803388, -122.33186, -122.33, -122.34943, -122.3027, -122.33, -121.803388, -122.33523, -122.33, -122.36978, -122.24664, -121.803388, -121.803388, -121.803388, -122.27472, -122.25, -121.803388, 
-121.803388, -122.33, -121.803388, -122.315, -122.39758, -122.20222, -122.21792, -122.25064, -122.12723, -122.284785, -121.682271, -122.19797, -122.2, -122.1977, -122.61976, -122.80317, -122.05288, -121.47607, -122.48508, -122.43597, -121.988548, -121.988548, -122.435478, -122.73714, -121.988548, -122.41375, -122.33366, -122.23308, -122.40089, -121.70018, -122.34517, -122.66723, -122.63256, -121.56075, -123.02057, -122.12547, -122.91972, -121.417034, -122.32095, -122.61807, -122.54222, -123.07563, 
-121.66644, -121.82242, -122.57129, -121.9887, -121.50689, -122.50476, -122.06327, -121.682271, -122.44856, -122.88271, -122.66658, -122.058644, -122.45723, -122.247881, -121.43163, -122.1588, -122.21614, -121.93734, -122.35196, -122.24432, -122.30293, -122.335734, -122.65093, -122.655862, -122.81372, -122.91828, -123.05047, -122.48209, -121.48418, -122.16545, -122.96643, -121.682271, -121.41445, -122.03976, -122.050108, -122.38961, -121.76849, -121.78899, -122.20146, -122.11068, -123.02636, -122.69584, 
-122.01544, -124.30909, -122.62371, -122.63493, -122.71293, -122.64915, -122.71309, -121.978279, -122.92868, -122.05255, -122.729304, -121.951, -123.872972, -122.78382, -124.41188, -122.64326, -122.29237, -122.7222, -122.17858, -124.35888, -122.60011, -122.6199, -122.60562, -122.11766, -122.63479, -122.291, -122.7599, -122.57489, -122.53051, -123.872972, -122.222642, -122.62554, -122.51962, -122.113223, -122.76897, -124.62202, -122.77537, -122.113223, -122.54535, -122.31737, -122.0348, -122.29514, 
-124.64076, -122.68794, -122.57159, -122.14691, -121.61674, -123.40628, -123.63765, -122.59122, -122.69416, -122.59905, -122.66335, -122.79736, -122.63041, -122.31577, -122.27131, -122.31864, -122.26012, -122.32247, -122.85233, -121.85094, -122.729304, -122.89456, -124.37144, -123.09916, -122.69055, -122.539637, -122.09819, -122.499139, -122.40517, -122.6005, -122.09356, -122.1887, -122.16, -122.55751, -122.649953, -122.78309, -122.832799, -122.0451, -122.113223, -122.113223, -122.444335, -122.43971, 
-122.45879, -122.4156, -122.46599, -122.49518, -122.50433, -122.44498, -122.48053, -122.113223, -122.113223, -122.113223, -122.113223, -122.482076, -122.43, -122.113223, -122.43, -122.41213, -122.39835, -122.35916, -122.113223, -122.113223, -122.57987, -122.113223, -122.567631, -122.52294, -122.418495, -122.37678, -122.4485, -122.41196, -122.37589, -122.113223, -122.422431, -122.113223, -122.113223, -122.113223, -122.113223, -122.52818, -122.53272, -122.52996, -123.228797, -122.113223, -122.113223, 
-122.113223, -122.100892, -122.48, -122.113223, -122.113223, -122.113223, -122.51, -122.113223, -122.55877, -122.50844, -122.907649, -122.8819, -122.97702, -122.80359, -122.702393, -122.976187, -122.87249, -122.702393, -122.702393, -122.702393, -123.03, -122.99802, -122.75285, -122.78376, -123.81923, -123.298384, -122.8388, -124.02938, -123.95463, -122.88417, -122.85123, -122.95142, -123.01599, -122.53345, -124.16027, -124.14241, -123.6907, -123.1016, -123.2798, -122.702393, -123.40713, -122.74407, 
-123.02536, -122.92935, -124.08111, -123.21175, -123.91732, -123.90189, -123.54788, -123.06888, -123.017043, -123.2739, -122.55585, -123.32595, -123.43097, -123.76903, -124.20789, -123.60332, -122.48668, -122.90699, -123.890317, -123.25649, -124.15607, -122.65346, -124.1974, -123.30578, -123.81031, -122.67573, -123.67708, -123.08647, -122.48754, -123.05308, -122.62556, -123.483596, -123.10538, -122.57616, -123.85214, -124.25814, -123.02078, -122.8326, -123.98121, -122.80083, -123.07403, -122.9827, 
-124.10735, -122.92262, -122.56719, -122.702393, -122.43726, -121.29141, -122.45624, -122.51789, -121.47838, -122.48034, -122.40547, -122.864838, -121.91147, -122.8987, -123.34624, -120.96163, -123.93844, -122.29411, -121.16835, -121.28904, -120.75703, -123.58307, -122.520347, -121.487682, -124.02968, -122.79718, -122.88566, -121.09804, -122.62193, -124.05022, -122.98043, -121.19784, -123.76903, -123.76506, -121.97167, -124.04801, -124.02626, -122.69804, -123.62473, -124.05517, -122.7757, -123.46828, 
-121.91332, -122.66054, -121.5395, -121.57558, -121.286091, -122.663954, -122.69009, -122.62846, -122.57894, -122.66162, -122.57947, -122.66712, -122.520347, -122.520347, -122.520347, -121.14615, -122.28112, -121.47523, -120.94997, -122.70284, -122.39221, -122.51319, -122.51035, -122.52023, -122.68473, -122.63419, -122.520347, -122.353089, -120.32881, -120.25742, -120.520211, -120.37126, -119.75203, -119.66129, -120.12065, -120.48966, -120.08379, -119.98921, -119.75474, -120.5614, -120.35944, -119.57129, 
-119.860117, -120.73874, -119.68939, -120.19929, -119.73538, -119.54481, -120.12934, -119.03268, -120.47681, -120.02851, -120.41354, -119.28455, -119.57656, -119.39066, -120.09326, -119.38169, -119.82091, -119.9395, -120.60457, -119.85868, -119.45276, -120.11338, -119.4624, -120.73348, -119.28312, -119.32169, -120.13051, -119.0672, -119.90423, -118.93303, -119.13921, -120.24261, -120.46481, -120.53102, -120.62097, -120.694658, -120.573967, -120.61762, -120.794978, -120.694658, -120.315141, -120.91733, 
-120.71558, -121.24849, -120.52364, -121.241591, -119.90614, -120.1843, -120.62421, -120.41782, -120.02966, -120.33322, -120.97097, -120.09871, -120.694658, -121.02979, -120.99286, -120.56997, -120.95503, -119.99, -120.71232, -120.75713, -120.33462, -119.98939, -120.46721, -120.7144, -120.26699, -120.993126, -117.59149, -117.29378, -117.60575, -117.37274, -117.48145, -117.93432, -117.24891, -117.67344, -117.18568, -117.82325, -117.595751, -117.431742, -117.15116, -117.85558, -117.13639, -117.08628, 
-117.4959, -117.22306, -117.68812, -117.18352, -117.06934, -117.59325, -117.12007, -117.86164, -117.11319, -117.37449, -117.99082, -117.08133, -117.74582, -117.27054, -117.19993, -117.244981, -118.03661, -117.472694, -117.94318, -117.25208, -118.95554, -117.176954, -118.13247, -118.182764, -117.73437, -117.57306, -117.4092, -117.16133, -117.7671, -119.3827, -118.95862, -118.49343, -118.64475, -117.31689, -118.51457, -118.18938, -119.06531, -118.95248, -117.7293, -117.97348, -117.644337, -116.99158, 
-118.21339, -117.19597, -118.09326, -119.00713, -118.38258, -119.08897, -117.96015, -118.11361, -118.2979, -117.4111, -118.69498, -118.10045, -117.91313, -118.399551, -118.2897, -118.399551, -117.6013, -117.47364, -118.59088, -118.06417, -117.39106, -117.29833, -118.3799, -119.00126, -117.16984, -117.81647, -117.25463, -118.70235, -118.20557, -117.10575, -117.18648, -117.644337, -117.644337, -118.72647, -118.11029, -118.43136, -117.37365, -117.63938, -117.79563, -117.644337, -117.41047, -117.08202, 
-117.29236, -117.74564, -118.70628, -117.43185, -117.37899, -117.40636, -117.43174, -117.43979, -117.25912, -117.38829, -117.43916, -117.793734, -117.431742, -117.431742, -117.30668, -117.282483, -117.431742, -117.431742, -117.21699, -117.33776, -117.4124, -117.431742, -117.431742, -117.35892, -117.49326, -117.431742, -117.431742, -117.431742, -117.431742, -117.431742, -117.431742, -117.431742, -119.09462, -119.094271, -119.901931, -119.911288, -119.47909, -119.93088, -120.25547, -118.87987, -118.38466, 
-118.8823, -118.829153, -117.96887, -118.15325, -119.06888, -118.82892, -117.644337, -118.55652, -119.16369, -119.10456, -119.23982, -118.63676, -119.12107, -119.17443, -119.67687, -119.35637, -117.57295, -118.44876, -119.8857, -119.74507, -119.28137, -119.35457, -119.32, -120.28372, -119.67175, -118.19393, -118.67264, -118.15884, -118.07919, -118.88468, -118.2869, -117.2491, -117.12916, -117.08313, -149.87828, -149.95932, -149.89341, -149.74633, -149.66336, -149.77461, -149.82865, -149.8144, -149.440311, 
-149.878418, -149.800476, -149.808426, -149.88617, -149.440311, -149.88852, -149.77311, -149.93438, -149.88335, -149.440311, -149.440311, -149.440311, -149.440311, -149.440311, -149.440311, -149.98, -149.97, -119.160173, -149.4583, -161.79, -176.63675, -174.19628, -158.74638, -158.62832, -152.88568, -161.42393, -161.22577, -165.88176, -164.65455, -158.62458, -151.73566, -158.88072, -160.21336, -161.88006, -164.25283, -165.57029, -158.4044, -158.53502, -144.14233, -149.42644, -151.3934, -158.55254, 
-162.634, -149.78153, -145.2308, -145.40256, -158.12888, -158.44407, -149.51689, -162.03799, -157.34841, -157.4838, -164.29917, -163.42011, -151.025085, -162.08481, -144.49059, -149.0838, -145.58592, -161.59999, -160.06675, -169.55958, -149.880393, -159.77341, -151.4493, -166.09619, -149.62708, -154.8124, -160.30165, -154.36255, -162.5196, -151.28948, -151.23355, -162.3124, -156.64007, -164.04392, -152.51142, -155.797078, -163.76142, -161.4219, -163.16752, -149.58, -154.00286, -156.84802, -160.37019, 
-155.57265, -159.0558, -149.44, -166.28601, -149.40247, -163.72393, -156.95331, -161.9909, -151.06473, -157.31368, -165.10529, -169.19469, -151.54194, -154.85008, -162.43712, -153.30438, -152.46085, -149.04109, -149.094699, -154.10833, -159.15591, -157.39907, -162.8834, -161.81529, -149.89098, -154.55708, -149.48821, -161.90079, -157.3437, -161.36476, -163.1937, -162.03841, -170.27203, -160.48813, -165.53972, -151.71513, -149.41271, -159.53113, -164.97188, -151.51587, -157.15202, -151.02091, -157.01746, 
-162.27463, -150.74033, -148.69632, -156.10264, -149.87542, -146.68013, -160.50353, -160.96325, -162.66587, -165.25645, -151.14169, -150.37044, -160.76294, -166.52287, -146.2357, -149.99002, -150.07792, -139.71052, -164.81976, -154.41957, -166.5485, -148.54211, -149.79507, -150.57485, -153.40755, -150.719924, -147.72045, -147.02121, -147.6265, -149.17778, -147.3649, -147.937747, -147.405134, -147.856443, -147.87406, -147.535549, -147.38884, -147.49573, -146.91648, -146.898195, -152.6559, -151.72854, 
-145.52768, -156.74891, -147.39743, -148.02197, -151.50508, -161.12225, -148.39873, -144.71982, -145.73, -141.87489, -144.06388, -153.993988, -162.71822, -145.4623, -141.19257, -162.27718, -145.28231, -156.89456, -171.70088, -149.10712, -149.19265, -154.25703, -156.38713, -143.62436, -158.73204, -160.43016, -164.54522, -156.88828, -162.58544, -161.15597, -157.70439, -148.83396, -150.50318, -152.30201, -149.39156, -163.00861, -149.07674, -162.97508, -165.10883, -161.03664, -141.82852, -158.11178, 
-166.76291, -150.1636, -155.48769, -170.4087, -160.01772, -161.16785, -165.73202, -157.14287, -149.10303, -147.82681, -143.35699, -152.08258, -166.35474, -142.5323, -142.93704, -146.41736, -160.02481, -168.08928, -163.44257, -166.51023, -157.86225, -143.72717, -151.02746, -146.27598, -157.41805, -134.54749, -134.58969, -134.617383, -134.197786, -134.4, -134.57222, -134.700348, -134.39781, -136.27833, -135.73088, -135.6122, -135.43154, -133.9323, -136.22032, -132.97354, -135.3227, -132.827948, -135.31355, 
-135.20777, -135.40874, -131.6762, -132.25002, -132.82018, -132.55624, -133.02648, -132.82545, -130.0545, -133.07316, -131.56883, -133.60689, -131.67537, -132.33822, -131.46633)
